Time [s],TGS2620,TGS2602,TGS2603,TGS2610,TGS2611,TGS2600
1,0.1117799041,-0.0010220732,0.0129203662,0.0177046617,0.037243382,0.08464808
2,0.1119132598,-0.001024786,0.0129407073,0.0177352256,0.0372983531,0.0847407839
3,0.1120232623,-0.0010199685,0.0129708367,0.0177637284,0.0373438694,0.0848249608
4,0.1121258508,-0.0010241718,0.0129857184,0.0177890463,0.037383272,0.0848942786
5,0.1122386229,-0.0010199343,0.0129955094,0.0178101732,0.0374170947,0.0849621718
6,0.1123186302,-0.0010197319,0.0130029735,0.0178276332,0.0374450864,0.0850233033
7,0.1124136654,-0.0010116671,0.0130322305,0.0178441664,0.0374844486,0.0850941531
8,0.1124815386,-0.0010125114,0.0130364092,0.0178588193,0.0375003249,0.0851416509
9,0.1125420013,-0.0010148126,0.0130512123,0.0178660298,0.0375184194,0.0851792724
10,0.1125854979,-0.0010150767,0.013072053,0.017870632,0.0375245979,0.0852132226
11,0.1126303394,-0.0010099685,0.0130867006,0.0178778579,0.0375331391,0.0852316467
12,0.1126555598,-0.0010148998,0.0130969023,0.0178835698,0.0375397827,0.0852524291
13,0.1126902232,-0.0010030667,0.0131221533,0.0178959232,0.0375514089,0.0852810089
14,0.1127271654,-0.0010099455,0.0131278657,0.0178965544,0.0375597463,0.0852993564
15,0.1128037757,-0.0010103572,0.0131354244,0.0179121128,0.0375847243,0.0853522113
16,0.1128730772,-0.0010102984,0.0131696715,0.0179247443,0.0376026709,0.0854114527
17,0.1129313721,-0.0010027903,0.0131877163,0.0179328275,0.0376274377,0.0854466151
18,0.1129736332,-0.0010030346,0.0132001838,0.0179423821,0.0376350763,0.0854789001
19,0.1130163941,-0.0010006847,0.0132263901,0.0179490047,0.0376457385,0.0855104039
20,0.1130596268,-0.0009999001,0.0132320791,0.0179541397,0.0376621064,0.0855467438
21,0.1131060093,-0.0009998213,0.0132521487,0.0179652249,0.0376724428,0.0855787012
22,0.1131354877,-0.0009969297,0.0132460991,0.0179679356,0.0376785742,0.085606591
23,0.1131636211,-0.00099455,0.0132714795,0.017969811,0.0376844162,0.0856252224
24,0.1131789263,-0.0009976816,0.0132785919,0.0179670648,0.0376902277,0.0856356219
25,0.1131974459,-0.0009926057,0.0132783411,0.0179736456,0.0376954082,0.0856568462
26,0.1132163799,-0.0009934847,0.0133096319,0.0179748745,0.037702527,0.0856694737
27,0.113277119,-0.0009870785,0.0133224684,0.0179834139,0.037752432,0.0856868677
28,0.1134070944,-0.0009818542,0.0133427467,0.0179996461,0.0378360549,0.0856855823
29,0.1136348631,-0.0009776839,0.0133698128,0.0180309339,0.0379719312,0.0857019287
30,0.1139661587,-0.0009772226,0.0134074385,0.0180659059,0.038149383,0.085712511
31,0.1144617329,-0.0009664669,0.0134504588,0.0181112614,0.0383771438,0.0857293643
32,0.1149277592,-0.000964572,0.0135008514,0.0181551798,0.0385731581,0.0857384238
33,0.1154592067,-0.0009586275,0.0135497785,0.0182071024,0.0387907912,0.085740621
34,0.1160068285,-0.0009493523,0.0135986144,0.0182657036,0.0390073369,0.0857549592
35,0.116695429,-0.0009424941,0.0136710089,0.0183334201,0.0392541837,0.0857643696
36,0.1172722118,-0.0009343937,0.0137367785,0.018400311,0.0394586279,0.0857728389
37,0.1178643648,-0.0009312168,0.0138037061,0.0184764063,0.0396819353,0.0857891345
38,0.118459118,-0.0009133056,0.0138914973,0.0185496617,0.0398959311,0.0857988339
39,0.1190302307,-0.0008950685,0.0139807609,0.0186375534,0.0401053642,0.0858176467
40,0.119712141,-0.0008730452,0.0141005648,0.0187375205,0.0403486206,0.0858380359
41,0.1202659072,-0.0008505927,0.0142301748,0.0188414038,0.0405623144,0.085858057
42,0.1207890744,-0.0008250578,0.0143482142,0.0189409331,0.0407618688,0.0858718085
43,0.1213040574,-0.0007818794,0.0145121318,0.0190497989,0.0409673987,0.085891489
44,0.1217977235,-0.0007419072,0.014659222,0.019158197,0.0411559331,0.0859084244
45,0.1223581114,-0.0006713087,0.0148905438,0.0193007883,0.0413958364,0.0859351428
46,0.1228118747,-0.0006152495,0.0150752746,0.0194238453,0.0416030011,0.085953905
47,0.1232468567,-0.0005486526,0.0152790924,0.0195374831,0.0417868039,0.085980157
48,0.1236282185,-0.0004630615,0.015486279,0.0196611909,0.0419680674,0.086003518
49,0.1240340431,-0.0003799549,0.0157271949,0.0197924666,0.0421754494,0.086040864
50,0.1245258026,-0.0002901158,0.015993984,0.0199301373,0.0424198554,0.0860719092
51,0.124951297,-0.0002240001,0.0162471595,0.020040417,0.0426088487,0.0861067075
52,0.1253686223,-0.0001656211,0.0164794909,0.02012395,0.0427529026,0.086135585
53,0.1257021493,-8.37634000e-5,0.016730839,0.0202051312,0.0428348527,0.0861666639
54,0.1259681607,6.04204000e-5,0.0169981982,0.0202696257,0.0428766176,0.0862178403
55,0.1262778054,0.0002173433,0.0173301937,0.0203388517,0.0429659217,0.0862836577
56,0.1265267266,0.0003173267,0.0175688236,0.0204055487,0.0430740273,0.086326659
57,0.1267864267,0.0003961182,0.0178016551,0.0204634383,0.0431894196,0.0863741718
58,0.1270010332,0.0004841238,0.0180452977,0.0205092897,0.0432460414,0.0864185709
59,0.1272386997,0.0006322998,0.0183464437,0.0205450591,0.0432855106,0.0864916424
60,0.1274985176,0.0007226538,0.0185789201,0.0205722946,0.0433358653,0.0865419066
61,0.1277829878,0.0007695471,0.0187784212,0.0205855498,0.0433881132,0.0866017788
62,0.1280649039,0.0007927738,0.0189716534,0.0206031777,0.0434395174,0.0866610422
63,0.1283741291,0.0007984599,0.0191367781,0.0206105871,0.0435007672,0.0867151215
64,0.1287484552,0.0007970852,0.019328772,0.0206176524,0.043566798,0.0867866493
65,0.1290559782,0.0007845768,0.0194762377,0.0206174612,0.0436124205,0.0868498635
66,0.1293159815,0.0007855713,0.0195989078,0.0206358051,0.0436747792,0.0869156105
67,0.1295873322,0.0007911306,0.0197236431,0.0206685073,0.0437542195,0.0869768191
68,0.1298529685,0.0007927259,0.0198620911,0.0206843215,0.0438186624,0.0870363648
69,0.1301141864,0.0007980377,0.0200227229,0.0207002972,0.0438655194,0.0871118008
70,0.1302941491,0.000811993,0.0201579924,0.0207201718,0.0439153611,0.087172604
71,0.1305082238,0.0008389346,0.0202805283,0.020759225,0.044004894,0.0872280681
72,0.13073264,0.0008548488,0.0204100235,0.0207883523,0.0440729825,0.087297219
73,0.1309189446,0.0008827223,0.0205188898,0.0208108304,0.0441233586,0.0873664669
74,0.1311224155,0.0009479821,0.0206904944,0.0208794232,0.0442458418,0.0874466794
75,0.1312981837,0.0010143611,0.0208402463,0.0209298374,0.0443452515,0.0875120047
76,0.131477316,0.0010952742,0.0209872367,0.0209987064,0.0444667996,0.0875869787
77,0.1317044215,0.001166302,0.0211349057,0.0210666384,0.044594442,0.087659741
78,0.1320126958,0.0012376648,0.0213159657,0.0211441624,0.0447393569,0.087746227
79,0.1322785782,0.0012911748,0.0214592946,0.0212033824,0.0448747314,0.0878158378
80,0.1325445749,0.0013603534,0.0215854899,0.0212722413,0.0449845978,0.0878838232
81,0.132760048,0.0014741756,0.0217735086,0.0213399683,0.0450585822,0.08795427
82,0.1328907018,0.001604282,0.0219794073,0.0213824937,0.0450896865,0.0879868563
83,0.1330121223,0.0018638647,0.022251149,0.0214314468,0.04506519,0.0880350656
84,0.1331608446,0.0020896359,0.0224934717,0.0214744702,0.0451173523,0.0881035387
85,0.133310609,0.0022319177,0.0226854164,0.0215105117,0.0451634192,0.0881784955
86,0.1333628244,0.0023753485,0.0229027853,0.0215158189,0.0451055625,0.0882611152
87,0.1333270113,0.0025542079,0.0230933196,0.0215008957,0.0449506977,0.0883512646
88,0.133207712,0.0026897981,0.0233532492,0.0214423916,0.0447139396,0.0884588539
89,0.1330853415,0.0027348108,0.0234822563,0.0213809763,0.0444918937,0.0885644066
90,0.1329223588,0.0027286902,0.023619596,0.0213107518,0.0442697151,0.0886584422
91,0.1327365741,0.0026864074,0.0237023725,0.021241575,0.044075491,0.0887617729
92,0.1325239247,0.0026308715,0.0237982975,0.0211665359,0.0438805728,0.0888512103
93,0.1322389322,0.0025592225,0.0238634179,0.021097208,0.043676581,0.0889726849
94,0.1319836375,0.0024921129,0.0238931938,0.0210283577,0.043515998,0.0890603611
95,0.1317241888,0.0024240502,0.0239464714,0.0209797413,0.0433859524,0.0891515672
96,0.1314600924,0.0023591885,0.0239589241,0.020928288,0.0432538674,0.0892394733
97,0.1312117269,0.0023126107,0.0240267792,0.0208853857,0.04313793,0.0893273994
98,0.1309079421,0.0022467293,0.0240307392,0.0208357188,0.0430093902,0.0894271248
99,0.1306654451,0.0022020902,0.0240332347,0.0208008847,0.0429213015,0.0895060112
100,0.1304078802,0.00215994,0.0240705432,0.0207671729,0.0428298778,0.089590284
101,0.1301501958,0.002124948,0.0241138099,0.0207373189,0.0427511024,0.0896746628
102,0.1298374065,0.0020794443,0.0241073512,0.020699214,0.0426503917,0.0897768656
103,0.1295792013,0.0020471702,0.0240992305,0.0206686735,0.0425556667,0.0898575202
104,0.1293054822,0.0020035247,0.024084097,0.0206191803,0.042418473,0.0899403814
105,0.1289843983,0.0019658297,0.0240329273,0.0205634065,0.0422644847,0.0900269571
106,0.1285955899,0.0019104341,0.0239728027,0.0204972045,0.0420914867,0.0900958529
107,0.128116493,0.0018147776,0.0238693806,0.0204011099,0.0418849698,0.0901861857
108,0.1276910712,0.0016998709,0.023764847,0.020322809,0.0417120255,0.0902341175
109,0.1272935043,0.0015798891,0.0236203808,0.0202386424,0.0415502678,0.0903023413
110,0.1269009643,0.0014390648,0.0234812645,0.0201508756,0.0413950852,0.0903472086
111,0.1264986854,0.0012967787,0.0232849368,0.0200738069,0.0412454393,0.0903766133
112,0.1260296618,0.0011287565,0.0230502313,0.0199660611,0.0410669197,0.0903677163
113,0.1256558385,0.0010005576,0.0228536665,0.0198854063,0.0409329141,0.0903570608
114,0.1252737014,0.0008851829,0.0226587705,0.0198042103,0.0407911572,0.0903281711
115,0.1248955699,0.0007785851,0.0224610438,0.0197335542,0.040666886,0.0902933857
116,0.124521757,0.0006733625,0.0222935784,0.0196592762,0.0405388803,0.0902526228
117,0.1241147262,0.0005477057,0.0220624421,0.0195847085,0.0404116644,0.0902156345
118,0.1237993278,0.0004565837,0.0218721179,0.0195179044,0.0403026399,0.0901873954
119,0.1234750968,0.0003693993,0.0217212636,0.0194580576,0.0402069061,0.0901534452
120,0.1231517255,0.0002739708,0.0215150138,0.0193947811,0.0401053185,0.0901051246
121,0.1228241065,0.0001749172,0.0212900739,0.0193316525,0.0400105421,0.0900583008
122,0.1225788222,8.59136000e-5,0.0210902811,0.0192839599,0.039937759,0.0900249291
123,0.1223178694,8.84670000e-6,0.0208796982,0.0192358803,0.039866931,0.0899791249
124,0.1220520208,-6.87839000e-5,0.0206905251,0.0191847121,0.0397914191,0.0899217824
125,0.1218060116,-0.0001384253,0.0205207353,0.0191432748,0.0397249902,0.0898535933
126,0.1215639803,-0.0002194134,0.0202683737,0.0191067909,0.0396827394,0.089753423
127,0.1213706919,-0.0002789314,0.0200710064,0.0190761575,0.0396368765,0.0896758365
128,0.1211537783,-0.0003337146,0.0199110744,0.0190437094,0.0395856982,0.0896028107
129,0.1209638318,-0.00038552,0.0197393865,0.0190197583,0.0395432288,0.0895405791
130,0.1207801318,-0.0004370142,0.0195691778,0.0189880135,0.0394978799,0.0894860066
131,0.1205349146,-0.0004918063,0.0193804887,0.0189551488,0.039436526,0.0894145086
132,0.1203295451,-0.000530594,0.0192187429,0.0189247304,0.0393746919,0.0893477488
133,0.1201269894,-0.0005674428,0.0190547494,0.0188867413,0.0393099853,0.0892909467
134,0.1199124838,-0.0005992365,0.0188961318,0.0188463907,0.0392502983,0.0892210403
135,0.1197182012,-0.0006355374,0.0187490668,0.0188124333,0.0391912108,0.0891584535
136,0.1194795412,-0.0006748076,0.0185502561,0.0187643451,0.0391183121,0.0890953998
137,0.1192857788,-0.0007054317,0.0184199677,0.0187317709,0.0390597644,0.0890132624
138,0.1190973465,-0.0007325823,0.0182755015,0.0187013382,0.0390142731,0.0889463874
139,0.118909627,-0.0007608855,0.0181473311,0.0186689486,0.0389586185,0.0888632238
140,0.118720845,-0.0007843656,0.0179943405,0.0186317494,0.0389108088,0.0887706445
141,0.1185147986,-0.0008077856,0.0178814283,0.0185999542,0.0388558883,0.0886756019
142,0.1183573975,-0.000819747,0.0177510531,0.0185747525,0.0388253351,0.0885877768
143,0.1182023036,-0.0008325094,0.0176222525,0.0185559304,0.0387995983,0.0885152492
144,0.1180366995,-0.0008542024,0.017521669,0.0185330217,0.0387618188,0.0884291166
145,0.1178491054,-0.0008657877,0.0173861218,0.0185014033,0.038713703,0.0883189668
146,0.1176867121,-0.0008771066,0.0172717247,0.0184686985,0.0386640246,0.0882226392
147,0.1175340606,-0.0008877367,0.0171883794,0.0184530837,0.0386235093,0.0881391753
148,0.1173716635,-0.000898029,0.0170704118,0.0184195846,0.0385779427,0.0880412944
149,0.1172194478,-0.0009062255,0.0169874408,0.0183964186,0.0385418896,0.0879483545
150,0.1170579969,-0.000915774,0.0168949268,0.0183672085,0.0384933369,0.0878448756
