Time [s],TGS2620,TGS2602,TGS2603,TGS2610,TGS2611,TGS2600
1,0.1196312699,-0.0010356751,0.0122740581,0.0177473668,0.0372023715,0.0919788001
2,0.119663254,-0.0010170308,0.0123425386,0.0179110853,0.0374355092,0.0919088071
3,0.1196620234,-0.0009995354,0.0123853756,0.018059882,0.0376388232,0.0918700484
4,0.120222945,-0.0009797709,0.0124355805,0.018198376,0.0378199756,0.0918123878
5,0.119630072,-0.0009676094,0.0125080697,0.0183383544,0.0380136681,0.0917577466
6,0.1196642848,-0.0009613273,0.0125530853,0.0184446745,0.038151007,0.0917117176
7,0.1196612291,-0.0009554174,0.0125905871,0.0185361425,0.0382759495,0.0916616283
8,0.1202228059,-0.0009491973,0.0126502638,0.0186173461,0.0383810001,0.0916198639
9,0.1196317358,-0.0009407735,0.0127042704,0.0187149052,0.0385147481,0.0915822333
10,0.1196633464,-0.0009384027,0.0127447108,0.0187858576,0.0386145504,0.09154016
11,0.1196626717,-0.0009385191,0.0127897028,0.0188524338,0.0387037613,0.0915110123
12,0.1202236735,-0.0009382202,0.0128431612,0.0189033158,0.038780014,0.0914796985
13,0.119630158,-0.0009330229,0.0128876333,0.0189613265,0.0388662224,0.0914470886
14,0.119664132,-0.000936606,0.0129296179,0.019024978,0.0389497981,0.0914103385
15,0.1196625295,-0.0009358797,0.0129641309,0.0190721452,0.0390274737,0.0913657428
16,0.1202221913,-0.0009391284,0.0130175264,0.0191151364,0.0390947225,0.0913037072
17,0.1196641586,-0.0009313124,0.01304985,0.019160879,0.0391581935,0.0912520822
18,0.1196623333,-0.0009327363,0.0130926522,0.0192005478,0.0392231603,0.0912095037
19,0.1202232481,-0.0009365342,0.0131368245,0.0192484177,0.0392896889,0.0911693366
20,0.1196315177,-0.0009398733,0.0131768778,0.0192801292,0.0393461171,0.0911402803
21,0.1196639768,-0.0009370393,0.0132083363,0.0193104699,0.0394025303,0.0911005407
22,0.1196611123,-0.0009347344,0.0132356341,0.0193443627,0.0394463055,0.09106663
23,0.1202228824,-0.0009343348,0.0132855813,0.0193755144,0.0395053085,0.0910434399
24,0.1196301182,-0.0009393782,0.0133352084,0.019408268,0.0395580059,0.0910146096
25,0.1196640081,-0.000934349,0.013373501,0.0194351847,0.0396049241,0.0910001794
26,0.119662563,-0.0009360818,0.0133970399,0.0194570685,0.0396430836,0.0909765881
27,0.1202227102,-0.0009273353,0.0134340869,0.019496928,0.0397176612,0.090983974
28,0.1196301384,-0.0009144572,0.013485137,0.0195492504,0.0398633442,0.0909832002
29,0.1196628772,-0.0009105339,0.01354766,0.0196044086,0.0400409664,0.0909846971
30,0.1196627144,-0.0009071299,0.0136320065,0.019653524,0.0402309692,0.0909734358
31,0.1202227226,-0.0008958131,0.0136860149,0.019712607,0.0404271401,0.0909610022
32,0.1207990715,-0.0008940159,0.0137351664,0.0197620638,0.0406276772,0.0909302359
33,0.1215470412,-0.0008904739,0.0138157157,0.0198175035,0.0408565134,0.0909090105
34,0.1221828028,-0.0008922016,0.0138530465,0.0198699149,0.0410513267,0.0908822257
35,0.1228371189,-0.0008941634,0.0139223749,0.0199191647,0.0412428835,0.0908473439
36,0.1234967989,-0.0008887855,0.0139839528,0.0199747207,0.0414263572,0.0908253505
37,0.1241467561,-0.0008855505,0.0140494642,0.0200379576,0.0416122684,0.0908181533
38,0.1249726033,-0.0008779149,0.0141270946,0.0201172916,0.0418406764,0.0907944879
39,0.1256462283,-0.000874451,0.0142291852,0.0201896004,0.0420218437,0.0907794968
40,0.1263056215,-0.0008653606,0.0143242957,0.0202613199,0.0421945724,0.0907485161
41,0.1269537933,-0.0008544789,0.0143990151,0.0203351181,0.042365431,0.0907310527
42,0.1275576002,-0.0008426011,0.0145163837,0.0204054931,0.0425245049,0.090709514
43,0.1282375658,-0.000817798,0.0146480123,0.0204804264,0.042696842,0.090686083
44,0.1287779694,-0.0008006284,0.0147577186,0.0205524556,0.0428455243,0.0906623038
45,0.1292991044,-0.0007771185,0.0148760521,0.020621623,0.0429870262,0.09064307
46,0.1298101864,-0.0007505987,0.0150434457,0.0206945229,0.0431243164,0.0906227924
47,0.1302828726,-0.0007206768,0.0151828152,0.0207721192,0.0432653398,0.0906048671
48,0.1308543565,-0.0006794687,0.0153590113,0.0208735479,0.043444185,0.0905891789
49,0.1313044596,-0.0006383271,0.0155200197,0.020946239,0.0435815101,0.0905855784
50,0.1317341277,-0.0005928206,0.0156858008,0.0210285064,0.0437213539,0.090571852
51,0.1321476697,-0.0005419172,0.0158895797,0.0211163111,0.0438655863,0.090565624
52,0.1326185989,-0.0004715988,0.0161047368,0.0212330159,0.0440621287,0.0905553757
53,0.1330125818,-0.000397564,0.0163224618,0.0213281238,0.0442263111,0.0905591711
54,0.133354016,-0.0003068294,0.0165553421,0.0214231942,0.0443625022,0.0905623322
55,0.1336602681,-0.0001878833,0.0168203219,0.0215142768,0.0444946614,0.0905652141
56,0.1339359139,-6.13944000e-5,0.0170794263,0.0216150615,0.0446461329,0.090573785
57,0.1342592556,9.58480000e-5,0.0174213512,0.0217287718,0.0448398283,0.0905934505
58,0.1345606776,0.0002053714,0.0176946364,0.0218117831,0.0449977338,0.0906075998
59,0.13484966,0.000293006,0.0179995962,0.0218829484,0.0451085296,0.0906400128
60,0.1350827559,0.0004029012,0.0182593231,0.0219434876,0.0451939529,0.0906648179
61,0.1353298463,0.0005155503,0.0185649395,0.0220028647,0.0452821713,0.0907010694
62,0.1355548852,0.0006412842,0.0188906246,0.0220537991,0.0453432472,0.0907296612
63,0.1357699822,0.0007353319,0.0191580901,0.0220908807,0.0454050941,0.090763065
64,0.1359842313,0.0008076851,0.0194248897,0.0221308565,0.0454446178,0.0908087168
65,0.1361380766,0.0008898929,0.0196820101,0.0221435857,0.0454353382,0.0908550066
66,0.1362474392,0.0010394729,0.019974753,0.0221588923,0.0454186716,0.090902187
67,0.1364134234,0.0012042327,0.0203152099,0.0221914248,0.0454531117,0.0909430922
68,0.1365469282,0.0013402226,0.0206110925,0.0222217149,0.0454697768,0.0909919188
69,0.1366935726,0.0014632677,0.0209162109,0.0222533709,0.0455183587,0.0910507717
70,0.1368904796,0.0015416066,0.0211509838,0.0222929286,0.0455932902,0.0910979426
71,0.1371389315,0.001618229,0.0214749319,0.0223541139,0.0457134312,0.0911711818
72,0.1373577648,0.0016693446,0.0217418577,0.0223981088,0.0458203106,0.0912514442
73,0.1375514657,0.0017211329,0.0219601194,0.0224544069,0.045942547,0.0913391007
74,0.1377638607,0.0017602065,0.0222053129,0.022501067,0.0460694509,0.0914353813
75,0.1380256293,0.0017677089,0.0223986923,0.0225476001,0.0461973788,0.0915218453
76,0.1383409892,0.0017263024,0.0225992605,0.022575021,0.0462929604,0.091601328
77,0.1386072278,0.0016708911,0.0227604093,0.0225936406,0.0463469894,0.0916767156
78,0.1388667737,0.0016117704,0.0228791627,0.0226022887,0.0463951396,0.0917602536
79,0.1391471578,0.0015570137,0.0229949502,0.0226201332,0.0464427436,0.0918251321
80,0.1393840391,0.0015244726,0.0231238961,0.0226408897,0.0464823427,0.0918885339
81,0.1395883072,0.0015359741,0.0233172579,0.0226663776,0.0465047435,0.0919753836
82,0.1396808987,0.0015366461,0.0234215625,0.0226670624,0.0464672574,0.0920719129
83,0.1397014968,0.001524434,0.0235270893,0.0226414864,0.0463564094,0.092180514
84,0.1396407105,0.0015046619,0.0236134559,0.0225954872,0.0462089009,0.0922681072
85,0.1395338542,0.0014770149,0.0236661564,0.0225401805,0.0460441064,0.0923500941
86,0.1393347151,0.0014380216,0.0237607824,0.0224714151,0.0458494558,0.0924392795
87,0.1391513164,0.0014027011,0.023804037,0.0224068245,0.0456869633,0.0925322116
88,0.1389386172,0.001369191,0.0238634575,0.0223564433,0.0455443121,0.0926425781
89,0.1387248821,0.0013372928,0.0238797697,0.0223053614,0.0454109628,0.092735092
90,0.1385073417,0.0013060321,0.0239071789,0.0222567749,0.0452889047,0.0928154408
91,0.138248134,0.0012791103,0.023965668,0.0222149377,0.0451706129,0.092893985
92,0.1380372447,0.0012596403,0.0240040534,0.0221826242,0.0450791882,0.0929819588
93,0.137825456,0.0012427133,0.0240473089,0.0221577239,0.0450067839,0.0931696473
94,0.1376263053,0.0012265401,0.0240579655,0.0221279382,0.0449297385,0.0932983726
95,0.1374038891,0.001211645,0.0241236553,0.0221008925,0.0448614214,0.0934037213
96,0.1372157999,0.0011950274,0.02414794,0.0220781988,0.0448071217,0.0934902087
97,0.1370458368,0.001193936,0.0241703782,0.0220679204,0.0447645575,0.0935675401
98,0.1368780559,0.0011735815,0.0242205459,0.0220451254,0.0447173075,0.0936408828
99,0.136721819,0.0011695854,0.0242637247,0.0220298982,0.0446771508,0.0937037785
100,0.1365348792,0.001153765,0.024272094,0.0220083336,0.0446283109,0.0937581698
101,0.1363647884,0.0011396595,0.0243025765,0.0219955137,0.0445891482,0.0937932537
102,0.1361846649,0.0011280803,0.0243099669,0.0219742084,0.044542978,0.0938543013
103,0.1360081105,0.001117666,0.0243423952,0.0219539782,0.0445018693,0.0938975723
104,0.1358237496,0.001098027,0.0243312424,0.0219368852,0.0444578715,0.093938141
105,0.1355062637,0.0010807918,0.0243442151,0.0219051466,0.044353388,0.0939832149
106,0.1351544966,0.0010616395,0.0243414594,0.0218526056,0.044214189,0.0940150019
107,0.1347518868,0.0010386231,0.0243333678,0.0217799901,0.0440349347,0.0940600099
108,0.1343012181,0.0010056636,0.0242956565,0.0216959356,0.0438458425,0.0940803111
109,0.1338327206,0.0009544111,0.0242387185,0.0215991741,0.04364656,0.0940992809
110,0.1332810165,0.0008806895,0.0241843776,0.0214728644,0.0434155213,0.0941043034
111,0.1328114734,0.0008152017,0.0240850423,0.0213688347,0.0432195373,0.0941045667
112,0.1322754775,0.0007417138,0.023996468,0.0212528115,0.0430033338,0.0940706676
113,0.1317089202,0.00067107,0.0238886813,0.0211250791,0.0427708497,0.0940404829
114,0.1310891322,0.0005811402,0.0237442126,0.0209687774,0.0425357154,0.0939957185
115,0.1306141861,0.0005054874,0.02360155,0.0208541961,0.042359759,0.0939346096
116,0.1301455249,0.000419472,0.0234228511,0.0207328238,0.0421809383,0.0938496732
117,0.1296725985,0.000332765,0.0232441042,0.0206264329,0.0420272604,0.0937501832
118,0.1292049473,0.0002422009,0.0230697675,0.0205310143,0.0418850867,0.0936578122
119,0.1286660826,0.0001479759,0.0228398454,0.020423205,0.0417376455,0.0935711483
120,0.1282264248,7.78235000e-5,0.0226956833,0.0203356633,0.0416080129,0.0934733387
121,0.1278116305,1.06461000e-5,0.0225175916,0.0202613419,0.0414966231,0.0933567306
122,0.1273883114,-4.73197000e-5,0.0223329557,0.0201871135,0.0413833453,0.0932653378
123,0.1269824669,-9.84827000e-5,0.0221759068,0.0201127351,0.0412757308,0.0931697963
124,0.1265359836,-0.0001642111,0.0219686367,0.0200250843,0.0411618567,0.0930542794
125,0.1262195123,-0.0002153742,0.0218025122,0.0199688248,0.0410885114,0.0929454081
126,0.1258789697,-0.0002576957,0.0216545855,0.0199092159,0.0410061355,0.0928117842
127,0.1255227104,-0.0003024339,0.0214893956,0.0198512619,0.0409027897,0.0927046418
128,0.1251363203,-0.0003517534,0.0212910741,0.0197751985,0.0407859818,0.0925917076
129,0.1247006071,-0.0004011359,0.0210736988,0.0196990461,0.040670153,0.0924733757
130,0.1243408008,-0.0004451642,0.0209225976,0.0196326703,0.0405613153,0.092363374
131,0.123977347,-0.0004796152,0.0207533919,0.0195688382,0.0404474126,0.0922341201
132,0.1236125043,-0.0005269621,0.0205809521,0.0194976593,0.0403432147,0.0921455818
133,0.1232681787,-0.0005660133,0.0204185999,0.0194365688,0.0402486054,0.0920599743
134,0.1228548531,-0.0006155358,0.0202311157,0.0193666332,0.0401415405,0.0919633876
135,0.1225348911,-0.0006489106,0.0200814665,0.0193081619,0.0400518647,0.0918782977
136,0.1222034644,-0.0006873903,0.0199130642,0.019239553,0.0399558615,0.0917738438
137,0.1218718413,-0.0007245329,0.0197476183,0.0191818958,0.0398635052,0.0916871823
138,0.121464003,-0.000766247,0.0195571262,0.0191049242,0.0397384774,0.0915981962
139,0.1211269586,-0.0008001646,0.0194214071,0.0190497994,0.0396525365,0.0915132632
140,0.120824809,-0.0008314362,0.0192515392,0.0189886086,0.0395738492,0.0914225739
141,0.1205201406,-0.0008571303,0.0191080373,0.0189283799,0.0394798437,0.0913029443
142,0.1202395742,-0.0008832669,0.0189710289,0.0188778278,0.0394148708,0.0912185551
143,0.1199312735,-0.0009001753,0.0188226412,0.0188292005,0.0393526153,0.0911304899
144,0.1196703573,-0.0009275156,0.018706747,0.0187960596,0.0392934447,0.0910413048
145,0.1194147252,-0.0009394785,0.018563065,0.0187590035,0.0392399452,0.0909435251
146,0.1191691758,-0.0009587415,0.0184587434,0.0187226947,0.0391865826,0.0908571623
147,0.1189383354,-0.0009681855,0.018339155,0.0186939914,0.0391355845,0.0907848354
148,0.1186661696,-0.0009853914,0.0182569884,0.0186538121,0.0390701291,0.0907094917
149,0.1184373503,-0.0010001469,0.0181224214,0.018618235,0.0390175194,0.0906315358
150,0.1182200837,-0.0010077401,0.0180007183,0.018586739,0.0389732064,0.0905506349
