Time [s],TGS2620,TGS2602,TGS2603,TGS2610,TGS2611,TGS2600
1,0.1079729083,-0.0010405467,0.0141485038,0.0170600239,0.0364274626,0.0817514915
2,0.1079628275,-0.0010419186,0.0141434729,0.017059512,0.0364231017,0.0817388195
3,0.107949486,-0.0010445715,0.0141601157,0.0170591795,0.0364204695,0.0817369409
4,0.1079399681,-0.0010390662,0.0141625143,0.0170531145,0.0364177097,0.0817286036
5,0.1079314428,-0.0010384717,0.01417083,0.0170587433,0.0364196535,0.0817247302
6,0.107921207,-0.0010387836,0.0141904283,0.0170531384,0.0364207881,0.0817263481
7,0.1079106293,-0.0010413766,0.0141893091,0.0170551515,0.0364195231,0.0817189193
8,0.1079011391,-0.0010377891,0.0142015771,0.0170489321,0.0364168728,0.0817157508
9,0.1078944529,-0.0010316734,0.0142069089,0.017051941,0.0364172585,0.0817042167
10,0.1078772719,-0.0010332152,0.0142201268,0.017054344,0.036414085,0.081700226
11,0.1078642167,-0.0010298895,0.014215063,0.0170515154,0.0364106693,0.0816946852
12,0.1078481682,-0.0010335849,0.0142129897,0.0170461403,0.0364089385,0.0816822407
13,0.1078417879,-0.0010276235,0.0142388153,0.0170486802,0.0364044013,0.081667635
14,0.107815152,-0.0010269139,0.014234548,0.0170425028,0.0363973668,0.0816549049
15,0.1077898023,-0.0010311368,0.0142298403,0.0170430869,0.0363946059,0.0816435932
16,0.1077743809,-0.0010310375,0.0142493395,0.0170381814,0.036390262,0.0816278231
17,0.1077536548,-0.0010279207,0.0142451121,0.0170330327,0.0363823607,0.0816179073
18,0.1077356512,-0.0010268087,0.0142589628,0.017028295,0.0363717185,0.0815975938
19,0.1077163633,-0.0010250346,0.0142638857,0.0170285215,0.036372769,0.0815810598
20,0.1076936382,-0.0010273528,0.014289178,0.0170223504,0.0363691336,0.0815761168
21,0.1076841783,-0.001023456,0.014280829,0.0170264654,0.0363666616,0.0815696174
22,0.1076714087,-0.0010233408,0.0142826928,0.0170214786,0.0363649921,0.081561598
23,0.1076607474,-0.0010207063,0.0142970224,0.0170207334,0.0363634943,0.0815489603
24,0.1076446984,-0.0010170481,0.0143173213,0.017019994,0.0363608148,0.0815393525
25,0.1076735901,-0.0010081079,0.0143302507,0.0170406212,0.0364176077,0.0815298542
26,0.1077806233,-0.0009963317,0.0143452517,0.0170714968,0.0365200916,0.081524978
27,0.1079710969,-0.0009915484,0.0143852899,0.0171177706,0.0366511472,0.0815168828
28,0.1082200313,-0.0009881767,0.0144203545,0.0171583759,0.0367891864,0.0815156131
29,0.1085187378,-0.0009812081,0.0144531002,0.0172086781,0.0369415338,0.0814970967
30,0.1089269243,-0.0009823224,0.0144908449,0.0172570763,0.0371027132,0.0814910393
31,0.1092653694,-0.0009789592,0.0145237865,0.0173034565,0.0372360237,0.0814871064
32,0.1096226039,-0.0009812017,0.0145649236,0.0173390242,0.0373700645,0.0814846157
33,0.1099910435,-0.0009750437,0.0145934603,0.0173844525,0.0374884698,0.0814861495
34,0.1103528019,-0.0009777037,0.0146432164,0.0174224833,0.0375957406,0.081467666
35,0.1108122535,-0.0009736557,0.0146705648,0.0174696015,0.0377284635,0.0814561983
36,0.1111811977,-0.0009730479,0.0147051182,0.0175160169,0.0378452253,0.081453845
37,0.1115573508,-0.000973657,0.0147644539,0.0175652317,0.0379649022,0.081455673
38,0.1119468667,-0.0009697373,0.0148110231,0.0176187223,0.0380919199,0.0814583436
39,0.1123259166,-0.0009653815,0.0148633608,0.0176746752,0.0382193272,0.0814492074
40,0.11277124,-0.0009541463,0.0149344936,0.0177339024,0.0383679418,0.0814590766
41,0.1131393859,-0.0009403341,0.0150354725,0.0177955566,0.0385097011,0.081453307
42,0.1134674906,-0.0009221835,0.0151214262,0.0178458768,0.0386394796,0.0814571495
43,0.1137956305,-0.0008997898,0.0152105655,0.0179064326,0.0387810131,0.0814677026
44,0.1141637352,-0.0008749566,0.0153320445,0.0179653152,0.0389267256,0.0814658625
45,0.1144420863,-0.0008458423,0.0154153301,0.0180052731,0.0390227465,0.0814740633
46,0.114653228,-0.0008067425,0.0155513652,0.0180575323,0.0391105425,0.0814804413
47,0.114860694,-0.0007426278,0.0156798114,0.0181269642,0.0392411831,0.0814924878
48,0.1151008691,-0.0006922346,0.0158366425,0.0181822079,0.0393602752,0.0815028946
49,0.115380587,-0.000645845,0.0159802644,0.0182221327,0.039472679,0.0815219942
50,0.1156099566,-0.0006175429,0.0161208243,0.0182573143,0.0395534188,0.0815447837
51,0.1158324623,-0.0005861234,0.0162675523,0.0182972188,0.0396486837,0.0815696912
52,0.1160690296,-0.0005623451,0.0164260253,0.0183277466,0.0397393529,0.0815874935
53,0.1162848208,-0.0005457484,0.0165498403,0.0183521432,0.0398068971,0.0816149251
54,0.1165367872,-0.0005237682,0.0167363956,0.0183939729,0.0398989703,0.0816433007
55,0.1167717606,-0.0004976989,0.0169140354,0.0184177609,0.0399687738,0.0816652394
56,0.1169827578,-0.0004733502,0.0170729827,0.0184522621,0.0400290997,0.081700988
57,0.1171973891,-0.0004431947,0.0172626772,0.0184993167,0.0401250873,0.081736095
58,0.1174149989,-0.0004202451,0.0174501381,0.018551978,0.0402066305,0.0817731361
59,0.1176630851,-0.0003804422,0.0177042281,0.0186221404,0.040313287,0.0818245506
60,0.1178423431,-0.0003393419,0.0179546346,0.0186641692,0.0403502078,0.0818700922
61,0.1179606956,-0.0002867977,0.01814795,0.0187083634,0.0403299106,0.0819225286
62,0.1180137662,-0.0002256216,0.0183501937,0.0187240748,0.0402634103,0.0819801924
63,0.1180254611,-0.0001468387,0.0185649875,0.0187282399,0.0401736354,0.0820365276
64,0.1180071899,-5.90345000e-5,0.018832805,0.0187500494,0.0401196253,0.0821157654
65,0.1180079238,-1.96280000e-6,0.0190591977,0.0187801902,0.0401448525,0.0821705042
66,0.1179906165,4.14534000e-5,0.0192675281,0.0188004293,0.0401353679,0.0822329461
67,0.1179413518,8.58666000e-5,0.0194872854,0.0187993053,0.0400747211,0.082287273
68,0.1178580558,0.0001401631,0.0197510784,0.0187977955,0.0400086,0.0823585843
69,0.1177951925,0.0001770918,0.0199461863,0.0188093881,0.0399862793,0.0824153891
70,0.1177278885,0.000211305,0.020162302,0.0188216038,0.0399765592,0.082482101
71,0.1176826815,0.0002409957,0.0203757307,0.0188244176,0.0399741418,0.0825391628
72,0.1176403928,0.0002651883,0.0205689797,0.0188326833,0.0399714955,0.0825965595
73,0.1175744918,0.0002963958,0.0207914967,0.0188389052,0.0399477796,0.0826721722
74,0.1175228901,0.0003261937,0.0209785277,0.0188425521,0.0399245419,0.0827403647
75,0.117503235,0.0003494178,0.021163654,0.0188588297,0.0399476903,0.0828102888
76,0.1175003749,0.0003673237,0.0213379834,0.01886555,0.0399670023,0.0828741154
77,0.1174858105,0.0003949887,0.0215370278,0.0188805921,0.0399588753,0.0829425157
78,0.117473472,0.0004367566,0.0217314667,0.0188743922,0.039925721,0.0830235409
79,0.1174648034,0.0004945131,0.0218908097,0.018865982,0.0398862701,0.0831027288
80,0.1174445747,0.0005628724,0.0220227687,0.0188449429,0.0398224678,0.0831694291
81,0.1174054446,0.000650222,0.0221658487,0.0188272342,0.0397633919,0.0832565025
82,0.1173550607,0.000734211,0.0222751166,0.0188048681,0.0397043477,0.0833404138
83,0.1173002694,0.0008176958,0.0224544318,0.0188044261,0.0396638867,0.0834402205
84,0.1172475051,0.0008487348,0.0225596364,0.0187893522,0.0396252823,0.0835197498
85,0.1171858606,0.0008627897,0.0226747495,0.0187805637,0.0395781862,0.0836085965
86,0.11711046,0.0008525524,0.0227636537,0.0187599546,0.0395358196,0.0836821899
87,0.1170401376,0.0008506323,0.022843183,0.0187447556,0.0394840268,0.0837635489
88,0.1169415208,0.0008256641,0.0229146172,0.0187181486,0.0394305381,0.0838476752
89,0.1168730537,0.0008115806,0.0229885889,0.0187028293,0.039385333,0.0839220591
90,0.1168052307,0.0007930638,0.023064643,0.01868678,0.0393517043,0.0839955907
91,0.1167427802,0.0007796925,0.0231002158,0.0186732179,0.039317679,0.0840664213
92,0.1166637742,0.0007628374,0.0231806156,0.0186529681,0.0392800942,0.0841559353
93,0.1166129634,0.0007582697,0.0232435147,0.0186465621,0.0392577119,0.0842252614
94,0.1165553734,0.0007409045,0.0232897256,0.0186363342,0.039242329,0.084300927
95,0.116499852,0.000728062,0.023331535,0.0186268675,0.0392169809,0.084362068
96,0.1164578595,0.0007224592,0.0233935542,0.0186184326,0.0391977465,0.0844160415
97,0.1164015671,0.0007101721,0.0234403259,0.018607383,0.0391827446,0.0844868519
98,0.1163574572,0.0006987112,0.0234886114,0.0186043671,0.0391730523,0.0845436225
99,0.1163222451,0.0006902451,0.0235277909,0.0185960998,0.0391572034,0.0846050902
100,0.1162956792,0.0006838234,0.0235593906,0.0185896403,0.0391453491,0.0846541267
101,0.1162679104,0.0006769618,0.0235857679,0.0185923642,0.0391478294,0.0847170697
102,0.116227491,0.0006664226,0.0236377367,0.0185870224,0.0391367382,0.0847851839
103,0.1161745854,0.0006641441,0.0236931194,0.0185862589,0.039131677,0.0848389585
104,0.1161260669,0.0006616722,0.0237202826,0.0185883536,0.0391262385,0.0848882838
105,0.1160748125,0.0006549072,0.0237327462,0.0185920999,0.0391164877,0.0849501486
106,0.1159736863,0.000639798,0.0237545909,0.0185705042,0.0390612649,0.0849951383
107,0.1157962419,0.000624714,0.0237469103,0.0185408384,0.038955419,0.0850487198
108,0.1155963932,0.000599232,0.0237221656,0.0184924568,0.038829964,0.0850659852
109,0.1153853467,0.0005531869,0.0236712257,0.018449047,0.0387220002,0.0851010989
110,0.1151614721,0.0004870066,0.0235728842,0.0183930608,0.0386101552,0.0851121582
111,0.1148938484,0.0003988603,0.0234575121,0.0183324522,0.0384901133,0.085090019
112,0.1146760213,0.0003251397,0.0233196578,0.0182781263,0.0383973201,0.0850825526
113,0.1144722105,0.0002597703,0.023155367,0.0182314628,0.0383177487,0.0850545743
114,0.1142736233,0.0001852107,0.0230118028,0.0181839329,0.0382489823,0.085019097
115,0.1140705975,0.0001177245,0.0228488672,0.0181405716,0.038166802,0.084977252
116,0.1137984595,4.28247000e-5,0.0226579709,0.0180785867,0.0380550773,0.0849260282
117,0.1135926701,-2.35454000e-5,0.0224681324,0.0180364835,0.0379967802,0.0848659799
118,0.1134173676,-8.47848000e-5,0.0222696834,0.0180032098,0.0379524079,0.0848222607
119,0.113263537,-0.000148789,0.0221056155,0.0179813814,0.0379184226,0.0847727582
120,0.1130989887,-0.0001938238,0.0219093384,0.0179575827,0.0378707869,0.084729652
121,0.1128897092,-0.0002582578,0.0216794554,0.0179180461,0.0377953667,0.0846776982
122,0.1127349934,-0.0003114248,0.021487075,0.0178889,0.0377522775,0.0846326539
123,0.1126092221,-0.0003551905,0.0213212145,0.017865088,0.0377188556,0.0845813943
124,0.1124752665,-0.0003965651,0.0211253994,0.0178457288,0.0376767981,0.0845289641
125,0.1123498513,-0.0004403842,0.0209188403,0.0178228925,0.0376426687,0.0844847956
126,0.112197974,-0.0004855305,0.0207067895,0.0177949232,0.037594839,0.0844244982
127,0.1120794877,-0.0005238324,0.0205280932,0.0177670506,0.0375561826,0.0843794402
128,0.1119397539,-0.0005584554,0.0203494802,0.0177436741,0.0375108481,0.0843153455
129,0.1117838201,-0.0005910238,0.0201960596,0.0177141394,0.0374536546,0.0842519507
130,0.1116137647,-0.0006316902,0.0199974726,0.0176745133,0.0373868621,0.084181361
131,0.1114294095,-0.0006686751,0.0197798459,0.0176389872,0.0373251362,0.084097654
132,0.1112824626,-0.0006955147,0.0196037955,0.017607289,0.0372755573,0.0840291012
133,0.1111275099,-0.0007200115,0.0194592829,0.017573701,0.0372216982,0.0839587391
134,0.1109779849,-0.0007504913,0.0192953355,0.0175463579,0.0371654968,0.0838889405
135,0.1108300694,-0.0007768915,0.0191120291,0.0175210798,0.0371267918,0.0838028843
136,0.1107095561,-0.0007951521,0.0189467756,0.0174973166,0.0370900407,0.0837438016
137,0.1105734684,-0.000814943,0.0188086545,0.0174697835,0.0370447232,0.0836858996
138,0.1104277295,-0.0008379643,0.018649144,0.0174409557,0.0369920233,0.0836259369
139,0.110290892,-0.0008497659,0.0185349001,0.017414979,0.0369409491,0.0835582433
140,0.1101208522,-0.0008644636,0.0183805908,0.0173718384,0.0368818188,0.0834774518
141,0.1099937341,-0.0008791069,0.01823379,0.0173473701,0.036837671,0.0834158631
142,0.1098725087,-0.0008955247,0.0181206453,0.0173228141,0.0367991017,0.0833493665
143,0.1097630664,-0.0009069693,0.0179931748,0.0172973719,0.0367588803,0.0832790352
144,0.1096573007,-0.0009156881,0.0178737128,0.0172793101,0.0367289943,0.0832156207
145,0.1095277331,-0.0009242873,0.0177477849,0.0172525172,0.0366918446,0.083143524
146,0.1094102591,-0.0009327504,0.0176499535,0.0172365402,0.0366558976,0.0830787004
147,0.1093064977,-0.0009442573,0.0175273545,0.0172125454,0.0366210404,0.0830079215
148,0.1091972359,-0.0009489938,0.0174397416,0.0171915582,0.0365884981,0.0829505168
149,0.1090873809,-0.0009537196,0.0173354937,0.0171692432,0.0365546311,0.0828864471
150,0.1089500377,-0.0009641807,0.0172446417,0.0171453581,0.036512792,0.0828004687
