Time [s],TGS2620,TGS2602,TGS2603,TGS2610,TGS2611,TGS2600
1,0.1123221906,-0.0008120961,0.012702047,0.0180681347,0.0377499051,0.0860196724
2,0.11248421,-0.0008014893,0.0126958812,0.0180968546,0.0377927736,0.0861461388
3,0.11263143,-0.0007952525,0.0127338835,0.0181257286,0.0378307536,0.0862719797
4,0.1127783885,-0.0007865339,0.0127545069,0.0181492383,0.0378718956,0.0864065296
5,0.1129011526,-0.0007831243,0.0127501597,0.0181653281,0.0378974293,0.0865124707
6,0.1130095044,-0.0007803107,0.012775214,0.0181758356,0.0379165753,0.0866145965
7,0.1130881765,-0.0007755831,0.012785307,0.01818747,0.0379234448,0.0866889627
8,0.1131582704,-0.0007639033,0.012801197,0.0181957145,0.0379395036,0.0867610882
9,0.1132100704,-0.0007613676,0.0127964742,0.0181948382,0.0379415448,0.086809421
10,0.1132648,-0.0007585871,0.0128141429,0.0181973174,0.0379523237,0.0868664755
11,0.1132987837,-0.0007522929,0.0128119558,0.0181976158,0.0379486543,0.0869127421
12,0.1133320975,-0.0007469173,0.0128286987,0.0181962671,0.0379445196,0.0869482559
13,0.1133757588,-0.0007440836,0.0128416616,0.0182011566,0.0379502221,0.0869881801
14,0.1134232046,-0.000741549,0.0128438558,0.0182053838,0.0379672687,0.0870407992
15,0.1134704159,-0.0007347714,0.0128580086,0.0182055478,0.0379691397,0.0870928342
16,0.113509062,-0.0007306891,0.0128775757,0.0182153742,0.0379843145,0.0871413881
17,0.1135558605,-0.0007258953,0.012884075,0.0182165994,0.0379929772,0.08718613
18,0.1135908327,-0.0007189329,0.0129153287,0.0182207867,0.0379984199,0.0872195372
19,0.1136241522,-0.0007114082,0.0129163001,0.0182242901,0.038006987,0.0872682305
20,0.1136906564,-0.000706397,0.0129324756,0.0182373344,0.0380336294,0.087336369
21,0.1137428838,-0.0007019778,0.0129469777,0.0182459921,0.0380517167,0.0873976646
22,0.1137854703,-0.0006966776,0.0129554976,0.0182475772,0.0380610462,0.0874445234
23,0.1138137029,-0.0006908971,0.0129869276,0.0182486814,0.0380610254,0.0874677585
24,0.1138400743,-0.0006889106,0.0130156216,0.0182546134,0.0380759376,0.0875111435
25,0.1138421951,-0.0006824824,0.0130209074,0.0182511042,0.0380725687,0.0875242804
26,0.1138839765,-0.0006665469,0.013046213,0.0182634823,0.0381225918,0.087540772
27,0.1140023611,-0.0006630738,0.0130709478,0.0182796342,0.038200641,0.0875412481
28,0.114210681,-0.0006504563,0.0131087628,0.0183054562,0.0383196608,0.0875512192
29,0.1144980968,-0.0006437715,0.0131535117,0.0183296284,0.0384674294,0.0875596452
30,0.1149547454,-0.0006301331,0.0131977915,0.0183715011,0.0386716716,0.087577431
31,0.1153736649,-0.0006267949,0.0132428154,0.0184044879,0.0388437273,0.0875938088
32,0.1158710672,-0.0006146268,0.0132930323,0.0184490497,0.0390303131,0.087620322
33,0.1164241417,-0.0006049932,0.0133416087,0.0185060612,0.0392396659,0.0876472001
34,0.1170314441,-0.0006026261,0.0134039412,0.0185611343,0.0394346024,0.0876827924
35,0.1177968329,-0.0005932165,0.0134848009,0.0186285925,0.0396753626,0.0877151648
36,0.1184363632,-0.0005850135,0.0135596935,0.018682978,0.0398597526,0.0877373572
37,0.1190741779,-0.000578078,0.0136225862,0.0187284989,0.0400230491,0.0877569588
38,0.1196523944,-0.0005734343,0.0136953134,0.0187646512,0.0401670434,0.087752306
39,0.1203573735,-0.0005591162,0.013807555,0.0188173145,0.0403300046,0.0877431658
40,0.1209321815,-0.0005474555,0.0138887729,0.0188642607,0.0404650798,0.08773976
41,0.1214929962,-0.0005280944,0.0139899943,0.0189167905,0.0406068123,0.0877363559
42,0.1220628276,-0.0005109248,0.0140777915,0.0189851263,0.0407509564,0.0877388454
43,0.1226234261,-0.0004950828,0.0141918957,0.0190383874,0.040893813,0.0877381395
44,0.1232753649,-0.0004653072,0.0143472512,0.0191212465,0.0410519247,0.0877374146
45,0.1237992629,-0.0004411862,0.0144816895,0.0191769615,0.0411830281,0.087736199
46,0.1242926241,-0.0004024783,0.014638724,0.0192480186,0.0413050653,0.0877400438
47,0.1247536041,-0.0003710078,0.0147817783,0.019320169,0.0414322069,0.0877620348
48,0.1252028718,-0.0003334866,0.0149695148,0.019394007,0.0415607363,0.0877783782
49,0.1256919267,-0.0002809121,0.0151588879,0.0194710901,0.0416895607,0.0878037705
50,0.1260040793,-0.0002198024,0.0153554321,0.019543028,0.0417683278,0.0878232807
51,0.126226557,-0.0001243691,0.0155948118,0.0196243305,0.0418544617,0.0878484025
52,0.1264392775,-2.03770000e-6,0.0158675998,0.0197234028,0.0419954971,0.0878861954
53,0.1266925563,0.0001210753,0.0161455466,0.0198251734,0.0421590942,0.0879393613
54,0.1270166998,0.0002658753,0.016497618,0.0199439165,0.0423434753,0.0880144876
55,0.1272781599,0.0003786704,0.0168049653,0.0200330954,0.0424745702,0.0880725399
56,0.1275284083,0.0004806116,0.0171030949,0.0201293949,0.0426067477,0.088142544
57,0.1277731438,0.0005762728,0.017390579,0.0202084958,0.0427354742,0.088200527
58,0.1280501663,0.000659964,0.0177026733,0.0202867189,0.0428666422,0.0882534093
59,0.1283569277,0.0007287722,0.0179969783,0.0203525868,0.0429671528,0.088320871
60,0.1285389052,0.0007935164,0.0182760212,0.020403792,0.0430261932,0.0883762851
61,0.1286604706,0.0008892956,0.0185659969,0.0204469688,0.0430668208,0.0884354082
62,0.1288141184,0.0009906232,0.0188657733,0.0204934157,0.0431158842,0.0884902079
63,0.1290386829,0.001066502,0.0191940143,0.0205302272,0.0431813245,0.0885669428
64,0.129192907,0.0011179605,0.0194721911,0.0205628807,0.0432029577,0.0886331583
65,0.1292891828,0.0011973859,0.0197338583,0.0205925518,0.0432297411,0.0886942968
66,0.1294010346,0.0012891506,0.0199950101,0.0206352339,0.0432820307,0.0887623403
67,0.1295083854,0.0013905921,0.0203082374,0.0206784608,0.0433426746,0.0888302974
68,0.1296796562,0.0014977077,0.0206446059,0.0207326408,0.0434398521,0.0889221517
69,0.1298343922,0.001554173,0.0209186219,0.0207593944,0.0435020664,0.0889943856
70,0.1299945833,0.0015855266,0.0211471436,0.0207904445,0.0435633194,0.0890645538
71,0.13012482,0.0016154782,0.0213762066,0.0208136296,0.0435801946,0.0891486212
72,0.130205247,0.0016976326,0.0216439007,0.0208382097,0.0435692155,0.0892293171
73,0.130328801,0.0018105063,0.021938805,0.0208684015,0.043601599,0.0893283925
74,0.1304386345,0.0018802309,0.022183624,0.020889424,0.0436118352,0.0894110363
75,0.1304761102,0.0019578759,0.0224104948,0.0208892996,0.0435571469,0.08952177
76,0.1304700706,0.0021132896,0.022684878,0.0208829955,0.0434682559,0.0896467099
77,0.1304189138,0.0022473008,0.022934347,0.0208659482,0.0433511868,0.0897684557
78,0.1302921021,0.0023210657,0.0231967533,0.020827307,0.0431880616,0.0899047469
79,0.1301444349,0.0023226842,0.0233570356,0.0207787505,0.0430356772,0.0900053396
80,0.1299568047,0.0023025177,0.0234877199,0.0207303855,0.0428938561,0.0901168083
81,0.1297265887,0.0022544917,0.0235759899,0.0206693871,0.0427503873,0.0902095356
82,0.1294377453,0.0021878699,0.0236664941,0.0206029573,0.0425812989,0.0903107714
83,0.1291838581,0.0021272238,0.0236954019,0.0205509218,0.0424557756,0.0903906792
84,0.1289214511,0.0020708149,0.0237316505,0.0204965797,0.042338334,0.0904601485
85,0.128661906,0.0020143509,0.0237604792,0.0204517018,0.0422277613,0.0905319632
86,0.1284159603,0.0019625157,0.0237863593,0.0204176463,0.0421474896,0.0906066975
87,0.1281136589,0.0019038117,0.0237978823,0.0203762868,0.0420480944,0.0906861764
88,0.1278805211,0.0018684893,0.0238087099,0.0203463967,0.041976178,0.0907525672
89,0.1276504902,0.0018328501,0.0238059501,0.0203134558,0.0418984529,0.090801047
90,0.1274231854,0.0018057015,0.0238021763,0.0202879908,0.0418419481,0.0908593406
91,0.1272008845,0.0017750195,0.0237935178,0.0202586854,0.0417792772,0.0908981099
92,0.1269429717,0.0017541206,0.02378452,0.0202298091,0.0417195675,0.0909596436
93,0.1267452484,0.0017285738,0.0237819714,0.0202027448,0.0416636621,0.0910009734
94,0.1265513008,0.0017140621,0.023785511,0.0201869327,0.0416136121,0.0910457119
95,0.1263596547,0.0016956676,0.0237674158,0.0201666013,0.0415663806,0.0910773359
96,0.1261719312,0.0016781595,0.0237588619,0.0201488193,0.041521608,0.0911311976
97,0.1259564801,0.0016604031,0.0237304391,0.0201242496,0.0414701786,0.0911701533
98,0.1257895276,0.0016520069,0.0237312309,0.0201061529,0.0414317105,0.0912167054
99,0.1256292838,0.0016307114,0.023718481,0.0200810403,0.0413829119,0.091245043
100,0.1254680699,0.0016263948,0.0237347865,0.0200742317,0.0413489011,0.0912861736
101,0.1252577447,0.0016102916,0.0236934658,0.0200472115,0.0412961553,0.0913205301
102,0.1250836808,0.0016076525,0.0236925087,0.0200350256,0.0412613084,0.0913556512
103,0.1249112902,0.001593176,0.0236691025,0.0200122129,0.0412213582,0.0913852031
104,0.1247444659,0.0015830608,0.0236604003,0.0200007743,0.0411852421,0.0914154766
105,0.1245205853,0.0015708621,0.0236093408,0.0199665912,0.0410990057,0.0914363596
106,0.124190873,0.0015521799,0.0235751096,0.0199161719,0.0409697996,0.091461415
107,0.1238521946,0.0015262517,0.0235130428,0.019860554,0.040835526,0.0914698337
108,0.1234725838,0.0014861242,0.0234465152,0.0197933138,0.0406887423,0.0914784824
109,0.1230273688,0.0014339426,0.0233309119,0.019701831,0.0405005192,0.0914568271
110,0.1225736924,0.0013853,0.0232410065,0.0196082098,0.0403253727,0.0914221915
111,0.1220476419,0.0013057752,0.0230759881,0.019495369,0.0401366526,0.0913656214
112,0.121619758,0.0012412435,0.0229309734,0.0194131803,0.0399977448,0.0912996705
113,0.1211835811,0.0011531335,0.0227725811,0.0193240233,0.0398650009,0.0912240497
114,0.1207754052,0.0010601082,0.0226004448,0.0192420258,0.0397390961,0.0911458432
115,0.1203906085,0.0009653484,0.0224037404,0.0191580514,0.0396179773,0.0910298362
116,0.1199537379,0.0008621298,0.0221929309,0.0190728056,0.0394956012,0.090894848
117,0.1195907437,0.0007757701,0.0219996551,0.0190077592,0.0393989768,0.0907701322
118,0.1192314593,0.000694459,0.0218528929,0.0189424175,0.0393111058,0.0906480374
119,0.1188687883,0.0006192478,0.0216425928,0.0188732386,0.0391992147,0.09051425
120,0.1184378192,0.0005371345,0.0214025576,0.0187990401,0.0390786409,0.0903519966
121,0.1180881012,0.0004721491,0.0212168519,0.0187270493,0.0389774443,0.0902024819
122,0.1177366578,0.0004154342,0.0210454494,0.0186699571,0.0388772845,0.0900383716
123,0.1173686143,0.0003595422,0.0208408194,0.0186020194,0.0387716494,0.0898882677
124,0.1170080627,0.0003069769,0.0206588159,0.018532443,0.0386671259,0.0897325469
125,0.1165797845,0.0002487119,0.0204375794,0.0184513429,0.0385422618,0.0895337111
126,0.1162305832,0.0001964095,0.0202517692,0.0183838996,0.0384420293,0.0893542067
127,0.1158960292,0.0001544049,0.0200674643,0.0183266335,0.0383495685,0.0891868354
128,0.1155747782,0.000103346,0.0198902498,0.0182762501,0.0382791244,0.0890125496
129,0.115269469,5.83265000e-5,0.0197050112,0.0182246605,0.0382048623,0.0888318072
130,0.1149134532,4.67390000e-6,0.0194894953,0.0181647023,0.0381218517,0.088628932
131,0.114635428,-3.41982000e-5,0.0193005668,0.0181187535,0.0380437581,0.0884460945
132,0.1143603058,-7.11601000e-5,0.0191631918,0.0180712228,0.037968157,0.0882571567
133,0.1140817215,-0.0001056518,0.0189723184,0.0180242998,0.0378984442,0.0880919861
134,0.1138262211,-0.0001332153,0.0188346527,0.0179770243,0.037834258,0.0879190096
135,0.1135255605,-0.0001722476,0.0186142552,0.0179252117,0.0377571967,0.0877330056
136,0.1132994001,-0.0001933945,0.0184587556,0.0178891679,0.0377098505,0.0875726903
137,0.1130732515,-0.0002199438,0.0183005153,0.0178578396,0.0376544459,0.0874221712
138,0.1128586377,-0.0002385976,0.0181567496,0.0178240179,0.0376120829,0.0872717288
139,0.1126600998,-0.0002592082,0.0180364476,0.0177915743,0.0375604281,0.0871114885
140,0.1124162683,-0.0002770701,0.0178760837,0.0177589631,0.0375070049,0.0869418889
141,0.1122196898,-0.0002917165,0.0177500071,0.0177297357,0.0374632813,0.0867977113
142,0.1120297105,-0.0003070174,0.0176515136,0.0177075001,0.0374295837,0.0866608446
143,0.1118532638,-0.0003196697,0.0175234899,0.0176834149,0.0373926372,0.0865232873
144,0.1116454245,-0.0003310992,0.0174064874,0.0176555105,0.0373480712,0.086363471
145,0.1114843587,-0.0003434511,0.0173009823,0.0176339427,0.0373146538,0.0862319899
146,0.1113270265,-0.0003534853,0.0171943361,0.0176161903,0.0372877666,0.0861119328
147,0.1111848837,-0.0003605997,0.0170966824,0.0175967622,0.0372551401,0.0859959706
148,0.1110517495,-0.0003656114,0.0169886358,0.0175738242,0.0372285962,0.0858789525
149,0.1108927717,-0.0003736551,0.0168951509,0.0175463194,0.0371906761,0.0857476642
150,0.110764065,-0.0003762842,0.0168160212,0.017538585,0.0371710299,0.0856428322
