Time [s],TGS2620,TGS2602,TGS2603,TGS2610,TGS2611,TGS2600
1,0.1000583857,0.0019361431,0.0169681702,0.0171269685,0.0387480406,0.0760340498
2,0.1000670322,0.0019457363,0.0169681989,0.0171302944,0.0387629009,0.076042217
3,0.1000746196,0.0019570773,0.0169786849,0.0171348131,0.0387771634,0.0760274208
4,0.1000738229,0.0019696147,0.016982935,0.0171424061,0.0387855587,0.0760354501
5,0.1000915571,0.001974298,0.0170033758,0.0171435997,0.0388130716,0.0760444915
6,0.1001038743,0.0019859995,0.0170122593,0.0171482089,0.0388147849,0.0760497645
7,0.1001087752,0.0019933801,0.0170290874,0.017155091,0.0388307562,0.0760375404
8,0.1001100587,0.002004324,0.017039208,0.0171646789,0.0388538022,0.0760563481
9,0.1001125566,0.002010475,0.0170633934,0.0171727536,0.0388602368,0.0760422897
10,0.1001242711,0.0020215926,0.0170740652,0.0171692119,0.0388775415,0.0760475431
11,0.1001330658,0.0020317184,0.017079733,0.0171746268,0.0388831398,0.0760492618
12,0.100132008,0.0020438335,0.0171101765,0.0171836407,0.0388997527,0.076045874
13,0.1001286577,0.0020510439,0.0171301977,0.0171872641,0.0389099048,0.0760428122
14,0.1001276223,0.0020603996,0.0171388488,0.0171911822,0.0389253658,0.076042243
15,0.1001305771,0.0020715149,0.0171575628,0.0171918829,0.038927648,0.0760259688
16,0.1001288101,0.0020824043,0.0171791839,0.0172025238,0.038939523,0.076020469
17,0.100124874,0.0020880677,0.0171773107,0.0172048229,0.0389517862,0.0760177017
18,0.1001462648,0.002104683,0.0172044898,0.0172179055,0.0389747807,0.0760319363
19,0.1001628822,0.0021114956,0.0172292297,0.0172214761,0.0389916158,0.0760346284
20,0.100161528,0.0021238575,0.017251044,0.0172314775,0.0390045094,0.0760305853
21,0.1001583547,0.0021334078,0.0172599274,0.0172411988,0.0390142366,0.0760332711
22,0.1001607126,0.0021437299,0.0172899664,0.0172347082,0.0390226803,0.076025913
23,0.1001506949,0.002150666,0.0173110267,0.0172396704,0.0390321255,0.0760140377
24,0.1001364141,0.0021649678,0.017339779,0.0172409594,0.0390306751,0.0760042982
25,0.1001191532,0.0021684699,0.0173480782,0.0172441804,0.0390388912,0.0759871461
26,0.1001143951,0.0021791019,0.0173709385,0.0172472166,0.0390620199,0.0759768823
27,0.1001714087,0.0021947292,0.0173978811,0.0172659717,0.0391345049,0.0759614215
28,0.1003543753,0.0022098432,0.0174237355,0.0173047461,0.0392731502,0.0759481089
29,0.1005782534,0.002220947,0.017481559,0.0173488141,0.0393999485,0.0759358983
30,0.1008916286,0.0022347364,0.0175443302,0.0174083616,0.0395728809,0.0759235091
31,0.101272967,0.0022497521,0.0176255687,0.0174740705,0.0397398361,0.07589781
32,0.1016716451,0.0022654191,0.0176930575,0.0175402589,0.0399023721,0.0758816873
33,0.1021872455,0.0022812575,0.0177969285,0.017621224,0.0401086402,0.0758589698
34,0.1026506676,0.002294323,0.0178868841,0.017686791,0.0402671569,0.0758496046
35,0.1031159651,0.0023157053,0.0179836698,0.0177637104,0.0404317824,0.0758240476
36,0.1036021492,0.0023744291,0.0181131722,0.0178547029,0.0406213502,0.0758197735
37,0.1040811742,0.0024160517,0.0182575907,0.0179347153,0.0407896628,0.0758062784
38,0.1046355841,0.0024896303,0.0184516527,0.0180276285,0.0409713858,0.0758045017
39,0.1050863446,0.0025351933,0.01861671,0.0180972246,0.0411101038,0.0757908644
40,0.1055383588,0.0025950054,0.0188068483,0.018167872,0.0412560944,0.0757856553
41,0.1059343048,0.0026482936,0.0190169445,0.0182301891,0.0413654926,0.0757763814
42,0.1062746574,0.0027400467,0.0192295739,0.0182962357,0.0414763294,0.0757872658
43,0.1066324848,0.0028777376,0.0195237222,0.0183911651,0.0416307745,0.075794629
44,0.1069463693,0.0030011451,0.0197756639,0.0184690294,0.0417798508,0.075807534
45,0.1072722007,0.0030958225,0.0200337681,0.0185346346,0.0418921667,0.0758155036
46,0.1075149933,0.0032167796,0.0202963113,0.0185936784,0.0419522833,0.0758335954
47,0.107770659,0.0034473419,0.020672982,0.0186730992,0.04204322,0.0758552316
48,0.1080152052,0.0036015467,0.0209766546,0.0187384524,0.0421559171,0.0758798582
49,0.1082716631,0.0036963803,0.0212732231,0.0187893199,0.0422524285,0.0759037726
50,0.1085121868,0.0037899641,0.0215608537,0.0188403311,0.0423280948,0.0759299798
51,0.1087097494,0.0038959564,0.02184053,0.0188930768,0.0424114755,0.075949893
52,0.1089894551,0.0040501886,0.0221996778,0.0189612197,0.0425382387,0.0759880616
53,0.1092639118,0.0041181158,0.0224717052,0.019001272,0.0426450544,0.0760086731
54,0.1095563057,0.0041392636,0.0227000745,0.0190311287,0.0427135114,0.0760287489
55,0.1098430551,0.0041481616,0.0229094851,0.0190414292,0.0427570505,0.0760459984
56,0.1101289126,0.0041565082,0.0231219768,0.0190665043,0.0428055528,0.0760786494
57,0.1104938408,0.0041852716,0.023346481,0.0190935628,0.0428650545,0.0761119806
58,0.1107569364,0.0042188569,0.0235238547,0.0191104122,0.042900629,0.0761469955
59,0.1109810712,0.0042941478,0.0237111938,0.0191400254,0.0429350511,0.0761741101
60,0.1111700094,0.004404794,0.0239330756,0.0191679166,0.0429851234,0.0762201461
61,0.1113910731,0.0044895973,0.0241428132,0.0191993997,0.0430453372,0.0762623305
62,0.1116549234,0.0045497832,0.0243928763,0.0192203735,0.0431029717,0.0763172857
63,0.1118400947,0.0046016706,0.0245805944,0.0192337453,0.0431137512,0.076362856
64,0.1119655173,0.0047164159,0.0248119306,0.0192534785,0.0431016897,0.0764048997
65,0.1120900845,0.0048784153,0.0250499673,0.0192758246,0.0431100722,0.0764640181
66,0.1122466914,0.0050325651,0.0253413496,0.019304703,0.043121057,0.0765373445
67,0.1123105056,0.0052092884,0.025592834,0.0193148212,0.0430841727,0.0765997114
68,0.1123503819,0.0054725239,0.0259163839,0.0193285548,0.0430453617,0.076675086
69,0.1123781814,0.0057400458,0.0262462366,0.0193532633,0.0430601485,0.0767600045
70,0.1124638626,0.0059044765,0.0265343061,0.0193780045,0.0431216429,0.0768416053
71,0.1125769605,0.005984753,0.0268331333,0.0194068469,0.0431815376,0.0769216636
72,0.1126842427,0.0060258516,0.0270382482,0.0194317238,0.0432377563,0.0769864516
73,0.1127871485,0.0060763768,0.0272483354,0.0194562164,0.0432818499,0.0770636124
74,0.1129150119,0.0061221109,0.0274156597,0.0194754508,0.0433228553,0.0771321179
75,0.1131040492,0.0061470814,0.0276000764,0.0195002211,0.0433916347,0.0771928631
76,0.1133400856,0.0060920731,0.0277537086,0.0195139565,0.0434497954,0.07727912
77,0.1135231639,0.0060226897,0.0278485161,0.0195313001,0.0434956581,0.0773326709
78,0.1137313611,0.0059703907,0.0279490132,0.0195524745,0.0435611695,0.0774024237
79,0.1139136908,0.0059215799,0.0280300811,0.0195667642,0.043596771,0.0774730872
80,0.1140384865,0.005939156,0.0281078573,0.0195807083,0.0436168837,0.0775392663
81,0.1142127962,0.0060241214,0.0282410675,0.0196100981,0.0436864577,0.077625544
82,0.1143923936,0.0060314839,0.0283286384,0.0196380093,0.0437465355,0.0776857344
83,0.1145812571,0.0059894334,0.028391626,0.0196597215,0.0438111187,0.0777562991
84,0.1147629778,0.0059373908,0.0284666464,0.0196658323,0.043833891,0.0778070141
85,0.1148605448,0.0058576966,0.02849883,0.0196447177,0.0437910593,0.0778739258
86,0.114870974,0.0057731978,0.028515322,0.0195940293,0.0436627522,0.0779542789
87,0.1148084381,0.0056983673,0.0285136273,0.019531514,0.0435269396,0.0780124464
88,0.1147008077,0.0056362773,0.028462186,0.0194686994,0.0433699215,0.0780505089
89,0.114551053,0.0055812481,0.0284618043,0.0194079117,0.0432240691,0.0780986235
90,0.114350187,0.0055294922,0.0284196546,0.0193407917,0.0430681838,0.0781462832
91,0.1141649002,0.0054932079,0.0284128595,0.019295892,0.0429470896,0.0782026984
92,0.1139696131,0.0054650834,0.0283725637,0.0192536656,0.0428465235,0.0782521389
93,0.1137548538,0.0054510594,0.0283513108,0.0192139731,0.042731767,0.0782950681
94,0.113538758,0.0054394764,0.0283508985,0.0191828342,0.0426547507,0.0783477635
95,0.1132851921,0.0054266937,0.0283605345,0.0191496207,0.0425621684,0.0784076693
96,0.1130839701,0.0054262252,0.0283494925,0.0191244704,0.0425031643,0.0784616882
97,0.1128881749,0.0054268718,0.028319327,0.019099955,0.0424350925,0.0785080118
98,0.1127106601,0.0054380294,0.0283462505,0.0190898353,0.042384906,0.0785584608
99,0.1125416893,0.0054428762,0.0283734604,0.0190791694,0.0423466284,0.0786116024
100,0.1123422216,0.0054617464,0.0283981197,0.0190726384,0.0423114244,0.0786739482
101,0.1121940548,0.0054624212,0.0283921993,0.0190563495,0.0422760792,0.0787292887
102,0.1120389783,0.0054790029,0.0284275387,0.0190445839,0.0422393566,0.078766645
103,0.1118617443,0.0054765518,0.028425618,0.0190377455,0.0422008054,0.0788003869
104,0.1116688408,0.005484437,0.028433255,0.0190274631,0.0421575571,0.0788413335
105,0.1114005544,0.0054816144,0.0284294953,0.0190011892,0.0420826004,0.0788729134
106,0.1111752332,0.0054798426,0.0284219748,0.0189744679,0.0420269982,0.0789074621
107,0.1109727692,0.0054786173,0.0283901791,0.0189498726,0.0419693852,0.0789296148
108,0.11078458,0.0054623776,0.0283488327,0.0189075126,0.0418940193,0.0789527286
109,0.1105142634,0.0053825182,0.0282233413,0.0188343366,0.0417759004,0.0789670284
110,0.1103116155,0.0053106198,0.0281289088,0.0187942189,0.0417172522,0.0789769215
111,0.1101308839,0.0052233524,0.0280193974,0.0187582822,0.0416824801,0.0789964041
112,0.1099756076,0.0051380718,0.0278917077,0.0187380348,0.0416261775,0.0789950766
113,0.1097970776,0.0050536947,0.027769993,0.0187212715,0.04158642,0.0789944953
114,0.1095697384,0.0049478729,0.0276379459,0.0186921262,0.0415221635,0.0789669576
115,0.1093615883,0.004838665,0.0274799783,0.0186537942,0.0414484666,0.0789348149
116,0.109124354,0.0047297524,0.027305221,0.0186018154,0.0413538925,0.078889228
117,0.1088704703,0.0046329838,0.02707206,0.0185515436,0.0412713626,0.078836594
118,0.1086189613,0.0045475491,0.0268759403,0.0185159104,0.0411997542,0.0787853446
119,0.1082966532,0.0044418749,0.0266455188,0.0184694892,0.0411215124,0.078716083
120,0.1080380608,0.0043349979,0.0264416061,0.0184465342,0.0410565825,0.0786700114
121,0.1077902584,0.0042366342,0.0262294723,0.0184104947,0.0409876676,0.0786135758
122,0.1075367193,0.0041402057,0.025963019,0.018385812,0.0409181947,0.0785614723
123,0.1072743884,0.0040434126,0.0257485183,0.0183421548,0.040847155,0.0784889888
124,0.1069613642,0.0039515421,0.0254829631,0.0182989752,0.040768896,0.078423978
125,0.1066861509,0.0038685386,0.0252474437,0.0182537246,0.0406863025,0.0783567329
126,0.1064183817,0.0038076682,0.0250368979,0.0182194652,0.0406163844,0.0782982021
127,0.1061598288,0.0037437887,0.0248253225,0.0181747695,0.0405427774,0.078233651
128,0.1059016866,0.0036816277,0.0246108352,0.0181361836,0.0404799523,0.0781729535
129,0.1056075334,0.0036055487,0.0243775301,0.0180911317,0.04040905,0.0780840385
130,0.1053586705,0.0035445877,0.0241717261,0.0180608514,0.0403427693,0.0780132692
131,0.105107594,0.0034925496,0.023956562,0.0180159604,0.0402804022,0.0779249612
132,0.1048770985,0.0034344601,0.0237934543,0.0179892719,0.0402240648,0.0778347279
133,0.1046384328,0.0033710271,0.0235645302,0.0179530969,0.0401731113,0.0777271258
134,0.1044228728,0.0033203035,0.0233655095,0.017933541,0.0401315364,0.0776483343
135,0.1042168045,0.0032721557,0.0231836253,0.0178915005,0.0400716455,0.0775562418
136,0.1040007583,0.0032284165,0.0230220794,0.0178632877,0.0400190366,0.0774742848
137,0.1037908064,0.0031833391,0.0228451288,0.0178256729,0.0399597798,0.0773842429
138,0.1035466468,0.003140067,0.0226341776,0.017787349,0.0398988566,0.0772782432
139,0.103346929,0.003096608,0.0224709319,0.0177544453,0.0398470324,0.0771799962
140,0.1031575113,0.0030642928,0.022322037,0.0177313984,0.0398071563,0.077083876
141,0.1029615939,0.0030220846,0.0221734631,0.0177003973,0.0397631527,0.0769857344
142,0.1027868018,0.0029872943,0.022028544,0.0176704353,0.0397169213,0.0768739348
143,0.1025773382,0.0029438618,0.0218525466,0.017641541,0.0396705949,0.0767442912
144,0.1024171718,0.0029075458,0.0217026543,0.0176187873,0.0396384771,0.0766274105
145,0.102247075,0.002879977,0.0215567008,0.0175991682,0.0396058291,0.0765188861
146,0.1020934537,0.0028458024,0.0214420232,0.0175781923,0.0395730611,0.0764093827
147,0.101950192,0.0028173853,0.0213026317,0.0175617604,0.0395469597,0.0762945984
148,0.1017948202,0.002790109,0.0211503601,0.0175433521,0.0395178689,0.0761716863
149,0.1016620925,0.0027655245,0.0210549492,0.017525969,0.0394964418,0.0760620472
150,0.1015463439,0.0027502391,0.0209289847,0.0175176776,0.0394757854,0.0759743198
