Time [s],TGS2620,TGS2602,TGS2603,TGS2610,TGS2611,TGS2600
1,0.09624355,0.00210062,0.016321,0.01674205,0.03817768,0.07253211
2,0.09628964,0.00210726,0.01630852,0.01675131,0.03820857,0.07257407
3,0.09631852,0.00210807,0.01629423,0.01676499,0.03822186,0.07260638
4,0.09636018,0.0021139,0.01629725,0.01676781,0.0382438,0.07264713
5,0.09642157,0.00212679,0.0162889,0.01678149,0.03826372,0.0726894
6,0.09646826,0.00213986,0.0163054,0.01679196,0.03829311,0.07273831
7,0.09653277,0.00214953,0.01630208,0.01680404,0.03832229,0.07278751
8,0.0965851,0.00215858,0.01631999,0.01682456,0.03835831,0.07284276
9,0.09663773,0.00216925,0.01633056,0.01683865,0.03838428,0.07289339
10,0.09672417,0.00218132,0.01632845,0.0168608,0.0384361,0.07296704
11,0.09679441,0.0021935,0.01635321,0.01687236,0.0384686,0.07303035
12,0.09685439,0.00220628,0.0163691,0.01689219,0.03849709,0.07307895
13,0.09688458,0.00221977,0.0163689,0.01689934,0.03851893,0.07310854
14,0.09691849,0.00222883,0.01638822,0.01691212,0.03854549,0.07315764
15,0.09693952,0.00223527,0.01641439,0.01691453,0.03855566,0.07317475
16,0.09695311,0.00224532,0.01641569,0.01691705,0.03856602,0.07318753
17,0.09697494,0.00225801,0.01642767,0.01692258,0.0385783,0.07320273
18,0.09698692,0.00227028,0.01645424,0.01693244,0.03859219,0.0732311
19,0.09700614,0.00227945,0.01645223,0.01693385,0.0386103,0.07325717
20,0.09702787,0.00229464,0.01648624,0.01694734,0.03862962,0.07328021
21,0.09704066,0.00229565,0.01649459,0.01694271,0.03863998,0.07329149
22,0.09704921,0.00231668,0.01650536,0.01695619,0.03864693,0.0733092
23,0.09705525,0.00232472,0.01652307,0.01695519,0.03866122,0.07331674
24,0.09706008,0.0023361,0.01655286,0.01696344,0.0386743,0.07332641
25,0.09705737,0.00234556,0.01656081,0.01696635,0.03869121,0.07333093
26,0.09708504,0.00236297,0.01658607,0.01698004,0.03873146,0.07335045
27,0.09714994,0.00237535,0.01660448,0.01700168,0.03879767,0.07334985
28,0.09728047,0.00238913,0.01665792,0.01702633,0.03890032,0.07336303
29,0.09752199,0.00239869,0.01668408,0.01704465,0.03903175,0.07335871
30,0.09780265,0.00241338,0.01672977,0.01707977,0.03915703,0.07335569
31,0.09814289,0.00242083,0.01675412,0.01711127,0.03928373,0.07334935
32,0.09855427,0.00243874,0.01683101,0.01715293,0.03942965,0.07334583
33,0.09902755,0.00246028,0.01690749,0.01721039,0.03959972,0.07333858
34,0.09971909,0.00248976,0.01702623,0.01730961,0.03984134,0.07332691
35,0.1003729,0.00252398,0.01716229,0.01741558,0.04006242,0.07333244
36,0.10109021,0.00258204,0.017323,0.01751531,0.040281,0.07333999
37,0.1018204,0.00264685,0.01750544,0.01762732,0.04049575,0.07335247
38,0.10255391,0.00274245,0.01775823,0.01774505,0.04070214,0.07336112
39,0.10331751,0.0028773,0.01806969,0.01788201,0.0409171,0.07337561
40,0.10382933,0.00308239,0.01840933,0.01799522,0.04108344,0.07340963
41,0.10429043,0.0033225,0.01877503,0.01810824,0.04123862,0.07343419
42,0.10468873,0.00358535,0.01918027,0.01820565,0.04137759,0.07347947
43,0.10503742,0.00383381,0.01956982,0.01830557,0.04152864,0.07352204
44,0.10540533,0.0040236,0.02000918,0.01840138,0.04168684,0.07357849
45,0.10566366,0.00415815,0.02032044,0.01847675,0.04183507,0.07362276
46,0.10597632,0.00422729,0.02063975,0.01855836,0.04200544,0.07366725
47,0.10630066,0.00424641,0.0209188,0.01861824,0.04214924,0.07370045
48,0.10668528,0.00427489,0.02121808,0.0186923,0.04231398,0.07372582
49,0.10703116,0.00429813,0.02148546,0.01874383,0.04240938,0.07376325
50,0.10728475,0.00439726,0.02174569,0.01878921,0.04245728,0.07380672
51,0.10750453,0.00457678,0.02202425,0.01883842,0.04251454,0.07385221
52,0.10777905,0.00472884,0.02232152,0.01890434,0.0426358,0.07392486
53,0.10810772,0.00484728,0.02265401,0.0189628,0.04273603,0.07401463
54,0.1083113,0.0050405,0.02294091,0.01900386,0.04275394,0.07409916
55,0.10848147,0.00530194,0.02324371,0.01903375,0.04276723,0.07417575
56,0.10866171,0.00551428,0.02356926,0.0190582,0.04278735,0.07425152
57,0.10874583,0.00577954,0.02387408,0.01906666,0.04273754,0.07431311
58,0.10889446,0.00606333,0.02427499,0.0190894,0.04273945,0.07440448
59,0.10898383,0.00623591,0.02458132,0.01911224,0.04275022,0.07448559
60,0.10904391,0.00641534,0.02486511,0.01912744,0.04272003,0.07457052
61,0.10908446,0.00663663,0.02516137,0.01913388,0.04271811,0.0746469
62,0.10918358,0.00672549,0.02545179,0.01915904,0.04277387,0.07472368
63,0.1092983,0.00672146,0.02571283,0.0191844,0.04282941,0.07479373
64,0.1093926,0.00676564,0.02593382,0.01920261,0.04285397,0.07486759
65,0.10947008,0.00692736,0.02617644,0.01921076,0.04283928,0.07495202
66,0.10955542,0.00716163,0.02645902,0.01923612,0.04285739,0.07503303
67,0.10971039,0.00722624,0.02670527,0.01925795,0.04291898,0.07511907
68,0.10987342,0.00722926,0.02696883,0.01927919,0.0429546,0.07521437
69,0.11002075,0.00732003,0.02718287,0.01930395,0.04298449,0.07530373
70,0.11020651,0.00735837,0.02738776,0.0193435,0.04306933,0.07539772
71,0.110395,0.00738323,0.02756236,0.01939432,0.04318324,0.07549514
72,0.11070203,0.00733391,0.02774973,0.01945107,0.04333117,0.07561026
73,0.11090551,0.00731389,0.02785993,0.01948328,0.04340483,0.07570012
74,0.11113112,0.00734056,0.02802225,0.01952212,0.04348926,0.07579321
75,0.11133369,0.00735464,0.02814321,0.01955392,0.04355538,0.07588197
76,0.11153547,0.00743766,0.0282846,0.01959679,0.04363921,0.07598421
77,0.11192683,0.00739389,0.02843816,0.01964188,0.04379207,0.07612208
78,0.11225791,0.00725481,0.02851746,0.01965878,0.04387499,0.07622915
79,0.11258929,0.00710045,0.02858086,0.01967448,0.04395549,0.07631771
80,0.1129252,0.00695332,0.02864657,0.01969883,0.04403067,0.07640827
81,0.11323394,0.00686899,0.0286819,0.01971554,0.04409829,0.07647007
82,0.11363043,0.00682381,0.02875314,0.01974573,0.04420748,0.0765397
83,0.11398456,0.00678234,0.02880436,0.0197739,0.04428647,0.07659445
84,0.114357,0.00674149,0.02886958,0.0198048,0.04437171,0.07666026
85,0.11463575,0.00673203,0.02890862,0.01981315,0.04436084,0.07673573
86,0.11479415,0.00674038,0.02897061,0.01978014,0.04424793,0.0768104
87,0.11485392,0.0067271,0.02902002,0.01970245,0.04404989,0.07691104
88,0.1148193,0.00669369,0.02902163,0.01963232,0.04387056,0.07698047
89,0.11470951,0.00665444,0.02901931,0.01956821,0.04370099,0.07705152
90,0.114548,0.00660533,0.02898108,0.01949867,0.04353284,0.07712438
91,0.11431735,0.00654616,0.02897373,0.01942803,0.04335693,0.07722279
92,0.11409163,0.00651013,0.02895209,0.01937036,0.04322057,0.07729465
93,0.11384015,0.00647632,0.02893629,0.01932991,0.04310546,0.07736549
94,0.11358736,0.00644553,0.02890127,0.01929107,0.04300593,0.07743392
95,0.11333014,0.00642097,0.02889805,0.01925142,0.04290882,0.0774935
96,0.11303207,0.00641172,0.02890037,0.0192172,0.04281181,0.07756655
97,0.11280062,0.00640689,0.02890188,0.01919134,0.04274428,0.07762271
98,0.11257933,0.0064091,0.02890168,0.01917957,0.04268551,0.07767584
99,0.11237866,0.00641956,0.02894394,0.01916205,0.04264244,0.07774297
100,0.11219451,0.00642591,0.02893629,0.01915642,0.04259786,0.07780737
101,0.11197281,0.00643587,0.02896246,0.01914193,0.04255097,0.07787721
102,0.11180355,0.00645036,0.02898249,0.0191371,0.04251323,0.07793467
103,0.11159746,0.00645559,0.02898218,0.01912402,0.04247217,0.07797532
104,0.11139015,0.00646626,0.02900593,0.01911315,0.04243464,0.0780353
105,0.1111907,0.00647109,0.02899546,0.01909373,0.04239126,0.07809105
106,0.11091778,0.00646827,0.02898862,0.01907773,0.04233088,0.07814489
107,0.11065051,0.00646002,0.02897363,0.01905056,0.04225501,0.07818947
108,0.110348,0.00644412,0.02895622,0.01901765,0.04216866,0.0782417
109,0.11000847,0.00638938,0.02890942,0.01897679,0.04206562,0.07827723
110,0.10968332,0.00630887,0.02881845,0.01892778,0.04197263,0.07828889
111,0.10929408,0.00617603,0.02868481,0.01887968,0.04186958,0.07830077
112,0.10901703,0.0060752,0.02855912,0.0188348,0.04181122,0.0782897
113,0.10874624,0.00597457,0.0284293,0.01879696,0.04174671,0.07828487
114,0.10849355,0.00587776,0.02829567,0.01876084,0.04167959,0.07828175
115,0.10820251,0.00577179,0.02809058,0.01871606,0.04161156,0.07826344
116,0.10798404,0.00565958,0.02791799,0.01867902,0.04155349,0.07826555
117,0.10774303,0.0055341,0.027713,0.0186438,0.04149543,0.07823889
118,0.107468,0.00541082,0.02749201,0.01860535,0.04141624,0.07821423
119,0.10715061,0.00527416,0.02726197,0.01854779,0.04130081,0.07819058
120,0.10671869,0.00509544,0.02693562,0.01846286,0.04114181,0.07812809
121,0.10634725,0.00495446,0.02667629,0.01838145,0.04100052,0.07804547
122,0.10598196,0.00481226,0.0263762,0.01830406,0.04087473,0.07795761
123,0.10561827,0.00466343,0.02604331,0.01823131,0.04075659,0.0778595
124,0.10527089,0.00452727,0.02576224,0.01816177,0.04065727,0.07776561
125,0.10485155,0.00436726,0.02542743,0.01808932,0.04053178,0.07762452
126,0.10452057,0.00425466,0.02511256,0.01803175,0.04044262,0.07750859
127,0.10420298,0.00415141,0.02485887,0.0179749,0.04035587,0.07740051
128,0.10389212,0.00405913,0.02456693,0.01793011,0.04028764,0.07728136
129,0.10353337,0.00394582,0.02426292,0.01786571,0.04018842,0.07713203
130,0.10326046,0.00386632,0.02402824,0.01782817,0.04012703,0.07702193
131,0.10303302,0.00378984,0.02375945,0.01779707,0.04007974,0.07692955
132,0.10279895,0.00372442,0.02354702,0.01776729,0.04003445,0.07682701
133,0.10254888,0.00365942,0.02329866,0.01773579,0.03997608,0.07672507
134,0.10225453,0.00358253,0.02306147,0.01768034,0.03990292,0.07658016
135,0.10200889,0.00352497,0.02282709,0.01764613,0.03984445,0.07645024
136,0.10177451,0.00347265,0.02261094,0.01761071,0.03978468,0.07632163
137,0.10153451,0.00342021,0.02242778,0.01757891,0.03973748,0.07618809
138,0.10131281,0.00337261,0.02222431,0.01755123,0.03969109,0.07606964
139,0.10106083,0.00331797,0.02200291,0.0175136,0.03963232,0.075904
140,0.10085574,0.00328265,0.02183535,0.01749075,0.03959257,0.07578999
141,0.10066353,0.00325004,0.02166298,0.01746258,0.03954437,0.07566078
142,0.1004829,0.00322629,0.02149422,0.01744366,0.03951589,0.07554566
143,0.10032541,0.00320003,0.02135122,0.01742131,0.03949103,0.07543627
144,0.1001495,0.00317256,0.02119141,0.01740985,0.03945239,0.07530364
145,0.10006456,0.00315947,0.02107428,0.01739948,0.039454,0.07520511
146,0.09997289,0.00314257,0.02094023,0.01740018,0.03945088,0.07511535
147,0.09988061,0.00312929,0.0208241,0.01740612,0.03944957,0.07503444
148,0.0997669,0.0031153,0.02070535,0.01740018,0.03944112,0.07494931
149,0.09966556,0.00309809,0.02059788,0.01739052,0.03941777,0.07487242
150,0.09956341,0.00309467,0.02050429,0.01738066,0.03939845,0.07479443
