Time [s],TGS2620,TGS2602,TGS2603,TGS2610,TGS2611,TGS2600
1,0.0997956982,0.0019266267,0.0169677362,0.017126213,0.0387271078,0.076064193
2,0.0998043109,0.001935597,0.0169663381,0.0171308691,0.0387426836,0.0760720381
3,0.0998116062,0.001946343,0.0169783055,0.0171348099,0.038756285,0.0760571732
4,0.0998116636,0.0019591422,0.0169847223,0.0171426025,0.0387649836,0.0760655306
5,0.09982963,0.0019639479,0.0170026282,0.0171432812,0.0387945009,0.0760747657
6,0.0998414809,0.0019760423,0.017012798,0.017147882,0.0387936182,0.0760798549
7,0.0998463325,0.0019831842,0.0170290543,0.0171551631,0.0388094239,0.0760674365
8,0.0998477244,0.0019944135,0.0170407286,0.0171637872,0.0388343379,0.0760868813
9,0.0998511406,0.0020002732,0.0170632906,0.017171797,0.0388394497,0.0760719965
10,0.0998616433,0.0020117141,0.0170725156,0.0171686378,0.0388558301,0.0760775159
11,0.0998715391,0.0020223445,0.0170798224,0.0171749594,0.038862865,0.07607894
12,0.0998703458,0.0020349517,0.0171098922,0.0171832956,0.0388812771,0.0760761914
13,0.0998660196,0.0020409205,0.0171300406,0.0171874476,0.0388910075,0.0760729119
14,0.0998658803,0.0020504903,0.017140094,0.0171909588,0.0389052071,0.0760725226
15,0.0998684922,0.0020619206,0.0171579019,0.0171915602,0.0389078058,0.0760558305
16,0.0998661167,0.002072686,0.0171800477,0.0172032509,0.0389204227,0.0760509836
17,0.0998626334,0.0020782857,0.0171772473,0.0172048683,0.0389333137,0.0760479589
18,0.0998840454,0.0020937656,0.0172029526,0.0172186066,0.0389538299,0.0760621526
19,0.0999001737,0.0021018845,0.0172293215,0.0172213499,0.0389712813,0.0760644707
20,0.0998993602,0.0021123686,0.0172526814,0.0172305732,0.0389843271,0.0760611008
21,0.0998962054,0.002124118,0.0172604378,0.0172419126,0.0389929377,0.0760632104
22,0.09989858,0.0021340474,0.0172900759,0.0172348735,0.0390036838,0.076055541
23,0.0998887075,0.0021416615,0.0173110755,0.0172405813,0.039011151,0.0760437625
24,0.099874624,0.0021544614,0.0173397646,0.0172407571,0.0390104094,0.0760347761
25,0.0998572555,0.0021592646,0.0173495553,0.0172443499,0.0390179026,0.0760169309
26,0.0998516063,0.0021693781,0.0173696617,0.0172466812,0.0390425616,0.0760072406
27,0.0999086927,0.0021842572,0.0173972289,0.0172661951,0.0391128512,0.0759915426
28,0.1000923311,0.0021998932,0.0174249599,0.0173046323,0.0392526203,0.0759777933
29,0.1003153971,0.0022102836,0.017482362,0.017349266,0.0393802813,0.0759660517
30,0.1006292036,0.0022248386,0.0175450066,0.0174085775,0.0395531767,0.0759533982
31,0.1010102077,0.0022398701,0.0176264621,0.0174741271,0.0397190637,0.0759274108
32,0.1014092828,0.0022560439,0.0176931423,0.0175401734,0.0398833868,0.0759119059
33,0.1019255866,0.0022713672,0.0177967812,0.0176212241,0.0400886371,0.0758889576
34,0.102388533,0.0022840934,0.0178867503,0.0176872502,0.0402472,0.0758799993
35,0.1028537683,0.002306374,0.0179853202,0.0177633447,0.0404122301,0.0758543052
36,0.103340134,0.002364661,0.0181129283,0.0178547576,0.0406014674,0.0758499022
37,0.1038191286,0.0024064447,0.0182561108,0.0179350559,0.0407682461,0.0758359346
38,0.1043732567,0.0024802014,0.0184503696,0.0180281595,0.0409524714,0.0758345764
39,0.1048231179,0.0025251804,0.0186162276,0.0180974584,0.041089968,0.0758207466
40,0.1052761713,0.0025845548,0.018805843,0.0181688333,0.0412357995,0.0758151058
41,0.1056717597,0.0026385643,0.0190158138,0.0182292982,0.0413452035,0.0758068204
42,0.1060121866,0.0027311515,0.0192304479,0.0182964245,0.0414576107,0.0758174904
43,0.1063697838,0.0028686134,0.0195226583,0.0183918104,0.0416105724,0.075824702
44,0.1066841428,0.0029914602,0.0197752388,0.0184690037,0.0417578728,0.0758375119
45,0.1070100091,0.0030868639,0.0200336563,0.0185339404,0.0418721759,0.0758458712
46,0.1072527303,0.0032078115,0.0202971194,0.0185931441,0.0419322437,0.075863934
47,0.1075079722,0.0034369841,0.0206720036,0.0186730848,0.042021311,0.0758854742
48,0.1077525637,0.003591219,0.0209754563,0.0187381625,0.0421366747,0.0759094052
49,0.108009719,0.0036871551,0.0212718687,0.0187893979,0.0422320484,0.0759338267
50,0.1082498762,0.0037798882,0.0215611137,0.0188412025,0.0423081793,0.0759602713
51,0.108447668,0.0038863694,0.021840796,0.018892434,0.0423904973,0.0759793316
52,0.1087271175,0.0040397812,0.0221991905,0.0189612396,0.0425177247,0.0760175661
53,0.1090018575,0.0041068162,0.0224721881,0.0190011121,0.0426232848,0.0760386874
54,0.1092934505,0.0041289318,0.0227000429,0.0190307244,0.0426917165,0.0760587149
55,0.1095805789,0.0041384531,0.0229097453,0.0190422678,0.0427383876,0.0760755224
56,0.1098664951,0.0041477731,0.0231225183,0.0190663245,0.0427873852,0.0761090952
57,0.1102310988,0.0041738023,0.0233470573,0.0190935841,0.0428446051,0.0761418533
58,0.1104947393,0.0042100166,0.0235248537,0.0191102754,0.0428808558,0.0761771507
59,0.1107182669,0.0042829357,0.023711987,0.0191404766,0.0429133467,0.0762042303
60,0.1109080245,0.0043932393,0.0239330292,0.0191679047,0.0429654643,0.0762502657
61,0.1111287366,0.0044806032,0.0241421436,0.0191997047,0.0430249711,0.0762922243
62,0.1113922657,0.0045404087,0.0243935815,0.0192201368,0.0430813156,0.0763471437
63,0.1115778305,0.0045926953,0.0245815836,0.0192335964,0.0430945666,0.0763928485
64,0.1117034986,0.004706915,0.0248127321,0.0192531342,0.0430801986,0.0764351183
65,0.1118275947,0.0048699965,0.025051386,0.0192756612,0.0430908459,0.0764939486
66,0.1119840278,0.005022734,0.0253428012,0.0193049338,0.0431009148,0.0765669673
67,0.1120479957,0.0051983978,0.0255920487,0.019314434,0.0430637736,0.076629704
68,0.1120887209,0.0054618752,0.0259159916,0.0193282445,0.0430233382,0.0767048595
69,0.112115913,0.0057303385,0.0262470913,0.0193529954,0.0430401946,0.0767899254
70,0.1122008782,0.0058947428,0.0265333407,0.0193781957,0.0431018137,0.0768715413
71,0.1123147623,0.0059744998,0.0268327157,0.0194063832,0.0431615052,0.0769514965
72,0.1124221267,0.0060168969,0.0270373273,0.0194317612,0.0432177645,0.077015946
73,0.1125250534,0.0060666514,0.0272477862,0.0194558672,0.043262109,0.0770937635
74,0.1126528821,0.0061129945,0.0274151883,0.0194746232,0.0433021841,0.0771622701
75,0.1128421498,0.0061368661,0.0276003342,0.0195012076,0.0433707539,0.0772231384
76,0.1130782861,0.0060804147,0.0277539874,0.0195140495,0.0434289897,0.077309147
77,0.1132615943,0.006011386,0.0278480327,0.019531166,0.0434766925,0.0773626717
78,0.1134692457,0.0059615179,0.0279492548,0.0195533754,0.043541764,0.0774325403
79,0.1136517915,0.0059120888,0.028028764,0.0195666578,0.0435772466,0.0775033581
80,0.1137769231,0.0059292849,0.0281078231,0.0195806939,0.0435978544,0.077569478
81,0.1139510701,0.0060135298,0.028242951,0.0196095935,0.0436673317,0.0776553489
82,0.1141303678,0.0060206905,0.0283294653,0.019637644,0.0437256037,0.0777158196
83,0.114318583,0.0059789962,0.0283932682,0.0196604542,0.0437911711,0.0777862816
84,0.1145013136,0.0059269375,0.0284677482,0.0196665208,0.0438156754,0.0778371542
85,0.1145984325,0.005847657,0.0284980172,0.019645068,0.0437721123,0.0779041659
86,0.1146091842,0.0057633467,0.0285150577,0.0195943047,0.0436424745,0.0779845568
87,0.1145458397,0.0056885706,0.0285133078,0.0195314374,0.0435052633,0.0780426363
88,0.1144387475,0.0056253036,0.0284636935,0.0194682522,0.0433498184,0.0780802154
89,0.1142894069,0.0055715244,0.0284610549,0.0194076304,0.0432034423,0.0781284836
90,0.1140882263,0.0055199163,0.0284202203,0.0193405912,0.0430477562,0.0781766236
91,0.1139030411,0.0054835249,0.0284128608,0.0192961936,0.0429278868,0.0782329419
92,0.1137076673,0.0054564403,0.0283721678,0.019254065,0.0428274703,0.0782817785
93,0.1134921139,0.0054402312,0.0283520949,0.0192145546,0.042711861,0.0783247511
94,0.1132765256,0.0054292034,0.02835035,0.0191829436,0.042633083,0.078378235
95,0.1130223943,0.0054161089,0.028359954,0.0191496462,0.0425428392,0.0784378966
96,0.1128212265,0.0054169765,0.0283483463,0.0191250907,0.0424816398,0.0784920191
97,0.1126257431,0.0054178794,0.0283208403,0.0191008287,0.0424150343,0.0785376729
98,0.1124480906,0.0054274701,0.0283471374,0.019089209,0.042366034,0.078588201
99,0.1122799579,0.0054321588,0.0283729925,0.0190791422,0.0423262421,0.0786416137
100,0.1120806476,0.0054512795,0.0283980476,0.0190727589,0.0422913044,0.0787040637
101,0.1119313727,0.0054528177,0.0283907653,0.0190563713,0.0422544273,0.078759386
102,0.1117759963,0.0054698875,0.0284275226,0.0190451094,0.0422178789,0.0787967556
103,0.1115996416,0.0054668972,0.0284238943,0.0190371932,0.0421789955,0.0788309135
104,0.1114070387,0.0054748175,0.0284333244,0.019027157,0.0421393005,0.0788711638
105,0.1111383681,0.0054718756,0.0284307505,0.0190012795,0.0420615692,0.0789032339
106,0.1109137245,0.0054694819,0.0284223786,0.0189742787,0.0420064684,0.0789377144
107,0.1107104214,0.0054673818,0.0283916594,0.0189504702,0.0419488,0.0789593638
108,0.1105222892,0.0054531715,0.0283496418,0.0189075186,0.0418745528,0.0789827935
109,0.1102519675,0.0053728517,0.0282234291,0.0188348042,0.0417577626,0.0789969366
110,0.1100496988,0.0053008564,0.0281293735,0.0187943419,0.0416972897,0.0790065864
111,0.1098683168,0.0052137192,0.0280207173,0.0187588348,0.0416633751,0.0790261603
112,0.1097125237,0.0051296784,0.027891636,0.0187381969,0.0416061581,0.0790250916
113,0.1095343072,0.0050437112,0.0277715431,0.0187207335,0.0415677303,0.0790246297
114,0.1093077241,0.0049379339,0.0276376125,0.0186914508,0.0415006325,0.078996946
115,0.1091000765,0.0048280204,0.0274792591,0.018653521,0.0414304035,0.0789649604
116,0.1088618012,0.0047194595,0.0273066303,0.0186018869,0.0413348225,0.0789194479
117,0.1086082334,0.0046229873,0.0270705708,0.0185517775,0.0412509139,0.0788668135
118,0.1083562886,0.0045376453,0.0268755297,0.0185156755,0.0411811847,0.0788154576
119,0.1080338252,0.0044309791,0.0266442157,0.0184696136,0.0411012807,0.0787457976
120,0.1077759273,0.0043247596,0.0264410316,0.0184468609,0.0410354188,0.0786997501
121,0.1075277166,0.0042263607,0.0262295836,0.0184109387,0.0409658937,0.0786436012
122,0.1072741234,0.0041299195,0.0259633989,0.0183864516,0.0408980285,0.0785916244
123,0.1070124282,0.0040347953,0.0257482284,0.0183426595,0.0408278208,0.0785196091
124,0.1066994207,0.0039421524,0.0254837995,0.0182994434,0.0407495711,0.0784534099
125,0.1064237294,0.0038591351,0.0252472912,0.0182536886,0.0406662966,0.0783862872
126,0.1061564568,0.003797791,0.0250359813,0.0182189271,0.0405960661,0.0783286396
127,0.1058982044,0.0037343042,0.0248252376,0.0181753194,0.0405219631,0.0782633483
128,0.1056395837,0.0036725419,0.0246089295,0.0181357324,0.0404613825,0.0782030048
129,0.1053452449,0.0035957369,0.0243781324,0.0180914078,0.0403902957,0.0781140077
130,0.1050957666,0.0035349342,0.0241705364,0.0180614101,0.0403234218,0.0780433152
131,0.1048460274,0.0034831173,0.0239569622,0.0180153851,0.040258459,0.0779552332
132,0.1046152714,0.0034230966,0.023794413,0.0179887929,0.0402033692,0.0778646622
133,0.1043755996,0.0033614371,0.0235654853,0.0179534321,0.0401524415,0.0777566984
134,0.1041611477,0.0033114485,0.0233653355,0.0179332407,0.0401110202,0.0776783545
135,0.1039544244,0.0032625944,0.0231851512,0.0178921735,0.0400512415,0.0775858626
136,0.1037382541,0.0032175164,0.0230226082,0.0178634876,0.039998824,0.0775045516
137,0.1035280106,0.0031738036,0.022844595,0.0178255569,0.0399412913,0.0774138511
138,0.1032837876,0.0031299656,0.0226336894,0.0177865927,0.0398774228,0.0773081236
139,0.1030849094,0.0030861719,0.0224710335,0.0177538795,0.0398258197,0.077210277
140,0.1028954813,0.0030535151,0.0223209748,0.0177312707,0.0397864132,0.0771139671
141,0.1026989725,0.0030123287,0.0221734758,0.017700969,0.0397435277,0.0770158663
142,0.1025248753,0.0029778608,0.0220284597,0.0176706445,0.0396956413,0.0769037694
143,0.1023145971,0.0029345651,0.0218514675,0.0176415196,0.039651747,0.0767742119
144,0.1021543788,0.0028971727,0.0217043762,0.0176185057,0.0396196389,0.0766575966
145,0.1019851188,0.0028702249,0.0215554,0.0175990657,0.0395870285,0.0765491374
146,0.1018306425,0.0028348426,0.0214424492,0.0175779589,0.0395536184,0.0764392776
147,0.1016887578,0.0028071583,0.0213021365,0.0175612953,0.039527859,0.0763244042
148,0.1015326199,0.0027800951,0.0211506872,0.0175435719,0.0394975962,0.0762012838
149,0.1013995116,0.0027551585,0.0210565396,0.0175264242,0.0394779891,0.0760919412
150,0.1012848415,0.0027399031,0.0209290438,0.0175177201,0.0394542892,0.0760041192
