Time [s],TGS2620,TGS2602,TGS2603,TGS2610,TGS2611,TGS2600
1,0.0999711324,0.0022011845,0.0155294921,0.0175540826,0.0394639608,0.0775235284
2,0.0999839979,0.0022027787,0.0155347435,0.0175606136,0.0394787193,0.0775442503
3,0.1000150279,0.0022189328,0.0155570292,0.0175736587,0.0394983734,0.0775659311
4,0.100036685,0.0022217816,0.0155623583,0.0175729822,0.0395085256,0.0775862013
5,0.1000522375,0.0022378067,0.0155809689,0.0175788741,0.0395207191,0.0776018989
6,0.1000880334,0.0022474116,0.0155949834,0.0175931636,0.0395503532,0.0776329684
7,0.1001561154,0.0022570637,0.0156126977,0.0176160558,0.0395913303,0.0776943847
8,0.1001418071,0.0022675138,0.0156287692,0.017610704,0.0395899257,0.0776882614
9,0.1001356274,0.0022678165,0.0156334716,0.0176076125,0.039584794,0.0776774408
10,0.1001330853,0.0022802985,0.0156600686,0.01760949,0.0395925823,0.0776789463
11,0.100135862,0.002286182,0.0156737909,0.0176196945,0.0396014899,0.0776886195
12,0.1001421465,0.0022979718,0.0156870061,0.0176218616,0.0396165104,0.077700824
13,0.100152308,0.0023058711,0.0157150964,0.0176306999,0.0396305085,0.0777160318
14,0.1001710637,0.0023170479,0.015730396,0.0176354256,0.0396406532,0.077720223
15,0.1001911174,0.0023293158,0.015750103,0.0176408423,0.0396589365,0.0777387712
16,0.1002121973,0.0023394875,0.0157698523,0.0176552467,0.0396790524,0.0777640917
17,0.1002287658,0.0023456982,0.0157973045,0.0176656966,0.0396994133,0.0777817855
18,0.1002434032,0.0023553239,0.0158187641,0.0176742236,0.0397121388,0.0777977075
19,0.1002492073,0.0023660789,0.0158398067,0.0176726971,0.0397166817,0.0778048848
20,0.1002590315,0.0023758003,0.0158635589,0.0176833658,0.0397309613,0.0778147153
21,0.1002638735,0.0023861562,0.0158866198,0.017690069,0.0397480672,0.0778291353
22,0.1002736042,0.0023964095,0.0159148721,0.017695162,0.0397596693,0.0778431982
23,0.1002737494,0.0024045124,0.0159375669,0.0176996513,0.0397681838,0.077850565
24,0.1002847054,0.0024141112,0.0159533553,0.0177040044,0.0397806777,0.0778595833
25,0.100289478,0.0024250959,0.0159749616,0.0177072834,0.039784235,0.0778608108
26,0.1003148477,0.0024464935,0.0160060025,0.0177285646,0.0398366094,0.0778759303
27,0.1005014578,0.0024788854,0.0160523124,0.0177705295,0.0399710213,0.0778830154
28,0.1007844732,0.002500365,0.0161037839,0.0178169482,0.0401296102,0.0778999399
29,0.1011493821,0.0025151159,0.0161691166,0.0178654739,0.0402931824,0.0779000696
30,0.1015711568,0.0025281017,0.0162294554,0.017916821,0.0404781721,0.0778994459
31,0.102006574,0.0025422852,0.0162904715,0.0179718043,0.0406436513,0.0779003918
32,0.1025289531,0.0025587344,0.0163673158,0.0180321736,0.0408459377,0.0779119353
33,0.1029861332,0.0025674967,0.0164256856,0.018084159,0.0410126511,0.0779250942
34,0.1034567672,0.0025874772,0.0164965143,0.0181510738,0.0411641448,0.0779196803
35,0.1039065815,0.0026277205,0.0165959646,0.0182313188,0.0413216598,0.0779334991
36,0.104342289,0.0027006548,0.0167147939,0.0183252827,0.0414998019,0.0779525522
37,0.1048587358,0.0027792971,0.0168794398,0.0184316225,0.0416989053,0.0779520971
38,0.1052810082,0.0028362246,0.0170411822,0.0185260568,0.041867045,0.0779749891
39,0.1056842,0.002890758,0.0172107103,0.0186123957,0.042003715,0.0779760321
40,0.106064918,0.0029636151,0.0174109115,0.0186937537,0.0421301075,0.0779908467
41,0.1064627613,0.003076447,0.017655861,0.0187803288,0.0422724815,0.077998925
42,0.1067811045,0.0031563739,0.0178616168,0.0188511848,0.042390858,0.0780099709
43,0.1070496539,0.0032383999,0.0180557672,0.0189112614,0.0424865194,0.0780203464
44,0.1072755163,0.0033392872,0.0182693283,0.0189785116,0.0425773517,0.0780312138
45,0.1075366703,0.0034510763,0.0184977062,0.0190334217,0.04266972,0.0780417721
46,0.1078539506,0.0035417532,0.0187482068,0.0190780673,0.0427555795,0.0780631265
47,0.1080722311,0.0036111023,0.0189448587,0.0191106452,0.0428214067,0.0780747264
48,0.1083038932,0.0036847102,0.0191251175,0.0191535576,0.0429103206,0.0780903572
49,0.1085417656,0.0037276755,0.01930904,0.0191855071,0.0429736467,0.0781065011
50,0.1087600735,0.003792912,0.0194681906,0.0192172646,0.0430444793,0.0781175854
51,0.1090625719,0.0038413968,0.0196576515,0.0192447244,0.0431132866,0.0781366552
52,0.1093158775,0.0038528393,0.0198008434,0.0192539747,0.0431439228,0.0781531839
53,0.1095352637,0.0038474341,0.0199135229,0.0192370079,0.0431548434,0.0781561875
54,0.1096988545,0.0038739755,0.0200212167,0.0192366725,0.043165763,0.0781817974
55,0.1098553922,0.0039306451,0.020118748,0.0192476553,0.0432054966,0.0781896935
56,0.110092056,0.0039851008,0.0202675733,0.0192857401,0.0433044833,0.0782229182
57,0.1103327752,0.0040103056,0.0203724217,0.019317955,0.0433901119,0.0782426349
58,0.1105606331,0.0040381881,0.020488856,0.0193506611,0.0434556097,0.0782682538
59,0.1107490783,0.0040978794,0.0206162965,0.0193889763,0.0435263578,0.0783018929
60,0.1109691341,0.0042091175,0.0207847188,0.0194445437,0.0436195846,0.0783467845
61,0.1111808236,0.0042797114,0.0209186158,0.0194781824,0.0436819622,0.0783823977
62,0.1114033445,0.0043122797,0.0210258601,0.0194890782,0.0437188548,0.0784213898
63,0.1116019594,0.0043131965,0.0211389248,0.0194842535,0.043751985,0.0784522974
64,0.1117899404,0.0043079939,0.0212404795,0.0194877503,0.0437714108,0.0784957981
65,0.1119983551,0.0043040042,0.0213476551,0.0194817142,0.0437891556,0.0785531628
66,0.1121712146,0.0043077984,0.0214289081,0.0194889142,0.0438273974,0.0786061496
67,0.11236188,0.0043129057,0.021517703,0.0194923096,0.0438650992,0.0786503131
68,0.1125644492,0.0043239166,0.0216004499,0.0195155749,0.0439267718,0.0786917844
69,0.1127486627,0.0043339937,0.021691906,0.0195319932,0.0439676945,0.0787329585
70,0.1129470502,0.0043644968,0.0218066336,0.0195500412,0.0440213157,0.0787855713
71,0.1130490229,0.0043829447,0.0218832101,0.019557211,0.0440312752,0.0787877595
72,0.1132150253,0.0044166722,0.0219908152,0.0195729351,0.0440610624,0.0788603347
73,0.1133678105,0.0044526361,0.0220676371,0.0195807814,0.0440594896,0.0789452655
74,0.1134624388,0.0044882726,0.0221500916,0.0195760544,0.0440517685,0.0790334396
75,0.1135168133,0.0045306711,0.022237694,0.0195764017,0.0440165436,0.0791120706
76,0.1134799893,0.0045572891,0.0223001861,0.0195569715,0.0439480609,0.0791291369
77,0.1134443321,0.0045830427,0.0223481808,0.019523322,0.043895333,0.0791340428
78,0.1134574034,0.0046340007,0.0224201856,0.0195254831,0.0438711979,0.0791917624
79,0.1134645725,0.0047081263,0.0224973752,0.0195429684,0.0438421557,0.0792651242
80,0.1134862602,0.0048023747,0.0225928588,0.0195509537,0.0437899257,0.0793691009
81,0.1134974682,0.0048728019,0.0226922668,0.0195736597,0.0437526127,0.0794447265
82,0.11352733,0.0049432028,0.022774405,0.0195882733,0.0437209733,0.0795328852
83,0.1135480125,0.0050106592,0.0228921061,0.0196156455,0.043694177,0.0796126827
84,0.1134890047,0.0050789203,0.0230058042,0.019629545,0.0436364429,0.0796738369
85,0.1134154726,0.0051310299,0.023114083,0.0196536247,0.0435985989,0.0797267525
86,0.1132973992,0.0051816005,0.0232022105,0.0196674991,0.0435607128,0.0797882514
87,0.1131645667,0.0052243415,0.0233052035,0.0196697652,0.0435111886,0.0798491589
88,0.1130000625,0.0052565377,0.0233949839,0.0196688015,0.0434586104,0.0798966548
89,0.11278459,0.0052836427,0.0234883322,0.0196565337,0.0433901023,0.0799534982
90,0.1125986216,0.0053018294,0.0235574321,0.0196458944,0.0433330026,0.0800137231
91,0.1123972198,0.0053199813,0.0236246531,0.0196297095,0.0432660127,0.0800647051
92,0.1121981318,0.0053273337,0.0236780939,0.0196137104,0.0432150946,0.0801138026
93,0.1119935212,0.0053390359,0.0237064281,0.0195890471,0.0431542643,0.0801552602
94,0.1117574039,0.0053475625,0.0237633995,0.019564066,0.043090217,0.0802217747
95,0.1115732795,0.0053606059,0.0237950153,0.0195398721,0.0430401953,0.0802491405
96,0.1113962544,0.005372549,0.0238375927,0.0195375039,0.0429928095,0.0803081945
97,0.1112190531,0.0053835601,0.023852872,0.0195082719,0.0429529593,0.0803532619
98,0.1110623445,0.005396168,0.0238847189,0.0194919232,0.0429066661,0.0803986783
99,0.1108699397,0.0054084875,0.0239066468,0.019473763,0.0428699786,0.0804527697
100,0.1107219664,0.0054234733,0.0239275321,0.0194615614,0.0428318168,0.0804933554
101,0.1105604716,0.0054273519,0.0239375886,0.0194466009,0.0427969596,0.0805331307
102,0.110402256,0.0054364913,0.0239574996,0.0194329217,0.0427732524,0.080572598
103,0.1102476873,0.00543487,0.0239469688,0.0194137221,0.0427385575,0.0806094011
104,0.1100682427,0.0054275932,0.0239487184,0.0193962652,0.0426938524,0.080656568
105,0.1099210718,0.0054194086,0.0239338709,0.0193754646,0.0426576032,0.0806887676
106,0.1097820672,0.005416822,0.0239404624,0.0193589593,0.04261662,0.0807190384
107,0.1096393569,0.0054033732,0.0239280978,0.019343083,0.0425856079,0.0807555216
108,0.1094705291,0.0053811972,0.0239010254,0.0193261867,0.0425393233,0.0807927099
109,0.1093188885,0.0053506244,0.0238756653,0.0193115429,0.0424963754,0.0808143148
110,0.1091486622,0.0053209806,0.0238429342,0.019284148,0.0424363716,0.0808279395
111,0.1089531605,0.0052810636,0.0238118705,0.0192552163,0.0423720796,0.0808411625
112,0.1087491655,0.005227629,0.0237450668,0.0192205789,0.0423057906,0.0808519076
113,0.1085008057,0.0051554068,0.0236589597,0.0191787427,0.0422276432,0.0808637338
114,0.1082810587,0.0050616334,0.023555797,0.0191387371,0.0421463083,0.0808610427
115,0.1080353234,0.004946638,0.0234322619,0.0190832177,0.0420611758,0.0808316052
116,0.1077842951,0.0048053914,0.0232946269,0.0190306193,0.041974794,0.0807887195
117,0.1075242853,0.0046518555,0.0231334406,0.0189734845,0.0418945319,0.0807505043
118,0.1072356092,0.0044924519,0.0229286607,0.0189161756,0.0418025064,0.0806942303
119,0.1069972565,0.0043587311,0.022752432,0.0188737944,0.041745663,0.0806408576
120,0.1067805601,0.0042397751,0.0225745015,0.0188357167,0.041686327,0.0805899688
121,0.1065600008,0.004132175,0.0224034866,0.018792421,0.0416390378,0.0805345463
122,0.1063426574,0.004044687,0.022220853,0.0187624953,0.0415753951,0.0804664017
123,0.1060902257,0.0039508031,0.0220153237,0.0187117534,0.0415062374,0.0803732999
124,0.1058727213,0.0038851105,0.0218715387,0.0186769612,0.0414558719,0.0803028098
125,0.105662241,0.0038214259,0.0216946496,0.0186486848,0.0414060687,0.0802221884
126,0.1054530151,0.0037685064,0.0215546553,0.0186242152,0.041359754,0.0801428805
127,0.1052224284,0.0037127094,0.0213832382,0.0185833097,0.0413134862,0.0800531777
128,0.1050439947,0.0036744798,0.0212401841,0.0185611264,0.041267072,0.0799838359
129,0.1048892428,0.0036429402,0.0211151238,0.0185393515,0.0412343388,0.0799099022
130,0.1047467576,0.0036122769,0.0210043899,0.0185280446,0.0412191069,0.0798405958
131,0.104616402,0.0035833267,0.0208832048,0.0185204204,0.041209346,0.0797801264
132,0.1044743294,0.0035554326,0.0207496308,0.0185096636,0.0411855433,0.0797040508
133,0.104383567,0.0035300279,0.0206425291,0.0184971633,0.0411836593,0.0796529957
134,0.1043101291,0.0035081082,0.0205469736,0.0184993706,0.0411925615,0.0795992991
135,0.1042058102,0.0034845724,0.0204423608,0.018493859,0.0411731347,0.0795474245
136,0.104110693,0.0034613293,0.020356411,0.0184861558,0.0411573656,0.0795037827
137,0.1039895072,0.0034329202,0.0202448924,0.0184763742,0.0411351757,0.0794510726
138,0.1038997699,0.0034199989,0.0201536167,0.0184706125,0.041114075,0.0794026955
139,0.1038052672,0.0034007786,0.0200854672,0.0184690498,0.0411045713,0.0793633226
140,0.1037299093,0.0033882009,0.0200205614,0.018468944,0.041099427,0.0793335224
141,0.1036668034,0.0033774898,0.019941231,0.0184646985,0.0410904022,0.0793006182
142,0.1035736695,0.003361177,0.0198613224,0.0184567336,0.0410651385,0.0792698696
143,0.103499029,0.0033505618,0.0197923595,0.0184469542,0.0410493538,0.0792336869
144,0.1034299631,0.0033329103,0.0197315277,0.0184490821,0.0410429278,0.0792109932
145,0.1033593966,0.0033299972,0.0196746174,0.0184373567,0.0410263178,0.0791776513
146,0.1032650078,0.0033253635,0.0196277142,0.0184334103,0.0410002159,0.0791538024
147,0.103128597,0.0033134731,0.0195563203,0.0184134126,0.0409596059,0.0791141224
148,0.1030281004,0.0033061835,0.0195070784,0.0184066803,0.0409357775,0.0790942187
149,0.1029429995,0.0032993523,0.0194523594,0.0183908686,0.0409101752,0.0790545676
150,0.1028915627,0.0032996451,0.0194028279,0.0183924521,0.040909833,0.0790274311
