Time [s],TGS2620,TGS2602,TGS2603,TGS2610,TGS2611,TGS2600
1,0.1148350592,0.0015632607,0.0257392986,0.0180573271,0.0367555475,0.0861747833
2,0.11492861,0.0015681286,0.0257393085,0.0180753457,0.036789659,0.0862335532
3,0.1150316536,0.0015754205,0.0257567479,0.0181091667,0.0368368716,0.0863029941
4,0.1151261151,0.0015823709,0.0257761255,0.0181350713,0.0368680942,0.0863649611
5,0.1152215634,0.0015869206,0.025793297,0.0181527405,0.0369040292,0.0864317923
6,0.1153364769,0.0015851652,0.0258441088,0.0181769637,0.0369445554,0.0865145435
7,0.1154442174,0.001586208,0.0258813622,0.0182048824,0.0369892489,0.0865924539
8,0.1155577819,0.001587759,0.0259092366,0.0182315968,0.0370312806,0.0866816284
9,0.1156882715,0.0015910639,0.025933237,0.018256217,0.0370777269,0.0867757897
10,0.1158210565,0.0015914424,0.0259805158,0.0182838431,0.0371121538,0.0868727943
11,0.1159308768,0.0015941282,0.0259885951,0.0183064878,0.0371404799,0.0869578005
12,0.1160266666,0.0015916676,0.026031812,0.0183277648,0.0371839442,0.0870385953
13,0.1161394644,0.0015917768,0.0260407586,0.0183470787,0.0372137786,0.0871270234
14,0.1162825407,0.0015946856,0.0260923989,0.0183732951,0.0372642228,0.0872284935
15,0.1164261586,0.0015948797,0.0261206611,0.0183980813,0.0373066926,0.087345865
16,0.116535443,0.0015978914,0.0261542255,0.0184248357,0.0373490735,0.0874430523
17,0.1166129862,0.0015874469,0.0261849497,0.0184290441,0.0373646559,0.0874996765
18,0.1166540301,0.0015892764,0.0261609712,0.0184332081,0.0373703846,0.0875317472
19,0.1166809251,0.0015842971,0.0261594108,0.0184408514,0.0373747775,0.0875610899
20,0.1167129063,0.0015824541,0.0262278754,0.0184457227,0.0373759107,0.0875934451
21,0.1167367057,0.0015785615,0.0262452735,0.0184496433,0.0373866382,0.0876198862
22,0.11677998,0.0015745929,0.0262574254,0.0184460933,0.0373911974,0.0876506558
23,0.1168311407,0.0015777483,0.0262858734,0.0184575307,0.0374096577,0.0877006043
24,0.1168904451,0.0015820435,0.026299174,0.0184743746,0.0374333276,0.0877485756
25,0.116973865,0.001585073,0.0263028955,0.0184928026,0.0374619831,0.0878236862
26,0.1171014706,0.0015907873,0.0263319604,0.0185236247,0.0375494724,0.0878817354
27,0.1174338593,0.0016025617,0.026379776,0.0185726584,0.0377337111,0.0879422841
28,0.1179173578,0.0016101379,0.0264834637,0.01863693,0.0379790588,0.0879891025
29,0.1187146873,0.0016215519,0.026527035,0.018726665,0.0383379863,0.0880587845
30,0.1194413687,0.001628077,0.0265710538,0.0188078866,0.0386501501,0.0881138009
31,0.1201898213,0.0016367313,0.0266320423,0.0188743442,0.0389389107,0.0881550034
32,0.1208787501,0.0016387408,0.0267167441,0.0189346716,0.0391865946,0.0881570317
33,0.1215488005,0.0016509157,0.0268257369,0.0189989167,0.0394220328,0.0881598226
34,0.1223891967,0.0016863766,0.0269549814,0.0190883377,0.0396945561,0.0881571112
35,0.1230725563,0.0017424673,0.0271378818,0.019180504,0.0399273264,0.0881716382
36,0.1238012749,0.0018264633,0.0273346748,0.0192934729,0.040159525,0.0881887668
37,0.124493498,0.0019366253,0.0275628037,0.0194081635,0.0404008801,0.0882144081
38,0.1251496132,0.0020455191,0.0278184437,0.0195091536,0.0406085866,0.0882102971
39,0.125909731,0.0021955964,0.0281144573,0.0196379676,0.0408336102,0.0882055368
40,0.1264914732,0.0023282212,0.0283813219,0.0197329026,0.0410053147,0.0882116291
41,0.1270114597,0.0024792622,0.0286669222,0.0198338944,0.0411608154,0.0882066479
42,0.1274855411,0.002632439,0.0289600374,0.0199197147,0.0413038128,0.0881937015
43,0.1280006953,0.0028109026,0.0292432503,0.020042312,0.0414931874,0.0882073376
44,0.1285965578,0.0030436393,0.0296000244,0.0201762401,0.0416881672,0.0882460519
45,0.1290413002,0.003293086,0.0299255727,0.0203162703,0.041865212,0.088299074
46,0.1295158812,0.0035841925,0.030340825,0.0204654288,0.042090855,0.0883705498
47,0.1300410716,0.0038618395,0.0307289367,0.0206065679,0.0423044235,0.0884621327
48,0.1305567516,0.0041101351,0.0310781936,0.0207160739,0.0424872328,0.0885395204
49,0.1311410882,0.0043901097,0.0314784751,0.0208290461,0.0426650428,0.0886641628
50,0.1316434305,0.004615251,0.0318684427,0.0209268915,0.0428165149,0.0887908855
51,0.1321792115,0.0048251213,0.0321923268,0.0210486131,0.0430070922,0.08894136
52,0.1327411979,0.0050364568,0.032518714,0.0211814509,0.0432404485,0.0890919548
53,0.1333577908,0.0052430432,0.0329282285,0.0213366868,0.0435077101,0.089237733
54,0.1338153678,0.0054226611,0.0332224786,0.0214556153,0.0437233213,0.0893334858
55,0.1343061731,0.0055776659,0.0335304497,0.0215613079,0.0439247283,0.0894410693
56,0.1348056226,0.0057086922,0.0338153332,0.0216545488,0.044096116,0.0895823217
57,0.1352870815,0.0058133851,0.0340741767,0.0217425526,0.0442631001,0.0897396237
58,0.1358502872,0.0059165874,0.0344111386,0.0218244119,0.0444310511,0.0899333316
59,0.1362270262,0.006005243,0.0346068189,0.0218652781,0.0445250914,0.0900671445
60,0.1365814107,0.0060919946,0.0347922682,0.0219181962,0.044640074,0.0901821374
61,0.1369348269,0.0061322949,0.0349424115,0.0219545061,0.0447553848,0.0902941532
62,0.1372724671,0.0061350967,0.0350778277,0.0219693866,0.0448368491,0.0904377142
63,0.1376093798,0.0061419911,0.0352363549,0.021976621,0.0449051321,0.0905989614
64,0.1378601922,0.0061438949,0.0353705002,0.0219678658,0.0449428765,0.0907068755
65,0.1380586002,0.006152294,0.0354918506,0.0219700479,0.0449836936,0.0908212389
66,0.1380835416,0.0061850724,0.0356042358,0.0219541663,0.0449292703,0.0909118184
67,0.1379284622,0.0062485877,0.0357178435,0.021916647,0.0447560223,0.0909666017
68,0.1376920772,0.0063496967,0.0358411826,0.0218769543,0.0445101994,0.0910671298
69,0.1374602529,0.0064352516,0.035939073,0.0218544231,0.0443171739,0.0911841172
70,0.1372054999,0.0065090777,0.0359872066,0.0218391133,0.0441348216,0.0913222446
71,0.1368968103,0.0065755552,0.0360539177,0.0218113241,0.0439419049,0.0914384546
72,0.1365154207,0.0066600314,0.036136326,0.0217892874,0.0437377137,0.0915934465
73,0.1362171336,0.0067446623,0.0362193957,0.0217749225,0.0435804959,0.0917399263
74,0.1359084886,0.0068203391,0.0362824144,0.021756987,0.0434435657,0.0918699176
75,0.1356136675,0.006899998,0.0363250018,0.0217302302,0.0433107099,0.0920118942
76,0.1353171701,0.0069689207,0.0363445289,0.0217037325,0.0431852668,0.0921525417
77,0.1349225583,0.007021323,0.0363954413,0.0216637694,0.0430291357,0.0922720958
78,0.1345612124,0.0070319089,0.0364397768,0.0216107387,0.0428949998,0.092340172
79,0.1342509946,0.007035451,0.0364419297,0.021564014,0.0427814509,0.0924304419
80,0.1339908267,0.0070276998,0.0364793955,0.0215279004,0.04269017,0.0925394191
81,0.1337532187,0.0070148151,0.0364436329,0.0215011826,0.0426146816,0.0926645808
82,0.1334857332,0.006972099,0.0364203193,0.0214538957,0.0425278886,0.0927957528
83,0.1332897187,0.0069450188,0.0364208066,0.0214294631,0.0424730221,0.0929241751
84,0.1330991688,0.0069091798,0.0363712888,0.021395598,0.0424105964,0.0930380026
85,0.1329258736,0.0068727752,0.0363169794,0.0213786453,0.042367005,0.0931642073
86,0.1327742023,0.0068405877,0.0362757652,0.0213554777,0.0423295123,0.0932905892
87,0.1326235415,0.0068051518,0.0361923036,0.0213435353,0.0422961974,0.0934521994
88,0.1325131022,0.006771426,0.0362216942,0.0213300361,0.0422780923,0.0935816469
89,0.1324197628,0.0067355315,0.0361858966,0.0213233787,0.042254041,0.0937140609
90,0.1323317677,0.006703039,0.0361427529,0.0213132625,0.0422380492,0.0938506634
91,0.1322349301,0.0066718694,0.036110512,0.0212945112,0.0422149121,0.0939720167
92,0.1321170507,0.0066284972,0.0360441067,0.0212837123,0.0421873959,0.0941012593
93,0.1320203101,0.0065924033,0.0360303732,0.0212748528,0.0421717295,0.0942007035
94,0.1319226715,0.0065612832,0.0360002219,0.0212661413,0.0421518569,0.0943078231
95,0.1318364282,0.0065337106,0.0359503876,0.0212565223,0.0421302446,0.0943937848
96,0.1317390598,0.0064948296,0.0359027943,0.0212440144,0.0421075247,0.0945022626
97,0.131656368,0.0064723379,0.0358510279,0.0212391925,0.042092093,0.0945901459
98,0.1315489734,0.0064437611,0.0358512493,0.021223146,0.0420663205,0.094646799
99,0.1314789686,0.0064203175,0.0357931375,0.0212172714,0.0420526284,0.0947263899
100,0.1314058789,0.0064011623,0.035810105,0.0212034662,0.0420380896,0.0947890004
101,0.1313543658,0.0063839237,0.0357055327,0.0212037894,0.0420301336,0.0948892352
102,0.1312988285,0.0063682073,0.0357114175,0.0212058454,0.0420354911,0.0949858456
103,0.1312542803,0.0063468632,0.0357530025,0.021204112,0.0420325578,0.0950657184
104,0.1311981976,0.0063293932,0.0357278057,0.0212025836,0.0420203317,0.0951553555
105,0.1310584768,0.0062968759,0.0357224351,0.0211863977,0.0419555872,0.0952286637
106,0.1308216522,0.0062300464,0.0356523507,0.0211407978,0.0418010204,0.0953300049
107,0.1305436237,0.0061165093,0.0355678423,0.0210760303,0.0416646648,0.0953727687
108,0.1302598795,0.0059882907,0.0354416628,0.0210040745,0.0415250527,0.0954004762
109,0.1299761203,0.0058262638,0.0353313893,0.0209383527,0.0414081698,0.095408634
110,0.129723462,0.0056529896,0.0351455009,0.0208676371,0.041318006,0.0954014702
111,0.1294211156,0.0054387713,0.0349430165,0.020800272,0.0412085273,0.0953671372
112,0.1291231984,0.0052439863,0.0347902819,0.0207253211,0.0410845856,0.0953015687
113,0.1288149857,0.0050286789,0.0345296667,0.0206521832,0.0409662552,0.0952445202
114,0.1284639087,0.0048107311,0.0343141588,0.0205728759,0.0408349034,0.0951514479
115,0.1281333476,0.0045921476,0.0341110271,0.0204936481,0.0407100257,0.0950513459
116,0.1277345148,0.0043271897,0.0338039349,0.0203988028,0.0405460017,0.0949071735
117,0.1273296555,0.0041097747,0.0335286897,0.0203070948,0.0403951791,0.0947286564
118,0.1269183853,0.0038889873,0.0332541903,0.0202021308,0.0402430109,0.0945347414
119,0.1265213966,0.0036834859,0.0329810337,0.0201109663,0.0400879049,0.0943625699
120,0.126067306,0.003452178,0.0326532324,0.0200083114,0.0399306377,0.0941524696
121,0.1257107264,0.0032810858,0.0323964416,0.0199379575,0.039815882,0.0939753316
122,0.1253749239,0.0031139947,0.0321331157,0.0198686519,0.0397156907,0.0938022198
123,0.1250754641,0.0029723901,0.0318655226,0.0198059911,0.0396270002,0.0936368256
124,0.1247976679,0.0028339301,0.0316133874,0.0197492164,0.0395490407,0.0934807045
125,0.1244903092,0.0026830859,0.0312970023,0.0196945922,0.0394731745,0.0933003037
126,0.1242413741,0.0025682313,0.0311094037,0.0196492518,0.0394112859,0.0931543667
127,0.1240222985,0.002456331,0.030907305,0.0196115147,0.0393512977,0.0930138923
128,0.1238155921,0.002357687,0.0306786782,0.019573111,0.0393033936,0.0928828334
129,0.1236011236,0.002260592,0.0304728534,0.0195389967,0.0392405675,0.092753573
130,0.1233558839,0.0021550197,0.0301903908,0.0194965569,0.0391869284,0.0925996248
131,0.1232001014,0.0020740016,0.0300510389,0.0194692594,0.0391427474,0.0924914723
132,0.1230481591,0.0020014133,0.0298400835,0.0194393108,0.0391009716,0.0923703273
133,0.1228917,0.0019363807,0.0296607838,0.0194115097,0.039064266,0.0922565484
134,0.1227393743,0.0018709138,0.0295087418,0.0193846902,0.0390323015,0.092144412
135,0.1225497345,0.001803294,0.0292817373,0.0193536649,0.03898281,0.0920066573
136,0.1224115715,0.0017549649,0.0291457609,0.0193278276,0.038948309,0.0919020647
137,0.1222514974,0.0017114888,0.0290142522,0.0193080892,0.038911471,0.091780946
138,0.1221005868,0.0016672106,0.0288537642,0.0192838507,0.0388654353,0.0916885442
139,0.1219683392,0.0016334684,0.0287452332,0.019259589,0.038831825,0.0915976908
140,0.1218511001,0.00159307,0.0286217953,0.0192415647,0.0388124417,0.0915152458
141,0.1217545306,0.0015658024,0.0284797943,0.0192278481,0.0387985585,0.0914525465
142,0.1216718292,0.0015390195,0.0283871292,0.0192249322,0.038787347,0.0913972938
143,0.1216082194,0.0015174473,0.0282372239,0.0192140249,0.0387829311,0.0913478832
144,0.1215080308,0.00149318,0.0281261968,0.0192049657,0.0387595911,0.0912783869
145,0.1214220209,0.0014757125,0.0281184151,0.0191958825,0.0387377904,0.0912130394
146,0.1213294791,0.0014564228,0.027961437,0.019181904,0.0387216137,0.0911483917
147,0.121259692,0.0014370769,0.0279067373,0.0191732339,0.0387172675,0.0910921314
148,0.1212075784,0.0014250465,0.0278119691,0.019166491,0.0387199412,0.0910322371
149,0.1211352824,0.0014031783,0.0276974128,0.0191583728,0.0387042777,0.0909577624
150,0.1210843327,0.0013889742,0.0276239147,0.019154795,0.0386996925,0.0908890354
