Time [s],TGS2620,TGS2602,TGS2603,TGS2610,TGS2611,TGS2600
1,0.11331827,0.00095129,0.0245785,0.01793645,0.03711127,0.0858292
2,0.11324843,0.00095723,0.0245621,0.01792921,0.03708572,0.08574416
3,0.11324169,0.00096608,0.02458535,0.0179276,0.03708441,0.08571658
4,0.11326776,0.0009678,0.02459782,0.01793515,0.03708753,0.08571145
5,0.11329966,0.00097635,0.02460789,0.01794682,0.03711369,0.0857194
6,0.11336406,0.00098641,0.02463033,0.01796574,0.0371305,0.08575221
7,0.11341126,0.00099316,0.02464532,0.0179747,0.03715153,0.08577324
8,0.11349921,0.00099587,0.02462087,0.01799533,0.03717931,0.08582668
9,0.11359441,0.00100101,0.02470127,0.01801525,0.03721181,0.0858775
10,0.11366908,0.00100403,0.02469725,0.01803568,0.03723918,0.08592771
11,0.11375884,0.00100815,0.02471154,0.01805269,0.0372739,0.08599372
12,0.11384739,0.00100946,0.02470681,0.01806798,0.03729805,0.08605028
13,0.11394219,0.00101439,0.02473176,0.01808348,0.03732622,0.08611317
14,0.11404907,0.00101761,0.02475733,0.01810421,0.03736346,0.08618694
15,0.11416178,0.001016,0.0247529,0.01812172,0.03738993,0.08627107
16,0.11424791,0.00102455,0.02480311,0.01814044,0.03742445,0.0863401
17,0.1143241,0.00101882,0.02480482,0.01815211,0.03744497,0.08639404
18,0.11438981,0.00102073,0.02482767,0.01816399,0.03745906,0.08644305
19,0.11443207,0.00102013,0.02482636,0.01816438,0.03746701,0.08647193
20,0.1145001,0.00102486,0.02484106,0.01818089,0.03749197,0.08653915
21,0.11457638,0.00102979,0.02484136,0.01819508,0.03751481,0.0865943
22,0.11465115,0.00102908,0.0248953,0.01820293,0.03754098,0.08665709
23,0.11471173,0.00102606,0.02489871,0.0182141,0.03755718,0.08670741
24,0.11475651,0.00103693,0.02490073,0.01822165,0.0375762,0.08675128
25,0.11483863,0.0010482,0.02494279,0.01824067,0.0376402,0.08679587
26,0.11498927,0.00105142,0.02495085,0.01825878,0.03774577,0.08682052
27,0.11523029,0.00106118,0.02496775,0.01829189,0.03788816,0.08685927
28,0.11552273,0.00106189,0.0249911,0.01831514,0.03803005,0.08688563
29,0.11585743,0.00107467,0.02503336,0.01834774,0.03816892,0.08689761
30,0.116266,0.00108443,0.02512162,0.01839685,0.03834251,0.08690234
31,0.11658842,0.0011123,0.02521993,0.01843227,0.03846015,0.08689912
32,0.11690783,0.00113636,0.0253412,0.01848822,0.03856904,0.08689982
33,0.11723126,0.00119131,0.02547735,0.01854558,0.03868577,0.08690354
34,0.11759878,0.00125822,0.02569673,0.01861643,0.03881216,0.08690555
35,0.11790419,0.00132293,0.02590393,0.01868385,0.03893937,0.08690988
36,0.11824282,0.00138703,0.02606827,0.0187544,0.03908246,0.08692055
37,0.11860349,0.00144832,0.02628342,0.01882665,0.0392306,0.08693112
38,0.11897543,0.00150387,0.02645218,0.01889397,0.03937822,0.0869288
39,0.11941872,0.00157431,0.02670678,0.01897035,0.03953149,0.08693564
40,0.11976882,0.00162634,0.02685239,0.01902258,0.0396436,0.08693866
41,0.12011228,0.00169306,0.02705285,0.01908356,0.03976224,0.08693887
42,0.12044829,0.00178181,0.02724084,0.01913952,0.03987223,0.08695789
43,0.12077594,0.00190197,0.02751536,0.01919768,0.0399779,0.08696382
44,0.12119689,0.00208391,0.02784866,0.0192802,0.04012441,0.08699562
45,0.12154156,0.00223506,0.02813566,0.01934712,0.04024628,0.08702833
46,0.12188934,0.00236931,0.02845044,0.01942259,0.04037237,0.08708157
47,0.12224951,0.00249429,0.02876009,0.01950662,0.04053308,0.08714224
48,0.12262557,0.0026228,0.02910717,0.01958924,0.0406797,0.08721309
49,0.12302368,0.00278592,0.02951302,0.01967287,0.04081697,0.08729369
50,0.12332305,0.0029264,0.02984249,0.01973506,0.04092163,0.08736957
51,0.12363492,0.00306488,0.03019138,0.01978688,0.04103816,0.08743901
52,0.12397083,0.00320194,0.03055577,0.0198528,0.04117331,0.08752948
53,0.12430291,0.00333176,0.03089933,0.01990513,0.04129296,0.08760847
54,0.12471712,0.00348361,0.03133497,0.01997024,0.04144693,0.08768999
55,0.12509992,0.00358233,0.03166847,0.02003504,0.04158942,0.08774996
56,0.1254777,0.00366706,0.03197972,0.02010821,0.04173393,0.08782604
57,0.12577235,0.00374203,0.03228373,0.02016868,0.04182732,0.08790594
58,0.12611712,0.00384659,0.0326291,0.02023258,0.04192453,0.08800527
59,0.12634394,0.00394421,0.03292175,0.0202823,0.04199165,0.08808829
60,0.12652046,0.00405349,0.03325564,0.02032155,0.04201289,0.08817242
61,0.12672725,0.00417184,0.03356237,0.02037579,0.04205585,0.08831552
62,0.126973,0.00428978,0.03385541,0.02044009,0.04210074,0.08854898
63,0.12713633,0.00438779,0.03412692,0.02048256,0.04206944,0.08879543
64,0.12718724,0.00443932,0.03430946,0.02050047,0.04200644,0.08897738
65,0.12717346,0.00448702,0.03449996,0.02051536,0.04192322,0.08913527
66,0.12710815,0.00452616,0.03466249,0.02052009,0.04184543,0.08928662
67,0.12697924,0.00454055,0.03477871,0.02051516,0.04175124,0.08941685
68,0.12678552,0.00455907,0.03491185,0.02050429,0.0416342,0.08954605
69,0.12664946,0.00458443,0.0350314,0.02050138,0.04155984,0.08967969
70,0.12650264,0.00461301,0.03512368,0.02049162,0.04148094,0.08980307
71,0.12632845,0.00463042,0.0352384,0.02047924,0.04139581,0.08990481
72,0.12610021,0.0046269,0.03523508,0.02043617,0.04129477,0.08996267
73,0.12584119,0.00460617,0.0352848,0.02038887,0.04117683,0.0900319
74,0.12564012,0.00457638,0.03528429,0.0203467,0.04108656,0.09008866
75,0.12549581,0.00453643,0.03528258,0.02032497,0.04103152,0.09019685
76,0.12533832,0.0044842,0.03527363,0.02028552,0.04096953,0.0902692
77,0.12515588,0.00443268,0.03521455,0.02024949,0.04089747,0.09031086
78,0.12497393,0.00436666,0.03521335,0.0202037,0.04082381,0.09038049
79,0.12484613,0.00431312,0.03513586,0.02018006,0.04077269,0.09045175
80,0.12474308,0.00426764,0.03510507,0.02015661,0.04074331,0.09053668
81,0.12464607,0.00422155,0.03503462,0.02013175,0.0407103,0.09061135
82,0.12454302,0.00417113,0.03497867,0.0201082,0.0406776,0.09069437
83,0.1245075,0.00412997,0.03488911,0.0201076,0.04068343,0.09081775
84,0.12442971,0.00409042,0.03481726,0.02009653,0.04065596,0.09089503
85,0.12431197,0.00404303,0.034777,0.02006533,0.04060413,0.09092754
86,0.12420983,0.00401012,0.03471099,0.0200446,0.04057626,0.09096497
87,0.12413244,0.0039759,0.03463934,0.02003495,0.04055975,0.09104175
88,0.1241574,0.00395608,0.03460241,0.02004521,0.04058672,0.09118274
89,0.12412057,0.00392509,0.03452764,0.02003434,0.0405687,0.09125359
90,0.12396318,0.00389289,0.03443204,0.02000123,0.04050984,0.09123346
91,0.12383809,0.00386712,0.03440386,0.01997839,0.04046656,0.09123748
92,0.12372891,0.00384981,0.03434569,0.01995715,0.04043789,0.09126566
93,0.12366269,0.0038316,0.03427142,0.01993944,0.04041464,0.09129173
94,0.12360674,0.00382204,0.03424486,0.0199317,0.04040578,0.09132644
95,0.12354817,0.00380876,0.03421527,0.01992042,0.04038666,0.09136468
96,0.12350389,0.00379748,0.0341889,0.01991469,0.0403766,0.09139045
97,0.12346434,0.00378823,0.03416556,0.01990785,0.04037006,0.09143754
98,0.12354223,0.00379869,0.03424033,0.01993431,0.04041182,0.09155256
99,0.12352925,0.00378823,0.03416677,0.01993522,0.04041283,0.09160741
100,0.12347582,0.00377555,0.03413597,0.01992002,0.0403923,0.09162552
101,0.12340185,0.00376126,0.03414443,0.01990593,0.04036654,0.09163438
102,0.12333121,0.00376166,0.03410116,0.0199007,0.0403452,0.09164414
103,0.12325895,0.00375723,0.03411343,0.01988863,0.04033182,0.09166296
104,0.12322916,0.00375462,0.03405809,0.01988691,0.04032477,0.09169687
105,0.12327858,0.00376005,0.03409954,0.01990231,0.04036121,0.09178684
106,0.12320753,0.00374657,0.03407912,0.01989386,0.0403294,0.09183122
107,0.12307007,0.00372513,0.03406664,0.01987544,0.04026671,0.09183927
108,0.12282241,0.00368437,0.03399519,0.0198219,0.04012784,0.09183494
109,0.12248177,0.00360548,0.03386578,0.01973728,0.03993603,0.09179539
110,0.12207833,0.00349287,0.03371151,0.01962859,0.03974241,0.09170512
111,0.12163635,0.00334011,0.03349172,0.01952212,0.03956248,0.09159926
112,0.12131926,0.0032104,0.03327023,0.01943739,0.03944404,0.09149913
113,0.12101988,0.00308994,0.03308366,0.01936403,0.03934572,0.09139376
114,0.12068981,0.00298035,0.03290444,0.01929127,0.03922043,0.09126324
115,0.12033528,0.00286683,0.03267016,0.0192158,0.03909605,0.09112478
116,0.11989904,0.00272041,0.03238557,0.01910983,0.03892487,0.09093075
117,0.11956373,0.00260046,0.03209213,0.01902741,0.03880291,0.09078494
118,0.11926575,0.00249007,0.0318335,0.01895878,0.03869644,0.09065865
119,0.11895288,0.00238592,0.03156763,0.01889045,0.03859903,0.09052279
120,0.11865632,0.00227954,0.0313234,0.01882776,0.03849376,0.09038774
121,0.11831307,0.00217166,0.03102421,0.01875389,0.03838498,0.09021626
122,0.11803331,0.00208431,0.03082134,0.01869774,0.03829451,0.09007236
123,0.11775747,0.00201146,0.03059885,0.01864883,0.03821441,0.08992785
124,0.1174919,0.0019377,0.03034002,0.01858805,0.03814044,0.0897765
125,0.11717612,0.00186282,0.03007525,0.01852606,0.03803941,0.08959828
126,0.11690964,0.00180959,0.02984199,0.01847202,0.037959,0.0894414
127,0.1166482,0.00175102,0.029638,0.01842603,0.03788776,0.08928682
128,0.11641192,0.00168803,0.02943905,0.01837692,0.03782174,0.0891403
129,0.11619163,0.00163882,0.02923064,0.01833647,0.03775694,0.08899217
130,0.11593341,0.00158317,0.0290651,0.01828293,0.03768176,0.08881667
131,0.11570849,0.00153909,0.02881735,0.01823986,0.03761564,0.08868082
132,0.11548399,0.00149662,0.02865251,0.01819115,0.03754842,0.08852695
133,0.11524307,0.00145838,0.0284752,0.01814526,0.03747637,0.08835819
134,0.11501916,0.00142326,0.02832404,0.01810773,0.0374172,0.08820502
135,0.11480019,0.00138794,0.02810466,0.01806617,0.03736316,0.08805538
136,0.11461804,0.00135251,0.02792564,0.01804021,0.03731496,0.08792748
137,0.11443006,0.00132031,0.02781202,0.01799904,0.03725417,0.08779002
138,0.11424258,0.00129657,0.02762203,0.01797017,0.03720406,0.08764692
139,0.11405953,0.00126919,0.02752542,0.01794078,0.03716632,0.087533
140,0.11386974,0.00124363,0.02734791,0.01791079,0.03712366,0.08738668
141,0.11373519,0.00121596,0.02720864,0.01788322,0.03708289,0.08725988
142,0.11361775,0.00120157,0.02709663,0.01786752,0.03705794,0.08715855
143,0.11348693,0.00118224,0.0269661,0.01784951,0.03703238,0.08704886
144,0.11334725,0.00116956,0.02685602,0.01782868,0.03700098,0.08693715
145,0.11320134,0.00114361,0.02676475,0.0178011,0.03695992,0.08682696
146,0.11305461,0.00113213,0.02665072,0.01777695,0.03691202,0.0866895
147,0.11291916,0.00111341,0.02658341,0.0177536,0.03687086,0.08658906
148,0.11279579,0.00110647,0.02648156,0.01773468,0.03684238,0.08650514
149,0.11265289,0.00108524,0.02639532,0.01771416,0.03679891,0.08639676
150,0.11254461,0.00107296,0.02629006,0.01769001,0.03676601,0.08629965
