Time [s],TGS2620,TGS2602,TGS2603,TGS2610,TGS2611,TGS2600
1,0.107396807,0.0056118763,0.021399669,0.018565439,0.0421593129,0.0803495316
2,0.107142813,0.0055826955,0.0213332879,0.0184855424,0.0420262531,0.080161206
3,0.1067864916,0.0055563847,0.0212671625,0.0183954554,0.0418731862,0.0799092728
4,0.1067944254,0.0055762826,0.0212689275,0.0184067119,0.0419029272,0.0799271839
5,0.1066817383,0.0055882003,0.0212519597,0.0183856552,0.0418759619,0.0798561331
6,0.1064970153,0.0055846323,0.0212171449,0.0183436507,0.0417987373,0.0797146569
7,0.1062491481,0.0055857941,0.0211755156,0.0182970084,0.0417122407,0.0795269061
8,0.106046068,0.0055873882,0.0211590421,0.0182618421,0.0416334373,0.0793677903
9,0.1058210653,0.0055842275,0.0211464327,0.0182142851,0.0415533473,0.0791804603
10,0.1057341891,0.005601503,0.0211403352,0.0182103167,0.0415392371,0.0791114391
11,0.1056754995,0.0056136385,0.0211390415,0.0182073142,0.0415342021,0.0790544374
12,0.1057344283,0.0056438376,0.0211697814,0.018234097,0.0415955183,0.0790948739
13,0.1057873682,0.0056651098,0.0211833182,0.0182651581,0.0416436,0.0791293306
14,0.1059472609,0.0056955894,0.0212211545,0.0183225852,0.0417490714,0.0792553924
15,0.1059618744,0.0057052986,0.0212355302,0.0183280762,0.0417662178,0.0792646067
16,0.1058548496,0.0057060252,0.0212342494,0.0183075869,0.0417307206,0.0791830776
17,0.1057421755,0.0057098485,0.0212374649,0.0182849544,0.0416891495,0.0790939422
18,0.1055534462,0.0057026796,0.0212202378,0.0182505214,0.0416208277,0.0789480071
19,0.1053229125,0.0056947653,0.0211986757,0.0182003166,0.0415170329,0.078768367
20,0.105134428,0.0056915965,0.0211880341,0.0181538175,0.0414440526,0.0786099632
21,0.1048794713,0.0056839852,0.0211856161,0.0181023087,0.0413302356,0.0783975921
22,0.1049738001,0.0057215391,0.021221842,0.0181467849,0.0414137612,0.0784719844
23,0.1052461854,0.0057584174,0.021288773,0.0182280911,0.0415679018,0.0786782584
24,0.105425238,0.0057855903,0.0213348693,0.0182869291,0.0416722452,0.0788130611
25,0.1053551767,0.0057877599,0.0213310131,0.0182741601,0.0416514977,0.0787702269
26,0.1051124205,0.005774196,0.0213237544,0.0182170837,0.0415364195,0.0785793174
27,0.1051208701,0.0057871427,0.0213416783,0.0182356802,0.0415744852,0.078582087
28,0.105190205,0.0058033737,0.0213707511,0.0182590536,0.0416337394,0.0786064245
29,0.1052977107,0.0058248949,0.0214130442,0.0182877543,0.0416986607,0.078622001
30,0.1055511189,0.0058412693,0.0214478241,0.018328767,0.0418019035,0.0786593278
31,0.1059840283,0.0058652903,0.02148581,0.0183874114,0.0419550205,0.0787278182
32,0.1062649048,0.005853741,0.0214844798,0.0183893683,0.0419918156,0.0786605337
33,0.1067209256,0.0058682125,0.0215135942,0.0184264927,0.0420925724,0.0786484294
34,0.1071070415,0.0058682859,0.0215341087,0.0184278016,0.0421227909,0.0785157714
35,0.1076521587,0.0058843398,0.0215527839,0.0184575356,0.0422025003,0.0784604836
36,0.1083674459,0.0059223627,0.0216116071,0.0184999226,0.0423068693,0.0783638817
37,0.109047176,0.0059930667,0.0216884876,0.0185577912,0.0424342183,0.0782920905
38,0.1097266448,0.0061105382,0.0218107005,0.0185974079,0.0425226495,0.0781802411
39,0.1101752819,0.0062455308,0.0219386252,0.0185758636,0.0424887465,0.0778955683
40,0.1109117433,0.0064806849,0.0221694774,0.0186467695,0.0426386549,0.0778232284
41,0.1119811763,0.0068323662,0.0225571992,0.0188023586,0.0429444157,0.0779390254
42,0.1128547927,0.0071617696,0.0229192356,0.0189445458,0.0432180956,0.0780850983
43,0.1137892836,0.0075238164,0.0233378356,0.0191153502,0.043563344,0.0783342997
44,0.1144723627,0.0078626792,0.023741896,0.0192365906,0.0438166602,0.0784749996
45,0.1149481342,0.0081960659,0.0241234631,0.0193190056,0.0440027481,0.0785175388
46,0.1159482524,0.0086421301,0.0247274962,0.0195515964,0.0444999807,0.0789253774
47,0.116384634,0.0089474848,0.0251570109,0.0196317184,0.0446897894,0.0790206117
48,0.1168654681,0.0092903341,0.0256323887,0.0197511036,0.04493997,0.0792003672
49,0.1176858861,0.0096715226,0.0261889492,0.0199788214,0.0453721671,0.0796498499
50,0.1185587739,0.0100664802,0.0268391315,0.0201857988,0.0458060903,0.0800722942
51,0.1193063688,0.0103268106,0.0273258334,0.0203286474,0.0461550125,0.0804764782
52,0.1195651101,0.0104723393,0.0276988166,0.0203265774,0.046267651,0.0805829707
53,0.1196196237,0.010553225,0.0279992459,0.0202811544,0.0462699335,0.08057528
54,0.119859006,0.0106369652,0.0282890319,0.0203019079,0.0463816256,0.0807109712
55,0.120019274,0.0106764771,0.0285641253,0.0203030866,0.0464422235,0.0807660335
56,0.1202815818,0.0107047664,0.0288212904,0.020363587,0.0465831898,0.080899762
57,0.1209357369,0.0107715499,0.0290978061,0.0205116432,0.0468930986,0.0812830444
58,0.1215305204,0.0108200697,0.0293593498,0.020640805,0.0471678551,0.0816385243
59,0.1216719723,0.0108181063,0.0295213923,0.0206328378,0.0471918576,0.0816388784
60,0.1215805851,0.0108559926,0.0297035855,0.0205712014,0.0471138104,0.0814496108
61,0.1214065691,0.0109447716,0.0298472108,0.0204989681,0.0469794012,0.0812090394
62,0.1214176263,0.0110972743,0.0300713231,0.0204972538,0.0469400193,0.08109813
63,0.1214595979,0.0112847345,0.0302836024,0.0205040283,0.0469135013,0.0809947181
64,0.1218029096,0.0115444105,0.0306137644,0.0205606857,0.0470319779,0.0811325812
65,0.1220689797,0.0118326681,0.0309686321,0.0205661819,0.0470960261,0.0812346262
66,0.1222560446,0.0120440816,0.0312471537,0.0205596453,0.0471111357,0.0813055012
67,0.1223708743,0.0122174923,0.0315146486,0.0205447625,0.0470960666,0.0813561974
68,0.1226951955,0.0123716239,0.0318136674,0.0205860276,0.0472036508,0.0815518272
69,0.1232174838,0.0125174997,0.0321525552,0.0206671984,0.047409445,0.0818821369
70,0.1233682015,0.0125917229,0.0323856371,0.0206730783,0.047403586,0.0819543325
71,0.1233903702,0.0126366636,0.0325988974,0.020670916,0.0473431611,0.0819563464
72,0.1233955349,0.0127229071,0.0328417573,0.0206733127,0.0473192812,0.0819142175
73,0.1234293795,0.012870019,0.0330915877,0.0206820598,0.0473101943,0.0818586223
74,0.123529973,0.0131045803,0.0334107717,0.0207153138,0.047318108,0.0818487287
75,0.1238553043,0.0133882245,0.0337419642,0.0208170677,0.0474215457,0.082021804
76,0.1241052186,0.0136192498,0.0340709353,0.0208627535,0.047426731,0.0821451082
77,0.1241440798,0.0137978979,0.0343427254,0.0208320637,0.0472839486,0.0821602886
78,0.1244506131,0.0140075369,0.0346451873,0.0208937652,0.0473020861,0.0825058802
79,0.1243213565,0.0141556581,0.0348996915,0.0208428215,0.0470824845,0.0826667402
80,0.1240648432,0.0142574332,0.0350480476,0.0207796973,0.0468683734,0.082737783
81,0.1235323554,0.0143154375,0.0351443792,0.0206760225,0.0465715545,0.0826782629
82,0.1227577328,0.014330769,0.0351536985,0.0205063689,0.0461595003,0.082402273
83,0.1221128084,0.014400021,0.035239386,0.0203956419,0.0458669029,0.0822312417
84,0.1213400487,0.0144933365,0.0353624314,0.0202647625,0.0455262261,0.0820050401
85,0.1208798154,0.0146209581,0.0354883956,0.0202189898,0.0453600364,0.0819462961
86,0.1207567561,0.0148008317,0.0356918648,0.0202593902,0.04536905,0.0821368278
87,0.120744836,0.0149389423,0.0359087463,0.0203206804,0.0454241512,0.0823904979
88,0.1203392876,0.0149773118,0.036025609,0.0202680319,0.0452790024,0.0823519808
89,0.1200909542,0.0150373855,0.036173078,0.0202656138,0.0452183768,0.0824591087
90,0.1202217288,0.0151111935,0.0363382425,0.0203489429,0.0453508375,0.0827919502
91,0.1205652163,0.0151662761,0.0364806253,0.0204684939,0.0455502056,0.0832618007
92,0.1205963734,0.0151302933,0.0365508529,0.0205039965,0.0456015101,0.0835103227
93,0.1202926046,0.0150410634,0.0365394568,0.0204567406,0.0454897436,0.0835470822
94,0.118092918,0.0147803157,0.0364509562,0.0202292423,0.0449055201,0.0838243987
95,0.1180589822,0.0147945782,0.0365051738,0.020253697,0.0449315307,0.0839454027
96,0.1180130326,0.0147938655,0.0365297543,0.0202736259,0.0449489523,0.0840491865
97,0.1179667674,0.014792411,0.0365371442,0.020279827,0.0449572676,0.0841471294
98,0.1179044531,0.014786099,0.0365582599,0.020289491,0.044954854,0.0842294932
99,0.1177701751,0.0147646927,0.0365468208,0.0202790444,0.0449279902,0.0842678542
100,0.1175202156,0.0147290395,0.0365524768,0.0202333167,0.0448349412,0.0842002294
101,0.1174789398,0.0147390812,0.0365619867,0.0202414954,0.0448448122,0.0842705648
102,0.1176172708,0.0147589237,0.0365869347,0.0202933183,0.044944703,0.0844966242
103,0.1170988743,0.0146437132,0.0364909351,0.0201862003,0.0447224674,0.0842582608
104,0.116732221,0.0145731007,0.0364380103,0.0201149682,0.0445765233,0.0840951522
105,0.1164539316,0.0145326781,0.0364359029,0.0200806847,0.0444869182,0.0840524164
106,0.1161405101,0.0144616781,0.0363908583,0.02004435,0.0443742693,0.0840385742
107,0.1158278916,0.0143514888,0.0363049099,0.020003758,0.0442698583,0.0840621856
108,0.1153503477,0.0141030857,0.0361004692,0.0199261879,0.044118274,0.0840123471
109,0.1150486287,0.0138238259,0.0358894731,0.0198780143,0.0440440128,0.0840049364
110,0.1148008657,0.0135106779,0.035666257,0.0198422686,0.0439875861,0.0840116595
111,0.1146026654,0.013221858,0.0354128217,0.0198197795,0.0439530645,0.0840797726
112,0.1142743961,0.0128995269,0.0350972361,0.0197552617,0.04386378,0.0840556652
113,0.1136146173,0.0124388767,0.0346207251,0.0196203294,0.0436262761,0.0837981617
114,0.1131711095,0.01206992,0.034221206,0.0195351225,0.0434956869,0.0836621825
115,0.1128110275,0.0117155593,0.0338255911,0.0194834727,0.043415567,0.0835743217
116,0.1125339768,0.0113899588,0.0334301135,0.0194445855,0.0433634234,0.0835230727
117,0.1131575077,0.0112014435,0.0331996544,0.0196400883,0.0437751976,0.0841608254
118,0.1126851884,0.010794205,0.032649113,0.0195359855,0.0436220185,0.083926167
119,0.1119465098,0.0104520175,0.0321879565,0.0193606136,0.0433192234,0.083433513
120,0.1113165956,0.0101729549,0.0317449954,0.0192339625,0.0430921707,0.0830273635
121,0.1110046977,0.0099490944,0.0314115244,0.0191857576,0.0430237633,0.0828490764
122,0.1106340278,0.0097183133,0.0310276127,0.0191249493,0.042912308,0.0826155181
123,0.1103586844,0.0094818097,0.0306499912,0.0191064612,0.0428720671,0.0824556454
124,0.1101703751,0.0092942471,0.0303629807,0.019086759,0.0428548025,0.0823357935
125,0.1100968036,0.0091205392,0.030080501,0.0191039088,0.0429009868,0.082319099
126,0.1099510762,0.0089458551,0.0297743138,0.0191038343,0.0429025625,0.0822584927
127,0.1099141419,0.0087628642,0.0294410394,0.0191306204,0.0429634244,0.0822838251
128,0.1098068835,0.008593915,0.0291780324,0.0191269197,0.042974149,0.0822383398
129,0.1096007141,0.0084203775,0.0288825943,0.0190938937,0.0429333941,0.0820988749
130,0.1092743095,0.0082518492,0.0285601074,0.0190356056,0.0428302249,0.0818779373
131,0.108974733,0.0080977819,0.0282803464,0.018988784,0.0427490953,0.0816764198
132,0.1086711106,0.0079447014,0.0279439508,0.0189408603,0.0426676686,0.0814555954
133,0.1083423237,0.0078170957,0.0276740472,0.0188737253,0.0425482152,0.0811873414
134,0.1081027063,0.0077231461,0.0274247573,0.0188406304,0.0424941294,0.0809968614
135,0.1078830832,0.0076324608,0.0272155952,0.0188079431,0.0424403829,0.0808138195
136,0.1077779422,0.0075667836,0.0270363537,0.0188024583,0.042439065,0.0807185188
137,0.1077706127,0.0075083813,0.0268138995,0.0188360137,0.0425040327,0.0806979276
138,0.1075676478,0.007438297,0.0266335121,0.0188090294,0.0424485602,0.0805316695
139,0.1074153399,0.0073816996,0.026447568,0.0187951397,0.0424165671,0.0804055298
140,0.1071682558,0.0073186905,0.0262788431,0.018751529,0.042336212,0.0802012257
141,0.1069432267,0.0072632436,0.0261281968,0.0187145988,0.0422516855,0.0800123077
142,0.1059882966,0.0071187891,0.0258232021,0.0184712089,0.041799699,0.0792512624
143,0.1055250556,0.0070543588,0.0256813051,0.0183787521,0.0416034865,0.0788623735
144,0.1056110151,0.0070649771,0.025640458,0.0184303463,0.041691661,0.0789011977
145,0.1057261187,0.0070679863,0.0255878478,0.0184890865,0.041789942,0.078970805
146,0.1057475854,0.0070725892,0.0255553981,0.0185618225,0.041922021,0.0791167093
147,0.105725688,0.0070752593,0.0255030497,0.018618358,0.0420223991,0.0792410481
148,0.1057291134,0.0072601419,0.0257426366,0.0190815878,0.0419115234,0.0791293437
149,0.1056877293,0.0073204369,0.0257628509,0.019283626,0.0419154462,0.0791707622
150,0.105755816,0.0073675221,0.0257951412,0.0194633308,0.0419718949,0.0791458672
