Time [s],TGS2620,TGS2602,TGS2603,TGS2610,TGS2611,TGS2600
1,0.0996999481,0.0184942948,0.0376325427,0.0199596293,0.0435273758,0.074033018
2,0.0998564365,0.0184872465,0.0376767057,0.0199834116,0.0435861287,0.0741509131
3,0.0999871831,0.0184890855,0.0376946075,0.0200150007,0.0436429035,0.0742650308
4,0.1001081612,0.0184904789,0.0377110786,0.0200269622,0.0436803607,0.0743606406
5,0.1002272354,0.0184997012,0.0377322135,0.0200505201,0.043728926,0.0744525704
6,0.1003298746,0.0185029847,0.0377605591,0.0200667396,0.0437659442,0.0745427461
7,0.1004556948,0.0185192797,0.0377884924,0.0200933899,0.0438193789,0.0746497814
8,0.1005506046,0.018523355,0.037808867,0.0201024688,0.0438540328,0.0747290465
9,0.1006457979,0.0185338096,0.0378447269,0.0201285293,0.0438907341,0.0748059324
10,0.1007257745,0.0185427915,0.0378556171,0.0201394161,0.0439274744,0.07487907
11,0.1008153116,0.0185556259,0.0378687454,0.0201570517,0.0439604616,0.0749590354
12,0.1009102535,0.0185689361,0.0379038176,0.0201704926,0.0440012039,0.075038157
13,0.1009910503,0.018584436,0.037925101,0.0201871434,0.0440324959,0.0751019855
14,0.1010625544,0.0185957833,0.0379438127,0.0202010294,0.0440661665,0.0751641481
15,0.1011401507,0.0186075932,0.0379587891,0.0202142691,0.0440957284,0.0752373289
16,0.1012205122,0.0186229121,0.0379786995,0.0202318758,0.0441322651,0.0753026669
17,0.1012484645,0.0186301647,0.0380008076,0.0202306282,0.0441345566,0.0753233607
18,0.1012851493,0.0186372058,0.0379957456,0.0202380013,0.0441513381,0.0753569627
19,0.1013288441,0.0186517557,0.0380300299,0.0202517073,0.0441726072,0.0753989283
20,0.1013759226,0.0186667672,0.0380421764,0.020256949,0.0441878732,0.0754463334
21,0.1014350578,0.0186789026,0.03806393,0.0202710321,0.0442177094,0.0754935687
22,0.1014802992,0.0186920463,0.0380794211,0.0202791109,0.044236623,0.07553074
23,0.101531184,0.0187133257,0.0381160334,0.0202939417,0.0442642056,0.0755835846
24,0.1015803594,0.0187220925,0.0381407935,0.020297289,0.0442831623,0.0756322557
25,0.101634708,0.0187591945,0.0381734775,0.0203186074,0.0443141333,0.0757035161
26,0.1018021325,0.0189357679,0.0382694866,0.0203666424,0.0444221164,0.0758049909
27,0.1021633738,0.0190329304,0.0383577562,0.0204258113,0.0445913793,0.0758868849
28,0.1027164426,0.019065695,0.0384235613,0.0204853536,0.0447818033,0.0759545228
29,0.1033684884,0.0190712849,0.0385052703,0.0205412729,0.0449604865,0.0760107036
30,0.1041276572,0.0190652893,0.0385559237,0.0205822472,0.0451427228,0.0760718494
31,0.104759833,0.0190642587,0.0386023458,0.0206203869,0.0452787999,0.0761231048
32,0.1053580427,0.0190555528,0.038658592,0.0206520125,0.0453954094,0.0761637082
33,0.1059389994,0.0190607033,0.0387154587,0.0206960654,0.0455054563,0.0762054654
34,0.1065516388,0.0190855591,0.0388077412,0.0207416161,0.0456368231,0.0762440776
35,0.1073420804,0.0191477139,0.0389319648,0.0208196989,0.0458211132,0.0763122945
36,0.108029919,0.0192245648,0.039078676,0.0208875458,0.0459702279,0.0763548056
37,0.1087310642,0.0193398454,0.0392832684,0.0209654644,0.0461322513,0.0764059306
38,0.1094294124,0.0195031136,0.0395371557,0.0210492671,0.046289178,0.0764501613
39,0.1101138088,0.0196775104,0.0398064968,0.0211448875,0.0464388322,0.0764822304
40,0.1108541051,0.0199345987,0.0402054577,0.0212495126,0.0466021821,0.0765255128
41,0.1114051108,0.0202350298,0.0406075335,0.0213367666,0.0467335104,0.0765573326
42,0.1118504715,0.0205815323,0.0410390768,0.0213939329,0.0468313429,0.0765919127
43,0.1121940623,0.0209319869,0.0414235929,0.021438163,0.046919779,0.0766334373
44,0.112434253,0.0212237825,0.0417666092,0.0214803337,0.0469949166,0.0766703892
45,0.1127320564,0.0215033575,0.0421628214,0.0215232135,0.0470931477,0.0767339512
46,0.1129893353,0.0216666416,0.0424262308,0.0215513736,0.0471667137,0.0767991148
47,0.1132741377,0.0217881824,0.042677542,0.021593608,0.0472380078,0.0768654172
48,0.1135698866,0.0218966818,0.0429228564,0.021624622,0.0472992098,0.0769266678
49,0.1137828602,0.0220109104,0.0431354017,0.0216355829,0.0473205084,0.0769615095
50,0.1140427419,0.0221712687,0.0433696826,0.0216568582,0.0473613031,0.0770240404
51,0.1142867056,0.0223128163,0.0435824014,0.0216867449,0.0474241,0.077093166
52,0.1145511853,0.0224594274,0.0437511011,0.0216962538,0.047449314,0.0771582327
53,0.1147633445,0.0226029764,0.043931228,0.0217083115,0.0474513438,0.0772122808
54,0.115015576,0.0228461267,0.0441451228,0.0217488613,0.0475097371,0.0772881584
55,0.1152822669,0.0230053148,0.0443112446,0.0217833927,0.0475605631,0.0773623304
56,0.1155426662,0.0231411329,0.0444760108,0.0217990937,0.0476149791,0.0774466532
57,0.1157679668,0.0232670101,0.0446263256,0.0218180352,0.0476651143,0.0775362028
58,0.115991085,0.0233953424,0.0447515279,0.0218256821,0.0477113947,0.0776315751
59,0.1162386656,0.0235458181,0.044908385,0.0218398201,0.0477447491,0.0777342001
60,0.1164446166,0.0236654345,0.0450313993,0.0218551855,0.0478000851,0.0778248021
61,0.1166755143,0.0237938564,0.0451674914,0.0218781901,0.0478388336,0.0779214229
62,0.1168986406,0.0239186015,0.0453094131,0.0219057224,0.0478696811,0.0780153003
63,0.1170731637,0.0240767948,0.0454906937,0.021933061,0.0478844144,0.0780883434
64,0.1172848205,0.0243291668,0.0457882029,0.0219898241,0.0479451905,0.0781924095
65,0.1174550312,0.0245814194,0.0460729595,0.0220411731,0.0480358593,0.0782835339
66,0.1176377864,0.0248321563,0.0464005273,0.0220889786,0.0481201369,0.0783744458
67,0.1178227629,0.0250779988,0.0466925985,0.0221382366,0.0482016194,0.0784757625
68,0.1179861394,0.0253557781,0.0469908642,0.0221975185,0.0482969474,0.0785753782
69,0.1182600022,0.025685468,0.0474006991,0.0222752219,0.0484115412,0.0787030101
70,0.1185173119,0.0259079087,0.0477181403,0.0223256556,0.0484860968,0.0788075909
71,0.1187318024,0.0260952317,0.0480486257,0.0223602895,0.048530514,0.0789137181
72,0.1187720322,0.0262554888,0.0482794697,0.0223684053,0.0485046087,0.0790219435
73,0.1186127267,0.02642594,0.0484771739,0.0223506004,0.0483946776,0.0791778914
74,0.1183856823,0.0265259955,0.0485646431,0.022320526,0.0482737378,0.0792991132
75,0.1181177134,0.0265883824,0.0485711686,0.0222907905,0.0481612983,0.0794221594
76,0.117861401,0.0266367778,0.0485637655,0.022256965,0.0480532911,0.0795300754
77,0.117616777,0.0267023402,0.0485619896,0.0222397661,0.0479595636,0.0796284979
78,0.1173153659,0.026800077,0.0485752135,0.0222209042,0.047863416,0.0797364325
79,0.1170482975,0.0268944304,0.048584951,0.0222096457,0.0477963885,0.079834676
80,0.1167818576,0.0269840642,0.0485905519,0.0221929597,0.0477245617,0.0799203703
81,0.116531683,0.0270665119,0.0486014629,0.02217649,0.0476606845,0.0799995158
82,0.1162926269,0.0271451729,0.0485871772,0.0221611707,0.0476118334,0.0800903974
83,0.1160258015,0.0272379636,0.0485905996,0.0221375651,0.0475523088,0.0801888043
84,0.1158248616,0.0273117692,0.0485757333,0.0221280191,0.0475117536,0.0802764343
85,0.1156338476,0.0273806186,0.0485895012,0.0221111699,0.0474715287,0.0803538833
86,0.1154474317,0.0274401227,0.0485874845,0.022099732,0.0474325576,0.0804351178
87,0.1152717621,0.0274990065,0.0485920345,0.0220859872,0.0473986094,0.0805030666
88,0.1150806068,0.0275545251,0.0485685236,0.0220695752,0.0473651587,0.0805897108
89,0.114934193,0.0275968479,0.0485592554,0.0220676851,0.0473445215,0.0806708776
90,0.1147884354,0.0276299121,0.0485475422,0.0220569139,0.0473128743,0.0807410687
91,0.1146526747,0.0276662836,0.0485715371,0.0220509903,0.0472995745,0.0808135465
92,0.1144929896,0.0276879043,0.0485765413,0.0220396361,0.0472750943,0.0808933344
93,0.1143722065,0.0277089678,0.0485454392,0.0220403942,0.047261466,0.080976534
94,0.1142565037,0.0277242186,0.0485322255,0.0220269099,0.0472422594,0.0810464546
95,0.1141501416,0.0277353353,0.0485402025,0.0220225621,0.0472267955,0.0811128176
96,0.1140366293,0.0277471997,0.048535127,0.0220165009,0.0472157976,0.081180157
97,0.1139156872,0.0277525715,0.048512935,0.0220125376,0.0471983287,0.0812509711
98,0.1138171706,0.0277517076,0.0484764755,0.0220078494,0.0471871944,0.0813172564
99,0.1137390927,0.0277533928,0.0484732953,0.0220029676,0.0471775193,0.081373616
100,0.1136520096,0.0277506175,0.0484529035,0.0219945616,0.0471633958,0.0814238553
101,0.1135634677,0.0277442869,0.0484529775,0.0219916559,0.047150429,0.0814679226
102,0.1134402506,0.0277349044,0.0483940575,0.0219782245,0.0471264603,0.0815039303
103,0.1133517927,0.0277255434,0.0483842847,0.02197848,0.0471144261,0.0815489242
104,0.1132657452,0.0277176233,0.0483652237,0.0219655526,0.0471019288,0.081588129
105,0.1131968737,0.0277134047,0.0483460635,0.0219647619,0.0470909106,0.0816276101
106,0.1130949229,0.0276414451,0.0482964463,0.021945568,0.0470648696,0.0816675611
107,0.1129523865,0.0273359619,0.0480959469,0.0219052286,0.047013302,0.081703327
108,0.1128061056,0.0268736451,0.0477956776,0.0218502614,0.0469669724,0.081701136
109,0.1126785266,0.0263815836,0.0474224573,0.0218025963,0.0469308993,0.081663199
110,0.1125852597,0.0258680991,0.0470622118,0.0217674767,0.0469142077,0.0816188123
111,0.112519045,0.0254572693,0.0467402425,0.0217593845,0.0469252679,0.0815712341
112,0.1123909831,0.0251652525,0.0464816496,0.0217598776,0.0469059918,0.0815155342
113,0.1121792292,0.0250448863,0.0462882369,0.0217536474,0.0468637525,0.0814674572
114,0.1119204431,0.024965162,0.046144682,0.0217312419,0.0468014378,0.0814243297
115,0.1116395592,0.0248617028,0.0459661243,0.0217061091,0.0467403489,0.0813817087
116,0.11131245,0.0246559973,0.0457578667,0.0216736193,0.046670323,0.0813303126
117,0.1110532703,0.0244753121,0.0455886412,0.0216553548,0.0466280071,0.0812847716
118,0.1107782029,0.0242575464,0.0453654888,0.0216245865,0.0465697428,0.0812323397
119,0.1105240947,0.0240397695,0.0451699805,0.0215952561,0.0465134876,0.0811665617
120,0.1102578568,0.0238306091,0.044908545,0.021546955,0.0464444647,0.0811001345
121,0.1099423385,0.0235582416,0.0446114238,0.0214983092,0.0463690327,0.0809946263
122,0.109698935,0.0233358964,0.0443493669,0.0214663108,0.0463295207,0.0809040679
123,0.1094593994,0.0230962493,0.0440790463,0.0214337388,0.0462746278,0.080807278
124,0.1092227387,0.0228212529,0.0437930121,0.0213958751,0.0462181448,0.0807076764
125,0.1089981387,0.0225318374,0.043534114,0.0213675874,0.0461776191,0.0805991003
126,0.1087570355,0.0221824932,0.043186225,0.021338998,0.0461407769,0.0804766345
127,0.108572099,0.0219125697,0.0429179174,0.0213238079,0.0461185607,0.0803845275
128,0.1084059415,0.0216838794,0.0426451033,0.0213042774,0.0460948825,0.0802961709
129,0.1082440471,0.0214815403,0.042408465,0.0212889185,0.0460672069,0.0802058442
130,0.1080827836,0.021301987,0.0421851047,0.0212689646,0.0460453301,0.0801136657
131,0.107900009,0.0211195344,0.0419312411,0.021250535,0.046015294,0.0800181163
132,0.1077439118,0.0209819571,0.0417244453,0.021235038,0.0459963002,0.0799415891
133,0.1076246772,0.0208634279,0.0415313608,0.0212215525,0.0459819954,0.0798687244
134,0.1075082671,0.0207424117,0.0413415042,0.0212186297,0.0459734812,0.0797997868
135,0.1073757834,0.0206084611,0.0411648158,0.0212098519,0.0459707337,0.0797234216
136,0.1072627843,0.0205083868,0.0410089566,0.0212036949,0.0459527664,0.079655326
137,0.1071597076,0.0203990994,0.0408656871,0.0211964895,0.0459456774,0.0795950024
138,0.1070574462,0.0203025095,0.040737658,0.0211859353,0.0459310575,0.0795291458
139,0.1069512161,0.0202231326,0.0406233218,0.021178924,0.0459223744,0.0794720806
140,0.1068311921,0.0201313616,0.0404711862,0.0211764625,0.045906504,0.0794031885
141,0.1067285296,0.020053173,0.0403788326,0.0211682437,0.0458959725,0.0793479264
142,0.1066320794,0.0199762903,0.0402422034,0.0211581805,0.045878483,0.0792957224
143,0.1065523548,0.0198897309,0.0401547141,0.0211519923,0.0458643912,0.0792363401
144,0.1064638601,0.0198027219,0.0400362214,0.0211423865,0.045855232,0.0791835221
145,0.1063729723,0.0196977624,0.0399049338,0.0211373616,0.0458412531,0.0791227369
146,0.1063089053,0.0196081616,0.0398089864,0.0211291682,0.0458352577,0.0790686328
147,0.1062597771,0.0195362385,0.0397132866,0.0211271575,0.0458302855,0.0790169039
148,0.1062058815,0.019469315,0.0396284793,0.0211173406,0.0458246155,0.0789671812
149,0.1061765825,0.01941782,0.0395746797,0.021119469,0.0458292038,0.0789302228
150,0.106141606,0.0193621067,0.0394896067,0.0211206835,0.0458349883,0.078877824
