Time [s],TGS2620,TGS2602,TGS2603,TGS2610,TGS2611,TGS2600
1,0.1059940767,0.0043546025,0.0162485998,0.0177072931,0.0413833678,0.0759483005
2,0.1059613869,0.004362102,0.0162578972,0.0177058942,0.0413807086,0.0759252972
3,0.1059328702,0.0043721015,0.0162822733,0.0177033351,0.0413827685,0.0759052674
4,0.1059028843,0.00438464,0.0162877971,0.017704264,0.0413793924,0.0758873594
5,0.1058738988,0.0043929304,0.016299482,0.0177021905,0.0413803071,0.0758655204
6,0.1058416042,0.0044035303,0.0163293369,0.0177019515,0.0413770992,0.0758402674
7,0.1058185277,0.0044120138,0.0163410333,0.0177073512,0.0413861977,0.0758212358
8,0.1057851102,0.0044194944,0.0163601466,0.0177066391,0.0413811514,0.0758110434
9,0.1057566981,0.0044286111,0.0163807357,0.0177059536,0.041381334,0.0757896595
10,0.1057204225,0.0044398529,0.016390518,0.0177036131,0.0413771408,0.0757614635
11,0.1056946667,0.0044507624,0.0164113373,0.0177108126,0.0413812512,0.0757420236
12,0.1056625224,0.004453378,0.0164221545,0.0177075855,0.0413845624,0.0757214963
13,0.1056426366,0.004468639,0.0164447296,0.0177051182,0.0413837974,0.0757120415
14,0.1056047912,0.0044709585,0.0164485329,0.0177086079,0.0413819353,0.0756861389
15,0.1055845317,0.0044787747,0.0164755816,0.0177100413,0.0413824335,0.0756717379
16,0.1055482499,0.0044897845,0.0164889138,0.0177092146,0.0413836683,0.0756478024
17,0.1055291829,0.004500248,0.0165129276,0.0177049297,0.0413833334,0.0756294695
18,0.1055040572,0.0045093113,0.0165151683,0.0177108311,0.0413832524,0.0756054451
19,0.1054687136,0.0045142443,0.0165335824,0.017709279,0.0413853409,0.0755919998
20,0.1054441944,0.0045229862,0.0165391427,0.0177081304,0.0413772363,0.0755710841
21,0.1054114114,0.0045310572,0.0165648747,0.0177096768,0.0413773514,0.075545924
22,0.105382549,0.0045445474,0.016587574,0.0177072157,0.0413756938,0.0755260901
23,0.1053522791,0.0045487284,0.0166030489,0.0177158232,0.0413796412,0.0755055258
24,0.1053224924,0.0045504777,0.01661113,0.0177103241,0.0413703285,0.0754820453
25,0.1052852559,0.0045626514,0.0166279552,0.0177076952,0.0413665343,0.0754639605
26,0.1052589697,0.0045782243,0.0166614762,0.0177114217,0.0413652023,0.075425828
27,0.1053323847,0.0046158897,0.0167021197,0.017743653,0.0414404571,0.0754121906
28,0.1055738331,0.0046491216,0.0167604988,0.0177889589,0.0415608579,0.075389273
29,0.1060412496,0.0046728768,0.01684042,0.0178343037,0.0417399586,0.0753783155
30,0.1069488825,0.0046979293,0.0169688739,0.0179158392,0.0420305634,0.0753610085
31,0.1078670136,0.0047108894,0.0170968846,0.0180067689,0.0422814926,0.0753483945
32,0.1087122508,0.0047222132,0.0172076554,0.0180660239,0.0424771163,0.0753370675
33,0.1095601171,0.0047300897,0.0173171185,0.0181028668,0.0426445792,0.0753138831
34,0.1103627506,0.0047313302,0.0173960287,0.0181275857,0.0427792873,0.0752986824
35,0.1112715439,0.0047447555,0.0175139542,0.0181613211,0.0429168386,0.0752766893
36,0.1120166495,0.0047549928,0.0175953778,0.0181854766,0.0430371928,0.075266042
37,0.1127811005,0.0047752727,0.0176958053,0.0182177289,0.0431598753,0.0752582849
38,0.1135644609,0.0047951041,0.0178007303,0.0182497884,0.0432927911,0.0752485501
39,0.114420962,0.0048224135,0.017928688,0.0183033227,0.0434440066,0.0752465622
40,0.1154642834,0.0048750218,0.0181070805,0.0183684559,0.0436224867,0.0752495455
41,0.1164176111,0.0049375926,0.0182888437,0.0184473192,0.043808586,0.0752563529
42,0.117360681,0.0050120943,0.0185355894,0.0185405501,0.0439891964,0.0752554959
43,0.1182782767,0.005111277,0.0188113939,0.0186364591,0.0441742211,0.0752704383
44,0.1191672125,0.0052387972,0.0191285893,0.0187319629,0.0443611317,0.0752868944
45,0.1202068367,0.005430413,0.0195632748,0.0188636805,0.0445947488,0.0753128655
46,0.121022635,0.0055938631,0.0199938707,0.0189844663,0.0447970965,0.0753486046
47,0.1218799844,0.0057518025,0.0204315222,0.0191312146,0.0450586101,0.0753820602
48,0.1228399805,0.0059008961,0.020940626,0.0192871468,0.045377903,0.0754226513
49,0.1240101258,0.0060570642,0.0215520999,0.0194692369,0.0457718878,0.0754791339
50,0.1249177222,0.0061789746,0.0220854042,0.0196072029,0.0460552569,0.0755298732
51,0.1258673237,0.006331614,0.0226674104,0.0197604849,0.0463766415,0.0755816532
52,0.1266350696,0.0064867774,0.0232122668,0.0198486482,0.0465656284,0.0756387465
53,0.1270868806,0.0066260942,0.0237046543,0.0198872836,0.0466037445,0.0756988402
54,0.1275021992,0.0067794322,0.0242355258,0.0199327345,0.0467104258,0.0757844365
55,0.1280289216,0.0069094881,0.0247169155,0.0199901826,0.0468723602,0.0758588103
56,0.1285373315,0.0070284143,0.0251234584,0.0200246516,0.046978866,0.0759401667
57,0.1289393614,0.0071626385,0.0255576857,0.020063604,0.0470460472,0.0760280148
58,0.1293528656,0.0073871122,0.0260871674,0.0201881839,0.0472453665,0.076128752
59,0.1301611767,0.007681995,0.0268609412,0.020359636,0.047579209,0.0762640349
60,0.1308228965,0.0079294193,0.0275330167,0.0204643079,0.0477425448,0.0763816151
61,0.1314048154,0.0081848278,0.028213101,0.0205666464,0.0479105805,0.0765057579
62,0.1320216989,0.0084875741,0.028929377,0.0206868913,0.0481312387,0.0766411008
63,0.1324734796,0.0087980184,0.0296193687,0.0207539869,0.0482156942,0.0767850659
64,0.1327365951,0.0091281015,0.0303333607,0.0208001117,0.0482596698,0.0769668455
65,0.1330728537,0.0093688809,0.0309111384,0.0208561891,0.0483974804,0.077116459
66,0.1335109791,0.0095814527,0.0314604745,0.0209019403,0.0485289123,0.0772686946
67,0.1338468593,0.009774608,0.0319399288,0.0209158384,0.0485708066,0.0774265492
68,0.1338374685,0.0099766048,0.0323596619,0.0208720854,0.0484280397,0.0776095023
69,0.1335416297,0.0101324224,0.0326435909,0.0208114599,0.0481873324,0.0777746145
70,0.1331286238,0.0102934908,0.0328642307,0.0207571674,0.0479305396,0.0779364846
71,0.1326971615,0.0104650169,0.0330842865,0.0207152307,0.047703801,0.0781040885
72,0.1322990557,0.0106463689,0.0333197727,0.0206710096,0.0474982266,0.0782640363
73,0.1318619251,0.0108713384,0.0335323773,0.0206336105,0.0472949543,0.0784566382
74,0.1315211666,0.0110437119,0.0337044749,0.0206032592,0.04714903,0.0786130209
75,0.131224286,0.0112263467,0.0339150255,0.020604635,0.0470398414,0.0787772959
76,0.1309460858,0.0114389745,0.0341516397,0.0206026818,0.0469454987,0.078947664
77,0.1306744605,0.0116745389,0.0344107643,0.0206157637,0.0468692602,0.0791078814
78,0.130313657,0.01195009,0.0346935252,0.0206104753,0.0467690164,0.079309938
79,0.1299918473,0.0121474863,0.0349155035,0.0206135448,0.0466962002,0.0794777672
80,0.1296571221,0.012321404,0.035113366,0.0205960943,0.0466126349,0.0796475465
81,0.1293061164,0.0124771383,0.0353115945,0.0205865979,0.0465332428,0.0798206012
82,0.1289427601,0.0126203038,0.03552175,0.0205733774,0.0464512087,0.0799843399
83,0.1285029872,0.0127779868,0.0357410976,0.0205605324,0.0463618837,0.080174686
84,0.1281459269,0.0128940079,0.0359299855,0.0205446618,0.0462942422,0.0803374617
85,0.127796472,0.0130100717,0.036101471,0.0205251325,0.0462230227,0.080489567
86,0.1274548315,0.0131124151,0.0362622546,0.0205156829,0.0461560061,0.0806399033
87,0.1270442822,0.0132359299,0.0364089776,0.0204999867,0.0460888586,0.0808180571
88,0.1267139834,0.0133328854,0.0365564571,0.0204911833,0.0460363214,0.0809702547
89,0.1264074202,0.0134255859,0.0367263686,0.0204772049,0.0459814498,0.0811079631
90,0.1261099141,0.0135163631,0.0368710438,0.020467646,0.0459319932,0.0812477735
91,0.1258332879,0.0136003635,0.0370047787,0.0204604106,0.045891652,0.0813801863
92,0.1255210716,0.0136966681,0.0371586169,0.0204540542,0.0458439338,0.0815448757
93,0.1252830532,0.0137742916,0.0372751961,0.0204456742,0.045809521,0.081673235
94,0.1250581027,0.0138465718,0.0373763803,0.0204410643,0.0457728094,0.0817907685
95,0.1248482558,0.0139110717,0.0375330796,0.0204403377,0.0457464635,0.0819112151
96,0.1246504864,0.0139636387,0.0376047625,0.0204275866,0.0457137963,0.0820285768
97,0.1244293293,0.0140151496,0.037725435,0.020420619,0.0456862094,0.0821614264
98,0.1242621773,0.014053288,0.0378162139,0.0204125599,0.0456541578,0.0822600611
99,0.1240999515,0.0140875986,0.0379050882,0.0204099122,0.0456367883,0.0823612286
100,0.1239492382,0.0141081477,0.0379977982,0.0203976401,0.0456090181,0.0824496219
101,0.1238098265,0.0141349372,0.0380818112,0.0203940315,0.0455905836,0.0825388268
102,0.1236098256,0.0141512881,0.0381138256,0.0203835754,0.0455588637,0.0826331658
103,0.1234373382,0.0141673105,0.0381823422,0.020373234,0.0455335047,0.0827114799
104,0.123262566,0.0141701817,0.0382106207,0.0203584877,0.0455030651,0.082780002
105,0.1231028154,0.0141785353,0.0382544787,0.0203498706,0.0454778078,0.0828383494
106,0.1229406233,0.0141837596,0.0383070134,0.0203450002,0.0454574019,0.0829030799
107,0.1227697765,0.0141152306,0.0383079867,0.0203384461,0.0454271564,0.0829731567
108,0.1225627633,0.0139715965,0.0383442512,0.0203307777,0.045392595,0.0830223288
109,0.1222866709,0.0138724347,0.0383523468,0.0203138572,0.045323396,0.0830632404
110,0.121926488,0.0138194722,0.0383708403,0.0202936703,0.0452313828,0.0830955936
111,0.121485453,0.0135821721,0.0381754929,0.0202437309,0.045120967,0.0831055315
112,0.1210982181,0.0130747685,0.0378103966,0.0201550583,0.045029705,0.0830815888
113,0.1206698875,0.012463002,0.0372412247,0.0200385367,0.0448985817,0.0830015722
114,0.1201826002,0.0118741488,0.0366421385,0.0199210668,0.0447412204,0.0829067208
115,0.1196594907,0.0113488603,0.0359872791,0.0198100715,0.0445702391,0.0827859249
116,0.1190116987,0.0108128095,0.0352085251,0.0196703924,0.0443448149,0.082625555
117,0.1184594926,0.0104175251,0.0345618436,0.0195659391,0.0441635347,0.0824685565
118,0.117911363,0.0100666874,0.0339497624,0.0194647303,0.0439935972,0.0822940283
119,0.1173949979,0.0097334206,0.0333150184,0.0193726923,0.0438444628,0.082104819
120,0.1169055523,0.0094323184,0.0327524739,0.0192888773,0.0437183556,0.0819136478
121,0.1163317946,0.0090784068,0.0320435772,0.0192000059,0.0435696818,0.081688462
122,0.1158996937,0.0087997144,0.0314868409,0.0191426568,0.0434636398,0.0814987145
123,0.1155070224,0.0085249599,0.0309557326,0.0190920524,0.0433900268,0.0813195954
124,0.1151516568,0.0082701604,0.0304346341,0.0190392409,0.0433150195,0.0811330347
125,0.1148195946,0.0080386608,0.0299477791,0.0189982884,0.043248854,0.0809548169
126,0.1144090673,0.0077791737,0.0293878296,0.0189407698,0.0431449417,0.080751358
127,0.1140559203,0.0075848286,0.0289386664,0.0188826598,0.0430489242,0.080574911
128,0.1136860973,0.0074040433,0.0284839499,0.0188138485,0.0429285953,0.0804097248
129,0.1133189749,0.0072335287,0.0280528818,0.0187496602,0.0428117893,0.0802313121
130,0.1128716718,0.0070211713,0.0275193832,0.0186713246,0.0426849578,0.0800139945
131,0.1125447886,0.0068821099,0.0271150109,0.0186165208,0.0426163933,0.0798344071
132,0.1122109551,0.0067490482,0.026724782,0.0185562919,0.0425112967,0.0796659009
133,0.111873711,0.0066425076,0.026344812,0.0184889901,0.0424014168,0.0794948327
134,0.1115322358,0.0065114167,0.0259530184,0.0184232805,0.0423048634,0.0793224818
135,0.1111339649,0.0063466181,0.0255139774,0.0183570099,0.0422046114,0.0791146892
136,0.1108214164,0.0062160962,0.0251406345,0.0183023892,0.0421294594,0.0789562399
137,0.110546104,0.0061057995,0.0248125604,0.0182585233,0.0420781114,0.0787925612
138,0.110297506,0.0060016419,0.0244842279,0.0182250528,0.042033788,0.0786402202
139,0.1100800877,0.0059150665,0.0241981239,0.0181959895,0.0420088634,0.0784994352
140,0.1098607709,0.0058375707,0.0238765655,0.0181604349,0.0419802937,0.0783250675
141,0.1097137541,0.0057821361,0.0236127953,0.0181472567,0.0419698382,0.0781987251
142,0.1095665505,0.0057295156,0.0233658269,0.018133124,0.0419528273,0.0780735123
143,0.1094284767,0.005680835,0.0231235321,0.0181219873,0.0419368228,0.0779463311
144,0.1092903914,0.0056307733,0.0229091526,0.0180926229,0.0419023327,0.0778131962
145,0.1091320919,0.0055755754,0.0226654035,0.0180725874,0.0418815307,0.0776685587
146,0.109004487,0.0055306047,0.0224631242,0.0180558992,0.0418572459,0.0775512414
147,0.1088885289,0.0054894084,0.022294032,0.0180447003,0.0418457963,0.0774433203
148,0.1087732657,0.0054544947,0.0221102692,0.0180337754,0.0418245764,0.0773356213
149,0.1086732726,0.0054237497,0.0219445353,0.0180183779,0.0418058256,0.0772351331
150,0.1085453881,0.0053927968,0.0217739722,0.0180089598,0.0417795295,0.0771088187
