Time [s],TGS2620,TGS2602,TGS2603,TGS2610,TGS2611,TGS2600
1,0.1069003295,0.0056753544,0.0174849067,0.0176050106,0.0406669538,0.0716687861
2,0.106904892,0.0056840637,0.0175035566,0.0176091143,0.04067781,0.0716830231
3,0.1069195845,0.0056930539,0.0175279359,0.0176193319,0.0406945787,0.071704584
4,0.1069310032,0.0057014876,0.0175463681,0.0176189975,0.0407049266,0.0717186285
5,0.106945803,0.0057113941,0.0175809719,0.0176256698,0.0407208709,0.071733466
6,0.1069573567,0.0057186925,0.0175972859,0.0176353917,0.0407364372,0.0717539335
7,0.1069773557,0.0057366858,0.0176318659,0.017642923,0.040754916,0.0717807637
8,0.1069958416,0.0057438177,0.0176514983,0.0176487674,0.0407679389,0.0717909301
9,0.1070138979,0.005754449,0.0176700891,0.0176580845,0.0407875276,0.0718065147
10,0.1070229053,0.0057612312,0.017698406,0.0176619985,0.0407987314,0.0718220089
11,0.1070417192,0.0057728354,0.017713199,0.0176655798,0.0408149222,0.0718433157
12,0.1070505611,0.0057821265,0.0177442234,0.0176732787,0.04083144,0.0718615113
13,0.1070736244,0.0057943649,0.0177677182,0.0176834428,0.040846726,0.0718786762
14,0.1070971478,0.0057967198,0.0178036086,0.0176848247,0.0408549895,0.0718827698
15,0.1071287565,0.0058065259,0.0178184134,0.0176925208,0.0408658408,0.0719004813
16,0.1071497632,0.0058139889,0.0178403782,0.0176928855,0.0408755867,0.0719114191
17,0.1071807443,0.0058277235,0.0178674643,0.0177071973,0.0408962275,0.0719222796
18,0.1071986111,0.005838884,0.0178948284,0.0177123873,0.0409065537,0.0719404948
19,0.1072184869,0.0058384155,0.0179065829,0.0177143845,0.0409171014,0.0719516561
20,0.1072441354,0.0058536695,0.0179298552,0.0177170997,0.0409259467,0.0719565347
21,0.1072555413,0.0058632489,0.0179582184,0.0177263856,0.0409384843,0.0719669016
22,0.1072506845,0.0058694661,0.0179717721,0.0177226065,0.0409461768,0.0719665026
23,0.10725899,0.0058761647,0.018000883,0.0177347223,0.0409609308,0.0719810683
24,0.1072649886,0.0058844175,0.0180156483,0.0177325518,0.0409603041,0.0719750442
25,0.1072741981,0.0058964271,0.0180367445,0.0177399409,0.0409703798,0.0719839028
26,0.1072459446,0.005909514,0.0180569888,0.0177456162,0.0409742261,0.0719851376
27,0.1072031302,0.0059138655,0.018074009,0.0177390407,0.0409815529,0.0719803566
28,0.1072588035,0.0059548639,0.0181212315,0.0177670884,0.0410377959,0.0719831423
29,0.1076356144,0.0060243338,0.0182012863,0.0178243239,0.0412235856,0.0719880596
30,0.108366996,0.0060676414,0.0182976541,0.0179037871,0.0414754345,0.0720099567
31,0.1096235988,0.0061206216,0.0184523531,0.0180105404,0.0418249754,0.0720263164
32,0.11083916,0.0062167946,0.018654201,0.0181505403,0.0421649441,0.0720491501
33,0.1121636003,0.0063313417,0.0188963309,0.0182983202,0.0425195973,0.0720770425
34,0.1134870735,0.0064243064,0.0191570915,0.0184701117,0.0428826723,0.0720990302
35,0.1148981255,0.0065307506,0.0194926371,0.0186718604,0.0433114936,0.0721277761
36,0.1167451183,0.0066698558,0.0199645898,0.0189081275,0.0438282411,0.0721625449
37,0.1181854511,0.0067490839,0.0203917678,0.0190927473,0.0441978371,0.0722028709
38,0.1196055437,0.006872235,0.0208993022,0.019300452,0.0445886004,0.0722312238
39,0.1210474359,0.0070702476,0.0214423331,0.0195197778,0.0450322214,0.0722751564
40,0.1224246255,0.0072471658,0.0220185235,0.0196992188,0.0453703747,0.0723086051
41,0.1238037498,0.007534287,0.0227590018,0.0199284716,0.0457556354,0.0723686096
42,0.1248112852,0.0079079278,0.023464406,0.0201500952,0.0461211843,0.0724081263
43,0.1258061708,0.0082825945,0.0242122821,0.0203453146,0.0464629198,0.0724624667
44,0.1267483122,0.0087273435,0.0249964686,0.0205313088,0.0468214066,0.0725220049
45,0.1278103202,0.0090031745,0.0257221418,0.0206629421,0.0471360605,0.0725793171
46,0.1286582729,0.0092502712,0.0265283137,0.0207581017,0.0472481147,0.0726438046
47,0.1291413524,0.0097002535,0.0273044815,0.0208826117,0.0473880382,0.0727081284
48,0.1297264398,0.0100163872,0.0280383151,0.0209732514,0.047548215,0.0727683103
49,0.130159637,0.0102434519,0.0286898934,0.0210401247,0.0476367648,0.0728449601
50,0.1308117714,0.0105074996,0.029399029,0.0211391122,0.0478848087,0.0729961972
51,0.1313617519,0.0106599895,0.0298881393,0.0211817393,0.0480089215,0.0731338735
52,0.1316320043,0.0109177534,0.0304144104,0.0212227895,0.0480265277,0.0732559708
53,0.1317826851,0.0115457703,0.0310748658,0.0213445363,0.0481154801,0.0734099081
54,0.1322710913,0.0121293619,0.031783646,0.0214952716,0.0483752896,0.073554658
55,0.1329109845,0.012579072,0.032595513,0.021657306,0.0486545429,0.0737126715
56,0.1334300574,0.0129700316,0.033268022,0.0217942513,0.0488986396,0.0738368504
57,0.1340698759,0.0132863754,0.033889131,0.0218974774,0.0490976758,0.073963178
58,0.1343305121,0.0137267451,0.0344709718,0.0219008905,0.0490429731,0.0741158505
59,0.1343376953,0.0146786193,0.0352168933,0.0219121001,0.0489222869,0.0743213707
60,0.1348770942,0.0155379439,0.0361428344,0.0220301139,0.0491347097,0.0745614568
61,0.1355399441,0.0159053885,0.0368799547,0.0221562126,0.0494687781,0.074742421
62,0.1362729386,0.0159702686,0.0374806959,0.0222286927,0.0497084216,0.0748840978
63,0.136732565,0.015895191,0.0379118191,0.0222168333,0.0497386974,0.0750174274
64,0.1368730081,0.0161720409,0.038407487,0.0222147888,0.0496631951,0.0751603367
65,0.137411115,0.0164308973,0.0391454935,0.0222514875,0.0498134592,0.07531579
66,0.1381604121,0.0163523634,0.0395907047,0.0222518334,0.0499620073,0.0754383991
67,0.1388434059,0.0161750223,0.0399125608,0.022251347,0.0500636677,0.0755522094
68,0.1395183464,0.0159647831,0.0401129949,0.0222568067,0.0501539194,0.0756662362
69,0.1399131359,0.0159975398,0.0403939348,0.0223301981,0.0502287955,0.0757774958
70,0.1405381994,0.016174422,0.0407792289,0.0224594408,0.05047606,0.0759213939
71,0.1411078938,0.016140692,0.0409819103,0.0224975293,0.050544089,0.0760401943
72,0.141486329,0.0160782167,0.0412027159,0.0225446766,0.0505895614,0.0761543464
73,0.1420160873,0.0160428125,0.0413844165,0.0225917148,0.0507255988,0.0762799308
74,0.1424524578,0.0159751297,0.0415218074,0.0226015589,0.0507172534,0.0764292481
75,0.1422614322,0.0163465283,0.0417551768,0.0225474808,0.0504769518,0.076572149
76,0.141762278,0.0173120828,0.0421855669,0.0225065731,0.050168697,0.0767284566
77,0.1414826291,0.0181378437,0.0428739604,0.0225319995,0.0500497669,0.0769129822
78,0.1412483024,0.0187790046,0.0434905322,0.0225777557,0.0500201608,0.0771123478
79,0.1406667588,0.0193477483,0.0440126011,0.0225389732,0.0497941817,0.0773853553
80,0.1399641103,0.0195140115,0.0442291922,0.0224500366,0.0495117672,0.0776337614
81,0.1391983256,0.0194910489,0.0442772987,0.0223423439,0.0492296153,0.0778765536
82,0.1384835376,0.0193453919,0.0442202937,0.0222300225,0.0489533679,0.0780863333
83,0.1378205142,0.0191427781,0.0440577714,0.0221337732,0.0487195017,0.0782772772
84,0.1370720746,0.018874086,0.0438743846,0.0220193449,0.0484510296,0.0784927797
85,0.1364805658,0.0186468045,0.0436779858,0.0219200153,0.0482438226,0.0786489584
86,0.135944953,0.0184335933,0.0434924492,0.0218237797,0.04804267,0.0787945076
87,0.1354221517,0.0182413805,0.0432842559,0.0217443863,0.0478622193,0.0789319258
88,0.1349198635,0.0180776556,0.0430961313,0.0216648173,0.0477015785,0.0790658823
89,0.1343224663,0.0179132184,0.0428681598,0.0215839912,0.0475294397,0.0792109269
90,0.1338543423,0.0177991626,0.0426852096,0.0215202941,0.0474004636,0.0793305895
91,0.133430168,0.0177160062,0.0425304085,0.0214738864,0.0472935383,0.0794512609
92,0.1330152094,0.0176338424,0.0423807235,0.0214153818,0.04718508,0.0795635458
93,0.1325226903,0.0175679693,0.0422282526,0.0213683688,0.0470742856,0.0797069011
94,0.1321318683,0.017529828,0.0421103179,0.0213253839,0.0469903614,0.0798135048
95,0.1317578466,0.0175020576,0.0420421614,0.0212936481,0.0469064973,0.079910669
96,0.1314023277,0.0174847093,0.0419286189,0.0212583479,0.0468398129,0.0800199121
97,0.1310679872,0.0174719919,0.0418568731,0.0212277936,0.0467710297,0.0801274035
98,0.1306865188,0.0174608699,0.0417483173,0.0211898577,0.0466937709,0.0802448087
99,0.1303802489,0.017451046,0.0416853575,0.0211586202,0.0466272452,0.0803301694
100,0.1300887616,0.0174456795,0.0415961255,0.0211323523,0.0465699246,0.080422674
101,0.129807809,0.0174335312,0.0415209021,0.0211050857,0.0465153367,0.0805113584
102,0.1294824879,0.0174289194,0.0414683183,0.0210790874,0.04644942,0.0806051366
103,0.129048584,0.0174325574,0.0413740554,0.0210386165,0.0463671607,0.0807367212
104,0.1286856494,0.0174524057,0.0412754585,0.0210090881,0.0462975797,0.0808366363
105,0.1281950366,0.0174609751,0.0411582813,0.0209687277,0.0461866658,0.080933483
106,0.1276223388,0.0174386125,0.0410554079,0.0209169403,0.0460410277,0.0810083178
107,0.1270856011,0.0174044648,0.0409518453,0.0208438678,0.045908863,0.0810874545
108,0.1265406822,0.0172928858,0.0407349446,0.0207579912,0.0457801941,0.0811574397
109,0.1261222301,0.0171061617,0.0404799998,0.0207002982,0.0456877003,0.0811971781
110,0.1257333238,0.016808384,0.0401570211,0.0206426914,0.0456013088,0.0812051779
111,0.1254061201,0.0164695786,0.0398578179,0.0206160404,0.0455490409,0.0811751039
112,0.125132087,0.0161734314,0.0395979131,0.0206034797,0.0455152112,0.0811306618
113,0.1248110883,0.0159369646,0.0393728195,0.0205841006,0.0454647954,0.0810620022
114,0.1245639717,0.0157017303,0.0390983869,0.0205111609,0.0453881678,0.0809821815
115,0.1242821743,0.0154244237,0.0387736801,0.0204309776,0.0452975603,0.0808945313
116,0.123929485,0.0151063347,0.0383447212,0.0203376825,0.0451914168,0.0807992472
117,0.1234026812,0.0146171246,0.0377089572,0.020213753,0.0450339823,0.0806683323
118,0.1229412135,0.0140890965,0.0370286981,0.020103206,0.0449054106,0.0805365172
119,0.122476743,0.0135227506,0.0363293698,0.0200086737,0.0447955976,0.0803915236
120,0.1219928698,0.0129919406,0.035679309,0.0199277042,0.0446884203,0.080236995
121,0.1215522831,0.0125224795,0.035063364,0.0198523159,0.0445924764,0.0800634103
122,0.1210361892,0.0120057483,0.0342948226,0.0197716838,0.0444625338,0.0798626368
123,0.1205894136,0.0116116076,0.0337400965,0.0196990293,0.0443271675,0.0796891932
124,0.12013939,0.0112346799,0.0331742875,0.0196280464,0.0441928297,0.0795222056
125,0.1196860571,0.0108831573,0.0325922462,0.0195618766,0.0440634886,0.079364506
126,0.1192489774,0.0105429635,0.0320442089,0.0194984479,0.0439528257,0.0792005837
127,0.1187663978,0.010153333,0.0313767825,0.0194250172,0.0438434579,0.0790114758
128,0.1184113733,0.0098532306,0.0308375852,0.0193629468,0.0437606905,0.0788368087
129,0.1180844618,0.0095720634,0.0303210469,0.0193148987,0.0436978576,0.0786792675
130,0.1177811357,0.0093230129,0.0298268069,0.0192723545,0.0436386431,0.0785182032
131,0.1175064356,0.0091042121,0.0293994244,0.0192412048,0.0436005023,0.0783718452
132,0.1172123685,0.0088732707,0.0288772158,0.0191978363,0.0435526856,0.0781965493
133,0.1169838234,0.0086932977,0.0284644286,0.0191662552,0.0435107458,0.07805861
134,0.1167589046,0.0085126993,0.0280498531,0.0191279076,0.043457923,0.0779163798
135,0.1165398829,0.0083322612,0.0276622173,0.0190878652,0.0434040682,0.0777844362
136,0.1163350693,0.0081594248,0.0273032996,0.0190528471,0.043366646,0.0776495035
137,0.116104023,0.0079845961,0.026864492,0.0190182852,0.0433146751,0.0775058514
138,0.1159148339,0.0078609901,0.026556059,0.0189887463,0.0432758845,0.0773869858
139,0.1157319478,0.0077607188,0.0262563527,0.0189626162,0.0432357987,0.0772659306
140,0.1155389442,0.0076746741,0.0259565559,0.0189363487,0.0431934578,0.0771475566
141,0.1152849854,0.0075684336,0.0256449631,0.0188970192,0.0431355296,0.0770079698
142,0.1150571496,0.0074740725,0.0253715808,0.0188686779,0.0430844173,0.0768924125
143,0.1148342294,0.0073727948,0.025087751,0.018839327,0.0430292112,0.0767764729
144,0.1146325303,0.0072796603,0.0248307638,0.0188045199,0.0429654557,0.0766510796
145,0.1144516401,0.0071904718,0.0245844232,0.0187740506,0.0429179933,0.0765343744
146,0.1142580542,0.0070986661,0.0242978526,0.0187476418,0.0428789691,0.0763897634
147,0.1141059816,0.0070279158,0.0240999415,0.0187322366,0.0428543465,0.0762824839
148,0.1139572907,0.0069814336,0.0238949928,0.0187182533,0.0428322934,0.076174513
149,0.1137879168,0.0069442674,0.023726978,0.0187059993,0.0427943965,0.0760624262
150,0.1135928762,0.0069136399,0.0235578212,0.0186875789,0.0427454952,0.0759620021
