Time [s],TGS2620,TGS2602,TGS2603,TGS2610,TGS2611,TGS2600
1,0.1156981878,0.0023993404,0.0169107534,0.017924813,0.041571897,0.0822219358
2,0.115681133,0.0024089395,0.0169255174,0.0179335932,0.0415835147,0.0822142087
3,0.1156584809,0.0024222067,0.016932146,0.0179358522,0.0415955656,0.0822047289
4,0.1156461687,0.0024263034,0.0169536316,0.0179369613,0.0416018174,0.0821973015
5,0.1156273988,0.0024389782,0.0169541742,0.0179365808,0.0416085302,0.082180497
6,0.1156051693,0.0024471593,0.0169688481,0.017941559,0.0416169324,0.0821744716
7,0.1155880261,0.0024585043,0.0169799648,0.0179495332,0.0416287814,0.0821667638
8,0.1155775166,0.0024700403,0.0169897386,0.0179507891,0.041641986,0.0821532031
9,0.1155618795,0.0024799446,0.0169938887,0.017948669,0.0416442763,0.0821433325
10,0.1155396807,0.0024889712,0.0170181337,0.0179567628,0.0416570868,0.0821324294
11,0.1155204807,0.0024964206,0.0170341398,0.0179548794,0.0416597667,0.0821216409
12,0.1154982353,0.0025095919,0.0170398916,0.0179631853,0.0416716765,0.0821086626
13,0.1154699941,0.0025165639,0.0170432424,0.0179576464,0.0416772494,0.0820824947
14,0.1154480404,0.0025276377,0.017066438,0.0179665839,0.0416875825,0.0820739793
15,0.1154267685,0.002531324,0.0170775486,0.0179619598,0.0416898904,0.0820573153
16,0.1154005457,0.0025483941,0.0170852827,0.0179662061,0.0416930781,0.082041588
17,0.115367036,0.002554594,0.0170967136,0.0179612829,0.04169925,0.0820219568
18,0.1153453218,0.0025652964,0.0171222489,0.0179686867,0.0417072564,0.0820093516
19,0.1153187533,0.0025726652,0.0171266187,0.0179691572,0.0417112302,0.0819881191
20,0.1152912726,0.0025810191,0.0171434226,0.0179740608,0.0417189661,0.0819693602
21,0.1152689125,0.0025911535,0.0171601613,0.0179759057,0.0417267956,0.0819594036
22,0.1152311846,0.0026009056,0.0171634147,0.0179734971,0.0417279893,0.0819339687
23,0.1151976531,0.0026107947,0.0171994653,0.0179706442,0.0417264872,0.081907282
24,0.1151557815,0.002618411,0.0171860891,0.017968327,0.0417277802,0.081878129
25,0.1151232272,0.0026243921,0.0172069325,0.0179764419,0.0417339495,0.0818573056
26,0.1150837016,0.0026352476,0.017209574,0.0179746528,0.0417327782,0.0818325559
27,0.1150589679,0.0026433668,0.0172432744,0.0179721649,0.0417371769,0.0818075158
28,0.1150304425,0.0026537131,0.0172584515,0.0179789019,0.0417443019,0.0817860176
29,0.1150560069,0.0026607768,0.0172750969,0.0179877906,0.0417944256,0.0817715893
30,0.1152149595,0.0026789007,0.0173157933,0.0180109972,0.041889549,0.0817492514
31,0.1155592118,0.0026896877,0.0173577104,0.0180398639,0.042045663,0.081722548
32,0.1160021897,0.0027064624,0.017428428,0.0180725764,0.0422309219,0.0817044919
33,0.1166666866,0.0027201445,0.0175009657,0.0181209389,0.0424593921,0.0816934573
34,0.1174865378,0.0027367508,0.0176070882,0.0181800802,0.0426991997,0.0816760507
35,0.1183441325,0.0027477641,0.0177179841,0.0182288123,0.0429283142,0.0816571009
36,0.1194784665,0.0027675581,0.0178338517,0.0182906389,0.0432131446,0.081633642
37,0.1204921245,0.0027792001,0.0179475548,0.0183448312,0.0434319321,0.0816152234
38,0.1215043456,0.0027985288,0.0180578223,0.0184019844,0.0436594471,0.0815970059
39,0.1225374363,0.0028154267,0.0182006482,0.0184725952,0.0438786765,0.0815796046
40,0.1236177764,0.0028422172,0.0183488584,0.0185402864,0.0441039676,0.0815605397
41,0.1249894672,0.0028763066,0.0185756909,0.0186362466,0.0443737991,0.0815463617
42,0.1261567342,0.0029193185,0.0187851346,0.0187266553,0.0445850733,0.0815287432
43,0.1272819207,0.0029573942,0.0190182167,0.0188174333,0.0447812974,0.081515324
44,0.1283372268,0.0030046161,0.0192532898,0.0188914796,0.044965576,0.0815099029
45,0.1294987806,0.0030581675,0.01951348,0.0189726247,0.04516947,0.0814946832
46,0.1303971844,0.003117502,0.0197582098,0.0190415048,0.0453211931,0.0814868422
47,0.131207732,0.0031777982,0.0200020613,0.0191039131,0.0454633839,0.0814841542
48,0.131880427,0.0032399239,0.0202464818,0.0191523343,0.0455650233,0.0814909003
49,0.1323917239,0.0033023682,0.020479369,0.0191854364,0.0456313118,0.0814900939
50,0.1329598748,0.0033817452,0.0207356421,0.019225872,0.0457222395,0.0815084518
51,0.1334240639,0.003453167,0.0209711052,0.019268705,0.0458048759,0.0815251174
52,0.1338348724,0.0035326117,0.0212088134,0.0192997821,0.0458744891,0.0815512816
53,0.1342139447,0.0036234271,0.0214396556,0.0193362387,0.0459352877,0.0815729896
54,0.1345585965,0.0037200661,0.0216747835,0.0193633145,0.0459929038,0.0816167296
55,0.1348332194,0.0038409333,0.0219977667,0.0194110336,0.0460411464,0.0816802533
56,0.1350507814,0.0039563753,0.022278548,0.0194623672,0.0460937536,0.0817439804
57,0.1352991651,0.0040972719,0.0226194113,0.0195247914,0.0461606354,0.0817956909
58,0.1355220828,0.0042501998,0.0229889154,0.0195901829,0.046233285,0.0818643132
59,0.135787575,0.0044099986,0.0233570377,0.0196599434,0.0463116512,0.0819340516
60,0.1361459053,0.0046072172,0.0238493474,0.0197321141,0.0464185137,0.0820207983
61,0.1365083019,0.0047787853,0.0242514399,0.0198023694,0.046523371,0.0821005296
62,0.1368763551,0.0049589881,0.0246893246,0.0199129935,0.0466549954,0.0821900178
63,0.137286808,0.0051922213,0.0251975664,0.0200785627,0.0468883025,0.0822834028
64,0.1378867008,0.0054603437,0.0257868208,0.0202611629,0.0472038484,0.0823724097
65,0.1385944801,0.005732272,0.0264706411,0.0204246833,0.0474789134,0.0824859555
66,0.1390760312,0.0059316145,0.0270308268,0.0205156646,0.0476183368,0.0825941352
67,0.1394224304,0.0061179689,0.0275486535,0.0205588087,0.0476752324,0.082700729
68,0.1395629334,0.0063150272,0.0280414334,0.0205779458,0.047656027,0.0828139104
69,0.1395809793,0.0065239874,0.0285689501,0.0205705594,0.0476018253,0.0829571118
70,0.1395795689,0.0066900667,0.0289669596,0.0205701327,0.0475833207,0.0830918964
71,0.139428391,0.0068208398,0.0293217708,0.0205620759,0.0475279208,0.0832276487
72,0.139179292,0.0069537226,0.0296392624,0.0205427054,0.0474236959,0.0833649974
73,0.1388360175,0.0070950188,0.0299672471,0.0205156343,0.0472827109,0.0835097236
74,0.1383413062,0.0072748703,0.0302932173,0.0204830885,0.047121288,0.0836795434
75,0.1379768287,0.0074131309,0.0305803755,0.0204732989,0.0470265308,0.0838291048
76,0.1377032375,0.0075530998,0.0308980471,0.0204918806,0.0469931294,0.0839640775
77,0.1375280671,0.0076980422,0.031238578,0.020539727,0.0470188396,0.0841072369
78,0.1374634767,0.0078582136,0.0316783592,0.0205936794,0.0470758389,0.0842494404
79,0.1374682569,0.0080835351,0.0321799294,0.0206617443,0.047142726,0.0844048946
80,0.137491225,0.0082792086,0.0326518344,0.0207010269,0.0471718985,0.084537713
81,0.1374770229,0.008465185,0.0330860279,0.0207293432,0.0471656432,0.0846712779
82,0.1374206084,0.0086299412,0.0334669616,0.0207320213,0.0471318769,0.084801396
83,0.1373145192,0.0087821251,0.033803881,0.0207322865,0.0470739307,0.0849330623
84,0.1371110662,0.0089407736,0.0341490046,0.0207187037,0.0469966357,0.0850854199
85,0.1368943574,0.0090546159,0.0344074318,0.0206960882,0.0469165572,0.0852164685
86,0.1366552164,0.0091550496,0.0346717723,0.0206785814,0.0468437269,0.085343156
87,0.1363791827,0.0092457103,0.0348765198,0.0206535201,0.0467619641,0.0854705445
88,0.1360225558,0.0093478409,0.0350943956,0.0206337874,0.0466767031,0.0856253719
89,0.135701373,0.009427893,0.0352515765,0.0206147631,0.0465989718,0.0857443878
90,0.1353812079,0.0095133824,0.035446325,0.0205961994,0.0465365126,0.0858737531
91,0.1350712424,0.0095933137,0.0355849909,0.0205820331,0.046467957,0.0859950638
92,0.1347525202,0.0096773943,0.0357434398,0.0205734971,0.0464163931,0.0861222186
93,0.1343870758,0.0097750381,0.035887814,0.0205594241,0.0463566058,0.0862644104
94,0.1340910443,0.0098564379,0.0361173364,0.0205484971,0.0463151377,0.086383821
95,0.1338216559,0.0099354532,0.0362584762,0.0205467624,0.0462750246,0.086492238
96,0.1335552501,0.0100076469,0.0364082651,0.0205433165,0.0462488278,0.0865973502
97,0.1333130388,0.0100759058,0.0365960219,0.0205446725,0.0462210964,0.0867043434
98,0.1330425047,0.0101445047,0.0367513722,0.020540624,0.0461896163,0.0868338229
99,0.132826067,0.0102009586,0.0368811642,0.0205360938,0.0461633387,0.0869233277
100,0.1326116881,0.0102455132,0.0370207772,0.0205349504,0.0461388411,0.0870151993
101,0.1324125316,0.0102804488,0.0371495135,0.0205258862,0.0461160925,0.0871006914
102,0.1322009978,0.0103182426,0.0372782345,0.0205278352,0.0460982136,0.0871833019
103,0.1319389884,0.0103452163,0.0373634493,0.020519608,0.0460629867,0.0872796251
104,0.1317264154,0.0103640567,0.037472828,0.0205191758,0.0460389754,0.0873598283
105,0.1315375849,0.0103757562,0.0375575713,0.0205106917,0.0460179861,0.0874264518
106,0.1313595437,0.0103964758,0.0376522385,0.0205063947,0.045988573,0.0874928058
107,0.1311421672,0.0103968654,0.0377168401,0.020494443,0.0459590087,0.0875505481
108,0.1308473552,0.0103835651,0.0377549463,0.0204548242,0.045894221,0.0876122334
109,0.1305448823,0.0103270437,0.0377005698,0.0203948302,0.0457766478,0.0876525784
110,0.130148169,0.0101808308,0.0375645367,0.0203051198,0.0456059391,0.0876739815
111,0.1296147626,0.009935765,0.0373157764,0.0202023852,0.0454003669,0.087674906
112,0.1288072188,0.0095668215,0.0369118678,0.0200583715,0.0450818866,0.0876561561
113,0.1281132953,0.0091758822,0.0364480261,0.0199124001,0.0448061722,0.087606095
114,0.1273780496,0.0087030617,0.0358656759,0.0197531124,0.0445200029,0.0874903711
115,0.1266418407,0.0082066681,0.0351976719,0.0196061997,0.0442787379,0.0873448067
116,0.1259550361,0.0077317023,0.0345115455,0.0194737281,0.0440858033,0.0871716113
117,0.1252109251,0.0071777601,0.0336736053,0.0193285747,0.0438754374,0.0869337402
118,0.1246990987,0.006784796,0.0329999846,0.0192329657,0.0437408958,0.0867253871
119,0.1241832967,0.0064240932,0.0323710426,0.0191481552,0.0436027302,0.0864980184
120,0.1236659199,0.0060989973,0.0318032813,0.0190668251,0.043460301,0.086271912
121,0.1231592919,0.005818994,0.0311838818,0.0189874738,0.0433256345,0.0860299995
122,0.1225851398,0.0055223511,0.0305098045,0.0189033813,0.0431846974,0.0857538205
123,0.1221428748,0.0053072938,0.0299437844,0.0188498351,0.043088181,0.0855209819
124,0.121737236,0.0051106722,0.0294245139,0.0187940226,0.0430002604,0.0853034674
125,0.1213597266,0.004932686,0.0289287496,0.0187484674,0.042910593,0.0850820311
126,0.1210107177,0.0047804368,0.0284883588,0.0187046821,0.0428498809,0.0848820032
127,0.1206254912,0.0046198079,0.0279701062,0.018668848,0.0427838115,0.0846641189
128,0.1203473871,0.004508356,0.0275524083,0.018640887,0.0427519991,0.0845090829
129,0.1201252677,0.0044162596,0.0271392266,0.0186177033,0.0427429397,0.0843658701
130,0.1199471417,0.00434451,0.0268188733,0.0186120002,0.0427622169,0.0842319562
131,0.1197610328,0.0042777632,0.0264607807,0.0186027739,0.0427747024,0.0840858535
132,0.1195947224,0.0042276187,0.0261687961,0.018597603,0.042757592,0.083981682
133,0.1194232607,0.0041751298,0.0259160636,0.0185795694,0.0427242007,0.083865247
134,0.1192557982,0.0041340275,0.0256391936,0.0185669849,0.0426999956,0.0837666491
135,0.119117421,0.0040993881,0.0254185431,0.0185541541,0.0426872148,0.08366864
136,0.1189874313,0.0040799282,0.0251987309,0.0185578973,0.0426953737,0.0835457828
137,0.1188758152,0.0040734928,0.0250007517,0.0185617816,0.0426928327,0.0834594871
138,0.1187681954,0.0040675542,0.0248249472,0.0185559371,0.0426904775,0.0833800173
139,0.1186602091,0.0040562421,0.0246546672,0.0185504444,0.0426786162,0.0833104074
140,0.1185493132,0.0040532416,0.0245041914,0.0185497897,0.0426615762,0.0832345512
141,0.1184297465,0.0040343769,0.0243094442,0.0185399548,0.0426459479,0.0831529287
142,0.1183504239,0.0040039915,0.0241413972,0.018529545,0.0426398807,0.0830835294
143,0.1182822961,0.0039555942,0.0239699004,0.018520391,0.0426310163,0.0830225733
144,0.1182140442,0.0039005913,0.0237762341,0.0185066191,0.0426135959,0.0829496888
145,0.1181262291,0.0038399002,0.0235968163,0.0184944456,0.0425979235,0.0828923631
146,0.1180089489,0.0037697103,0.0233833087,0.0184813751,0.0425733195,0.0828119851
147,0.1179268158,0.003712293,0.0232141905,0.0184687946,0.0425518926,0.0827462772
148,0.1178326366,0.003665527,0.0230359214,0.0184670547,0.0425409273,0.0826816242
149,0.1177403279,0.0036209868,0.0228749409,0.0184669916,0.0425412448,0.0826338833
150,0.1176707983,0.0035831441,0.0227168715,0.0184617541,0.0425358789,0.0825811654
