Time [s],TGS2620,TGS2602,TGS2603,TGS2610,TGS2611,TGS2600
1,0.0717516375,0.0049143553,0.0112099945,0.0140051422,0.0328183551,0.0519611795
2,0.0718040181,0.0049345425,0.0112048888,0.0140136692,0.032848909,0.0519804879
3,0.0718439262,0.0049588799,0.0112034981,0.0140296495,0.032892526,0.0519894583
4,0.0718764293,0.0049764728,0.0112035527,0.0140402155,0.0329273675,0.0520111593
5,0.0719170341,0.0050073771,0.0112067952,0.0140595074,0.0329777637,0.0520315674
6,0.0719439275,0.0050254683,0.0112089359,0.0140687361,0.0330118058,0.0520449357
7,0.071974245,0.0050541653,0.0112175393,0.0140771005,0.033036703,0.0520525359
8,0.0719873182,0.0050809761,0.0112269505,0.0140898834,0.0330670986,0.052061079
9,0.0720072087,0.0051090223,0.011236268,0.014092834,0.0330968117,0.0520722935
10,0.0720261483,0.0051430589,0.0112527156,0.0141089375,0.0331359624,0.0520860514
11,0.0720449962,0.0051679847,0.0112681408,0.0141189105,0.0331556083,0.0520813952
12,0.0720494136,0.0051933646,0.011283007,0.0141334624,0.0331905554,0.0520916819
13,0.0720620089,0.0052239197,0.0112990196,0.0141340812,0.0332182721,0.0521032782
14,0.0720738115,0.005247369,0.0113167843,0.0141432707,0.0332341486,0.0520992872
15,0.0720783412,0.0052817775,0.0113353494,0.0141461857,0.0332575003,0.0520982956
16,0.0720822971,0.0053055246,0.0113637953,0.0141534278,0.0332825966,0.0520991476
17,0.0720832169,0.0053289371,0.0113813896,0.0141668655,0.0333066845,0.0521015271
18,0.0720886535,0.0053606614,0.0113969114,0.0141699636,0.0333213708,0.052105243
19,0.0720907229,0.0053927838,0.0114278572,0.0141779424,0.0333422207,0.0520944913
20,0.0720899455,0.0054244755,0.0114569092,0.0141850739,0.0333729258,0.0521008348
21,0.0720886597,0.0054518255,0.0114857654,0.0141966389,0.0333992456,0.0521036398
22,0.0720912045,0.0054783041,0.0115079479,0.0142007617,0.0334085842,0.0520899551
23,0.0720879014,0.0055061749,0.0115355416,0.0142103024,0.0334302075,0.0520844485
24,0.072081286,0.0055355624,0.011569235,0.0142127734,0.0334469412,0.052076859
25,0.0720878404,0.0055685591,0.0116027826,0.014230354,0.0334899567,0.0520725581
26,0.0721372011,0.0055922605,0.0116358917,0.0142348268,0.0335517941,0.052062796
27,0.0722331396,0.0056282808,0.011673508,0.0142535289,0.0336299297,0.0520650859
28,0.0723549997,0.0056573708,0.0117140416,0.0142771185,0.0337154933,0.0520572008
29,0.072519204,0.0056995186,0.0117586672,0.014301649,0.0338074074,0.05206445
30,0.0726550803,0.0057218771,0.0117886306,0.014306848,0.0338603421,0.0520523869
31,0.0728006424,0.005754952,0.0118309454,0.0143272502,0.0339352865,0.0520464067
32,0.0729621261,0.0057772764,0.0118651031,0.014347612,0.0340083531,0.0520391958
33,0.0731636461,0.0058115224,0.0119100607,0.0143677208,0.0340939588,0.0520433985
34,0.0734542603,0.0058446286,0.0119628865,0.0143974311,0.0342021276,0.0520300973
35,0.073734669,0.0058742737,0.0120164797,0.0144386699,0.0343013386,0.0520193619
36,0.0740328126,0.0059096691,0.0120772305,0.0144783676,0.0344081545,0.0520165752
37,0.0743488239,0.00593746,0.012138606,0.0145060323,0.034507599,0.0520091992
38,0.0746663575,0.0059620823,0.0122117868,0.0145358529,0.0345934836,0.0519944672
39,0.075037569,0.006004474,0.0122986721,0.0145777253,0.0346941563,0.0519831273
40,0.0753373897,0.0060416201,0.0123847839,0.0146154415,0.0347811039,0.0519706438
41,0.0756239403,0.0060672785,0.0124599046,0.0146515919,0.0348620699,0.0519622286
42,0.0759093762,0.0061065883,0.0125545234,0.014686042,0.0349450787,0.0519505534
43,0.0762408928,0.0061598328,0.0126739363,0.0147429389,0.035052455,0.0519404975
44,0.0765034563,0.0061892548,0.0127728084,0.0147879573,0.0351458205,0.0519318201
45,0.0767557154,0.0062388768,0.0128790055,0.0148278079,0.0352372252,0.0519201024
46,0.0769895905,0.0062868977,0.0129842532,0.0148606677,0.0352906274,0.0519142671
47,0.0771918288,0.006334405,0.0130992676,0.0149004152,0.0353522402,0.0519095177
48,0.0773927075,0.0063891215,0.013225995,0.0149433315,0.0354031777,0.0519017839
49,0.0775532849,0.0064423104,0.01334858,0.014978305,0.0354586533,0.0519081515
50,0.0777151081,0.0065004491,0.0134745509,0.0150092911,0.0355044086,0.051909964
51,0.0778869931,0.0065605273,0.0136091186,0.0150398005,0.035568356,0.0519133017
52,0.078056705,0.00661746,0.0137443016,0.0150767119,0.0356389023,0.0519191348
53,0.0783015194,0.0066902874,0.0139115106,0.0151211775,0.0357330208,0.0519342235
54,0.078532723,0.0067378286,0.0140531882,0.0151594863,0.0358101427,0.0519431908
55,0.0787570819,0.0067941386,0.0141988797,0.0151897478,0.0358800087,0.0519597785
56,0.0789555993,0.0068513621,0.0143510317,0.0152256725,0.0359465911,0.0519671933
57,0.0791378761,0.0069094536,0.0145055961,0.0152531447,0.0360028386,0.0519970673
58,0.0793443123,0.0069930215,0.0146998301,0.0152917095,0.0360788603,0.0520211365
59,0.0795282188,0.0070699625,0.0148807553,0.0153307735,0.0361408443,0.0520418649
60,0.0796931284,0.0071437968,0.0150589204,0.0153710233,0.0362148474,0.0520608087
61,0.0798891894,0.0072176707,0.0152427135,0.0154123103,0.0363019825,0.0520976364
62,0.0800798023,0.0072939007,0.0154364435,0.015454443,0.0363621542,0.0521213848
63,0.0802244541,0.0073859772,0.0156616053,0.015496174,0.036404507,0.0521654865
64,0.0802747844,0.007456534,0.0158428974,0.0155304572,0.0364021945,0.0521984174
65,0.0802637808,0.0075217606,0.0160144264,0.0155498856,0.036390598,0.0522277559
66,0.0802242491,0.0075872472,0.0161820965,0.0155584492,0.0363597374,0.0522607793
67,0.0801429267,0.0076761208,0.0163891909,0.0155747327,0.0363406535,0.0522999643
68,0.0800576064,0.0077355975,0.0165577212,0.0155861014,0.0363152017,0.0523286516
69,0.0799536056,0.0078015175,0.0167182606,0.015603634,0.0363079655,0.0523620286
70,0.079843288,0.0078602444,0.0168749447,0.0156060112,0.0362795019,0.0523889291
71,0.0797233805,0.0079229388,0.017026553,0.0156132445,0.0362524579,0.0524131823
72,0.0795633074,0.0079919035,0.0171997831,0.0156155003,0.0362208099,0.0524491607
73,0.0794159477,0.0080452661,0.0173374878,0.0156149657,0.036197542,0.0524796434
74,0.0792671135,0.0080922872,0.0174651565,0.0156115721,0.0361634833,0.0525186074
75,0.0791270962,0.0081420413,0.0175858795,0.0156052299,0.0361277032,0.0525444035
76,0.0789850421,0.0081955792,0.017707079,0.0155974897,0.0361006483,0.0525784418
77,0.0788180327,0.0082568419,0.0178433272,0.0155966412,0.0360684322,0.0526299771
78,0.0786813182,0.0083032523,0.0179445706,0.0155792833,0.0360388571,0.0526572879
79,0.0785632028,0.0083517115,0.0180465017,0.0155649842,0.0360112386,0.0526989101
80,0.078442728,0.0084034421,0.0181446955,0.0155578966,0.0359878261,0.0527279871
81,0.0783237278,0.0084491653,0.0182319368,0.015552037,0.0359674364,0.0527676874
82,0.0781928203,0.0085053993,0.0183406272,0.0155406856,0.0359494102,0.052805861
83,0.0780861409,0.0085494012,0.0184228001,0.0155346292,0.0359328215,0.0528495431
84,0.0779891149,0.0085896893,0.0185071902,0.0155245168,0.0359064038,0.0528752403
85,0.0779004589,0.0086338078,0.0185902116,0.0155204124,0.0358919019,0.0529046483
86,0.0778043862,0.0086684329,0.0186561704,0.0155169677,0.0358803256,0.0529394384
87,0.077697147,0.0087125976,0.0187385436,0.0155150375,0.0358665736,0.052977746
88,0.0776066002,0.0087421934,0.0187999053,0.0155060779,0.0358471654,0.0530063466
89,0.07752971,0.0087756279,0.0188647122,0.0155007439,0.0358311944,0.0530346824
90,0.0774462557,0.0088074718,0.0189271828,0.0155027549,0.0358282547,0.0530699104
91,0.0773567,0.0088373534,0.0189874702,0.0154902073,0.0358046801,0.0530971317
92,0.077275785,0.0088578546,0.0190306074,0.0154869479,0.035801628,0.0531299419
93,0.0772027033,0.0088810911,0.0190806701,0.0154813868,0.0357887048,0.0531596638
94,0.0771323719,0.008900565,0.0191174853,0.0154733813,0.0357725621,0.0531823618
95,0.0770577242,0.0089207533,0.0191582284,0.0154756026,0.0357728667,0.0532121378
96,0.0769801353,0.0089422163,0.0192072724,0.0154732221,0.0357545388,0.0532427821
97,0.0769111814,0.0089566846,0.019233524,0.0154682801,0.0357517009,0.0532726458
98,0.0768510754,0.0089696554,0.0192600231,0.0154618221,0.0357374731,0.0532946446
99,0.0767910754,0.0089867781,0.0192937661,0.015459297,0.035730891,0.0533196445
100,0.0767306035,0.00900135,0.0193229562,0.0154571398,0.0357256694,0.0533408901
101,0.0766583472,0.0090197886,0.0193504636,0.0154472664,0.0357150979,0.0533599935
102,0.0766103981,0.009027919,0.0193711211,0.0154435602,0.035709163,0.0533849214
103,0.0765630643,0.0090464447,0.0193936095,0.0154425671,0.0356992625,0.0534044534
104,0.0765089012,0.0090416863,0.0193992907,0.015432944,0.0356822942,0.0534103409
105,0.0764530764,0.0090389322,0.0194107964,0.0154268658,0.0356772649,0.0534262084
106,0.0763258626,0.0090426616,0.0194213035,0.0154179438,0.0356287418,0.0534463983
107,0.0761543417,0.009041065,0.0194215874,0.0153983722,0.0355420603,0.0534521015
108,0.0759797662,0.0090384798,0.0194207063,0.0153725012,0.0354796722,0.0534609935
109,0.0758196178,0.009026865,0.019410158,0.0153579638,0.035451225,0.0534712558
110,0.0756415413,0.0090117268,0.0193813524,0.0153273374,0.0353993634,0.0534731835
111,0.0755056057,0.0089939469,0.019345168,0.0152983323,0.0353545347,0.0534699022
112,0.0753804136,0.0089653199,0.0192977576,0.0152641798,0.0353035639,0.0534473677
113,0.0752563296,0.0089411731,0.0192551539,0.0152416603,0.0352742108,0.053431748
114,0.0751231024,0.0089123103,0.0191986027,0.015216343,0.0352410888,0.0534062592
115,0.0749742615,0.0088757332,0.0191341538,0.0151904653,0.035196751,0.0533661226
116,0.0748500862,0.0088263412,0.0190620847,0.0151648654,0.0351614155,0.0533281816
117,0.0747271553,0.0087653298,0.0189896403,0.0151478308,0.0351323044,0.0532783037
118,0.0746043516,0.0087009589,0.0189022491,0.0151232201,0.0351056133,0.053229998
119,0.07450533,0.0086436919,0.0188216239,0.0150997864,0.0350777825,0.0531788028
120,0.0743775924,0.0085770913,0.0187117163,0.0150752466,0.0350460584,0.0531082365
121,0.07428614,0.0085222407,0.0186152526,0.0150600135,0.0350231438,0.0530369937
122,0.0741855877,0.008466367,0.0185097471,0.0150365537,0.0349974737,0.0529643462
123,0.0740963369,0.0084284709,0.0184153411,0.0150120322,0.0349633767,0.0528942229
124,0.0739889178,0.0084030495,0.0183167941,0.0149842693,0.034917195,0.0528064685
125,0.0738437002,0.0083794444,0.0182226052,0.0149633295,0.0348742866,0.0527172558
126,0.0737073898,0.0083659452,0.0181423099,0.0149586019,0.0348469267,0.0526505915
127,0.0735727723,0.008357747,0.0180706008,0.0149440602,0.03480215,0.0525821248
128,0.0734357011,0.0083473372,0.018012434,0.0149313033,0.0347473501,0.0525005157
129,0.07329569,0.0083351836,0.0179557849,0.0149191978,0.0347088236,0.0524324235
130,0.0731554159,0.0083215001,0.0178926291,0.0149055348,0.0346604475,0.0523416469
131,0.0730458413,0.0083135579,0.0178340109,0.0148978057,0.0346251113,0.0522733579
132,0.0729520975,0.0083143697,0.0177900606,0.0148809416,0.0345877869,0.0522038222
133,0.0728535517,0.0083203894,0.0177522044,0.0148773417,0.0345671114,0.0521473286
134,0.0727348953,0.0083242217,0.0177024761,0.0148517826,0.0345273399,0.0520709153
135,0.07263817,0.008326351,0.0176540214,0.0148302877,0.0345036875,0.0520173593
136,0.0725408104,0.0083133731,0.0175945405,0.0148053901,0.0344664813,0.0519615099
137,0.0724284319,0.0083051691,0.0175479645,0.0147947226,0.0344272128,0.0519066577
138,0.0723167098,0.0082892475,0.0174884614,0.0147664039,0.0343971562,0.0518489831
139,0.0721885307,0.0082733635,0.0174295636,0.0147393494,0.0343559577,0.051787456
140,0.0720831855,0.0082560909,0.017377185,0.0147118052,0.0343163484,0.0517327427
141,0.0719682944,0.0082415961,0.0173144798,0.0146975495,0.03429063,0.0516743407
142,0.0718427792,0.0082279953,0.0172585307,0.0146736274,0.0342640208,0.0516198867
143,0.0717328551,0.0082163935,0.0172039076,0.0146476897,0.0342288103,0.0515618226
144,0.0716042199,0.0081978971,0.0171359807,0.0146213498,0.0341825375,0.051489683
145,0.0715060981,0.0081879376,0.0170867964,0.0146013482,0.0341504894,0.0514296222
146,0.0714116707,0.008178285,0.0170398493,0.0145871805,0.0341289083,0.0513726122
147,0.0713296256,0.008169261,0.0169836171,0.014568167,0.0341040812,0.0513227464
148,0.0712527612,0.0081577084,0.016940863,0.014554629,0.0340727476,0.0512573479
149,0.0711676348,0.0081494098,0.0168906801,0.0145317221,0.0340423929,0.0511911776
150,0.0710932709,0.0081468676,0.016850052,0.0145215662,0.0340279809,0.0511432096
