Time [s],TGS2620,TGS2602,TGS2603,TGS2610,TGS2611,TGS2600
1,0.06968189,0.00492416,0.0106416,0.01395915,0.03247222,0.05035532
2,0.06971219,0.00495073,0.01065499,0.01396761,0.0325005,0.05037897
3,0.06974077,0.00498092,0.01067833,0.0139826,0.03253934,0.0504
4,0.06976965,0.00501031,0.01070852,0.01398552,0.03257104,0.05040745
5,0.06979028,0.00503879,0.01073549,0.01399086,0.03260525,0.05042506
6,0.06980719,0.00506626,0.010753,0.01399337,0.03263675,0.05044227
7,0.06982127,0.00509162,0.01077796,0.01399961,0.03266352,0.05045152
8,0.06983808,0.005121,0.01080704,0.01401983,0.03269502,0.05046642
9,0.06985187,0.00514727,0.01084015,0.01402617,0.03271686,0.05046199
10,0.06986123,0.00517997,0.01086581,0.01403664,0.03274896,0.05046602
11,0.06986958,0.00520684,0.01089369,0.01403222,0.0327712,0.05047799
12,0.06988417,0.00523532,0.01092388,0.01403222,0.03279676,0.05048776
13,0.06988779,0.00526873,0.0109585,0.01402799,0.03282302,0.05048171
14,0.06989957,0.00530285,0.01099663,0.01407116,0.03284728,0.05049359
15,0.06990078,0.00532267,0.01102692,0.01408806,0.03287585,0.05049158
16,0.06990017,0.00535085,0.01105389,0.01409501,0.03289266,0.05050023
17,0.06990742,0.00538295,0.01108872,0.01410075,0.03290564,0.05049621
18,0.06990581,0.005423,0.01113521,0.01410678,0.03293825,0.0504948
19,0.06990148,0.00544987,0.01116278,0.0141091,0.03295505,0.05049017
20,0.06989534,0.00547724,0.01119961,0.01411121,0.0329789,0.05048967
21,0.06989493,0.00550663,0.0112302,0.01409742,0.03298937,0.05048524
22,0.06988859,0.00553802,0.01127056,0.01408897,0.03301473,0.05048514
23,0.06988447,0.00557023,0.01130175,0.01408384,0.03302398,0.05047356
24,0.06990298,0.0055984,0.01134834,0.01408465,0.03309855,0.05046521
25,0.0700006,0.00562618,0.01137763,0.0140771,0.03321347,0.05046763
26,0.07014591,0.00565325,0.01141456,0.01407991,0.03330837,0.05045676
27,0.07035523,0.00568102,0.01144757,0.0140782,0.03339049,0.05044488
28,0.07055881,0.0057099,0.01149456,0.01408978,0.03346697,0.05043623
29,0.07077406,0.00573808,0.01153653,0.01410507,0.0335356,0.0504325
30,0.07102152,0.00576545,0.01157728,0.01411795,0.03360906,0.05042254
31,0.07127944,0.00579645,0.01163243,0.01413234,0.03367971,0.05040634
32,0.07159271,0.00583902,0.01169795,0.0141569,0.03375035,0.05039487
33,0.07186361,0.00585793,0.01175621,0.01418155,0.03382582,0.05038159
34,0.07215323,0.00588642,0.01182957,0.01420047,0.03389859,0.0503686
35,0.07246831,0.00592627,0.01190887,0.01422653,0.03398483,0.0503526
36,0.07280191,0.00595947,0.01200055,0.01426588,0.03409774,0.05035049
37,0.07320454,0.00600898,0.01211577,0.01431419,0.03422161,0.05033157
38,0.07354125,0.00604773,0.01221278,0.01434689,0.03431611,0.0503208
39,0.07387113,0.00608909,0.01231623,0.0143808,0.03438474,0.05030279
40,0.07417443,0.00613458,0.0124234,0.01442317,0.03445337,0.05029675
41,0.07446687,0.00617533,0.01253319,0.0144595,0.03453186,0.05029061
42,0.0747894,0.00624004,0.01267428,0.01450247,0.03462565,0.05027864
43,0.07505789,0.00629035,0.01280108,0.01452914,0.03469418,0.05026354
44,0.07531581,0.00635204,0.01293492,0.01457251,0.0347768,0.05026737
45,0.07555863,0.00640145,0.01307248,0.01461065,0.03485319,0.05026475
46,0.07582622,0.00648659,0.0132506,0.01464768,0.03494285,0.05026093
47,0.07603473,0.00654948,0.01339521,0.0146815,0.03500967,0.05026687
48,0.07623458,0.00662566,0.0135525,0.01472839,0.03508705,0.05027954
49,0.07641421,0.0066955,0.01371904,0.01477368,0.0351743,0.05028891
50,0.07658539,0.00678244,0.01389777,0.01480839,0.03524716,0.05030943
51,0.07676351,0.00689385,0.01413366,0.01486726,0.03532294,0.05032956
52,0.07689061,0.00700525,0.01434548,0.0149061,0.0353812,0.05035331
53,0.07700161,0.00710467,0.01455873,0.01494083,0.03543997,0.05037303
54,0.07709831,0.00720651,0.0147776,0.01497716,0.03549341,0.05041047
55,0.0771916,0.00730745,0.01500755,0.01501278,0.03553034,0.05044529
56,0.07731961,0.00742509,0.01527925,0.01505585,0.03559796,0.05049349
57,0.07742094,0.00751727,0.01550507,0.01508614,0.03564426,0.05053203
58,0.07753013,0.00759093,0.01571368,0.01511824,0.03568612,0.05058084
59,0.0776215,0.00766258,0.01591304,0.01513746,0.03570685,0.0506228
60,0.07766216,0.0077298,0.01610505,0.01514803,0.03569548,0.05066889
61,0.07766718,0.00779662,0.01631577,0.01516554,0.03568692,0.050718
62,0.0776378,0.00785186,0.01647799,0.01518103,0.03569095,0.0507666
63,0.07759081,0.00789464,0.01662501,0.01518386,0.03567897,0.05079891
64,0.07754542,0.00794485,0.0167662,0.01518989,0.03566861,0.05083816
65,0.0774617,0.00800584,0.01693687,0.015208,0.03567143,0.05088918
66,0.07739206,0.00805223,0.01707394,0.01522139,0.03566257,0.05092128
67,0.07730219,0.00810456,0.01722025,0.01523367,0.03566669,0.050957
68,0.07721032,0.00815749,0.01736396,0.0152395,0.03565613,0.05099011
69,0.0771121,0.00821706,0.01749347,0.01525309,0.03564355,0.05103197
70,0.07697966,0.0082718,0.01765046,0.01525349,0.03562021,0.05107323
71,0.07686233,0.00831589,0.01776407,0.01526144,0.03561105,0.05111017
72,0.07674348,0.00835291,0.01787668,0.01526114,0.03559384,0.05115354
73,0.07662343,0.00839015,0.0179742,0.01524775,0.03556254,0.05118282
74,0.0765075,0.0084293,0.01807442,0.01524343,0.03553859,0.05121533
75,0.07635907,0.00847146,0.01816791,0.0152394,0.03551092,0.0512592
76,0.07623549,0.00850628,0.01825063,0.01522984,0.03549512,0.05130146
77,0.07611644,0.00853436,0.01832741,0.01522219,0.035477,0.05133679
78,0.07601098,0.0085731,0.01840711,0.01521787,0.03544943,0.0513709
79,0.07590189,0.00860863,0.01847856,0.0152073,0.03543756,0.05140623
80,0.07578556,0.00864787,0.01855021,0.01519492,0.03541562,0.05144708
81,0.07568513,0.00867816,0.0186119,0.01519029,0.03539992,0.05147536
82,0.07559235,0.00871318,0.01867298,0.01518335,0.03538925,0.05152034
83,0.07549856,0.00874206,0.01873517,0.01517117,0.03536701,0.05154359
84,0.07539863,0.00878161,0.01880139,0.01516735,0.03536369,0.05158948
85,0.0753139,0.00881301,0.01885653,0.01516735,0.03535665,0.05162087
86,0.07523108,0.00883585,0.01890927,0.01516594,0.03534981,0.05165589
87,0.07514695,0.00886473,0.01895496,0.01515849,0.03534568,0.05169091
88,0.07507992,0.00889361,0.01900849,0.01515216,0.03532606,0.05171577
89,0.07499942,0.00891887,0.01905338,0.01514632,0.0353172,0.05174747
90,0.07493974,0.00894343,0.0191054,0.0151438,0.03530935,0.05177585
91,0.07488067,0.00896094,0.01914556,0.01514189,0.03530573,0.05180554
92,0.07483207,0.00898277,0.01918651,0.01513877,0.0353003,0.05183412
93,0.07477189,0.00899636,0.01921529,0.01513032,0.03528641,0.05185635
94,0.07470075,0.00901589,0.01925534,0.01512387,0.03527916,0.05188081
95,0.07463593,0.00902716,0.01928583,0.01511794,0.0352689,0.05189983
96,0.07458461,0.00904446,0.01931341,0.01512388,0.03526759,0.0519284
97,0.07454235,0.00905654,0.01934159,0.01511371,0.03526286,0.05194592
98,0.07449284,0.00906922,0.01936463,0.01511059,0.03525008,0.05196323
99,0.0744391,0.00908592,0.01939955,0.01510778,0.03524515,0.05198838
100,0.07439562,0.00909498,0.01942531,0.01510616,0.03523991,0.0520071
101,0.07434531,0.00910846,0.01944222,0.01510717,0.03523589,0.05202935
102,0.07430466,0.00911491,0.0194546,0.01510878,0.03522492,0.05204394
103,0.07423522,0.00912296,0.01948146,0.01510375,0.03521093,0.05205983
104,0.07419617,0.00914067,0.0195038,0.0150967,0.03519906,0.0520693
105,0.07414616,0.00915113,0.01951779,0.01510415,0.03519544,0.05208257
106,0.07407602,0.00915516,0.01953399,0.0150964,0.03518517,0.05209828
107,0.07399179,0.00915717,0.01954255,0.01508402,0.03515569,0.05210633
108,0.0738671,0.00915959,0.01955432,0.01506692,0.03512047,0.05211156
109,0.07376748,0.00915395,0.01953731,0.0150476,0.03508585,0.0521178
110,0.0736594,0.00914288,0.01952111,0.01503693,0.03504589,0.05211991
111,0.07353874,0.00912638,0.01949495,0.01500996,0.03500685,0.05212625
112,0.07340942,0.00911561,0.01945732,0.0149844,0.03495533,0.05212293
113,0.07323714,0.00908381,0.01940398,0.01495632,0.03490098,0.05211337
114,0.07311256,0.00906137,0.01935578,0.01493408,0.03486325,0.05210029
115,0.07298496,0.00902384,0.01928966,0.01491557,0.03483215,0.0520866
116,0.07283592,0.00897845,0.01921429,0.01489242,0.03478445,0.05206859
117,0.07267884,0.00892894,0.0191379,0.01486022,0.0347294,0.05204283
118,0.07248532,0.00886574,0.01902761,0.01483104,0.03468201,0.05201053
119,0.07233507,0.00880576,0.01891601,0.01479792,0.03464125,0.05197591
120,0.07217768,0.00873492,0.0188028,0.01477126,0.03460502,0.05194008
121,0.07202552,0.00866357,0.01867258,0.01473624,0.03456286,0.05188443
122,0.07187921,0.00859564,0.01854357,0.01470001,0.03450781,0.05182013
123,0.07169485,0.00851856,0.0183733,0.014667,0.03444925,0.05174707
124,0.07156141,0.00846069,0.01825113,0.01463551,0.03440144,0.05166878
125,0.07142757,0.00840404,0.0181185,0.01460582,0.03437075,0.05159551
126,0.07130439,0.00836821,0.01800428,0.01458791,0.03433241,0.05152125
127,0.0711773,0.00832816,0.01785746,0.01455903,0.0342998,0.05142605
128,0.07107968,0.00830391,0.01775069,0.01452934,0.03427384,0.05136768
129,0.07099424,0.00828549,0.01765358,0.01451444,0.03425512,0.05131596
130,0.07092461,0.00826346,0.01755496,0.01450237,0.03424526,0.05127409
131,0.0708755,0.00824383,0.01745714,0.0144913,0.03424627,0.05123485
132,0.07084662,0.00822491,0.01735691,0.01447842,0.03425543,0.05118856
133,0.07083524,0.00820831,0.01728345,0.0144757,0.0342672,0.05114821
134,0.07083041,0.00819875,0.01721572,0.01447499,0.03426579,0.0511149
135,0.07081915,0.00818526,0.01716048,0.01447902,0.03427102,0.05107746
136,0.07079097,0.00817419,0.0171009,0.01447983,0.03427626,0.05104999
137,0.07074005,0.00816453,0.01703066,0.01447108,0.03424607,0.05100621
138,0.07067403,0.00815367,0.01698004,0.01446212,0.03422192,0.05098005
139,0.0705893,0.00814028,0.01692721,0.01445075,0.03418569,0.05094
140,0.07050095,0.00813072,0.01688344,0.0144432,0.03415721,0.05090659
141,0.07040213,0.00811925,0.01682406,0.01442921,0.03413094,0.05086493
142,0.07031035,0.00811321,0.01677043,0.01441804,0.03411082,0.05080696
143,0.07023377,0.00810335,0.01672393,0.01440355,0.03409914,0.05076872
144,0.07016272,0.00809902,0.0166873,0.01439328,0.03407922,0.05072042
145,0.07009962,0.00809449,0.01665188,0.01438281,0.0340595,0.05067573
146,0.07001811,0.00808725,0.01661384,0.01437839,0.0340445,0.05063246
147,0.06992664,0.00808363,0.01657208,0.01436792,0.03402085,0.05057953
148,0.06985146,0.00807064,0.01653616,0.01435524,0.03400173,0.05052881
149,0.06978001,0.00805987,0.01649067,0.01433652,0.03396963,0.05048051
150,0.06972517,0.00805042,0.01645786,0.01432173,0.03394115,0.05043029
