Time [s],TGS2620,TGS2602,TGS2603,TGS2610,TGS2611,TGS2600
1,0.1272142802,-0.0015161135,0.0133418098,0.021675695,0.0455448874,0.0945535766
2,0.1273426713,-0.0015152699,0.0133505003,0.0216982018,0.0455859186,0.0946631255
3,0.1274789826,-0.0015111826,0.0133694717,0.0217247223,0.0456361347,0.0947919487
4,0.1276084867,-0.001513851,0.0133737938,0.0217392852,0.0456740522,0.0948937369
5,0.127739259,-0.0015075924,0.0134051793,0.0217608414,0.0457114866,0.0950048316
6,0.1278683013,-0.001511135,0.013400272,0.0217774021,0.0457512696,0.0951277287
7,0.1279852213,-0.0015027985,0.0134483406,0.0217989539,0.0457848968,0.0952288352
8,0.1280861389,-0.0015029605,0.0134335648,0.0218117047,0.045817905,0.0953153113
9,0.1281813942,-0.0014983795,0.0134664544,0.0218305854,0.0458488668,0.0954126964
10,0.1282894002,-0.0015007082,0.0134875687,0.0218396752,0.0458841805,0.095506827
11,0.1283738384,-0.0014939991,0.0134944581,0.0218553755,0.0459101974,0.0955808171
12,0.1284266572,-0.0014965764,0.0134915744,0.0218519132,0.0459139766,0.0956248512
13,0.1284262558,-0.0014930244,0.013511196,0.0218496745,0.0459088306,0.0956471138
14,0.1283777239,-0.001493809,0.0135138057,0.0218265792,0.0458799811,0.0956225632
15,0.1283275513,-0.0014894537,0.0135331029,0.021810637,0.0458482304,0.095587719
16,0.1282939142,-0.0014924181,0.013532573,0.0217938891,0.0458230582,0.0955650652
17,0.1282754339,-0.0014816555,0.0135568755,0.0217883103,0.0458154418,0.0955561452
18,0.1282566035,-0.0014805454,0.0135534194,0.0217862212,0.0458127975,0.0955591841
19,0.1282586176,-0.0014754044,0.0135938171,0.0217868543,0.0458124237,0.0955673637
20,0.1283137781,-0.0014728952,0.0135981735,0.0217962087,0.0458363449,0.095618436
21,0.1284152789,-0.0014667103,0.0136382886,0.0218160391,0.045888076,0.0957122755
22,0.1284897261,-0.0014610234,0.0136610961,0.0218253213,0.0459150527,0.0957613145
23,0.1285409561,-0.0014534471,0.0136663686,0.021843539,0.0459370641,0.0958152994
24,0.1285719724,-0.0014512369,0.0136755309,0.0218470679,0.0459495413,0.0958526066
25,0.1286142278,-0.0014454289,0.0137023219,0.0218542796,0.0459655377,0.0958833673
26,0.1286391541,-0.0014458954,0.0137325185,0.0218609961,0.0459752582,0.0959117348
27,0.1286826246,-0.0014311707,0.0137684719,0.0218729769,0.0460271842,0.0959360353
28,0.1287665088,-0.0014204429,0.0137785664,0.0218977685,0.0461243837,0.0959498344
29,0.1289675975,-0.0014026359,0.0138339143,0.0219351427,0.0463004136,0.095969008
30,0.1291870638,-0.0013938061,0.0138814612,0.0219675699,0.0464880954,0.0959831977
31,0.1294612005,-0.0013802897,0.0139367055,0.0220068469,0.0466868524,0.0960006559
32,0.1297625594,-0.0013758904,0.0140111378,0.0220363856,0.0468795931,0.0960002669
33,0.130083283,-0.0013657864,0.0140783981,0.0220706183,0.0470648157,0.096010491
34,0.1304973731,-0.0013603794,0.0141187941,0.0220982914,0.0472537866,0.0960054691
35,0.1308639084,-0.0013578975,0.0141791267,0.0221268787,0.0474321677,0.0960123285
36,0.1312833938,-0.0013545868,0.0142072081,0.0221570239,0.0476019717,0.0960026511
37,0.1317242993,-0.0013462066,0.0142829444,0.0221940152,0.047782594,0.0960031258
38,0.132191701,-0.0013439388,0.0143319407,0.0222268594,0.047962116,0.0960014587
39,0.1328324801,-0.0013318819,0.0144104296,0.022280001,0.0481732531,0.0960073936
40,0.1333594906,-0.0013275735,0.0144805726,0.0223170507,0.0483240091,0.0959833806
41,0.1338993774,-0.0013112574,0.0145626931,0.022369398,0.048496792,0.0959750338
42,0.1344639836,-0.0012974275,0.0146384771,0.0224195924,0.0486682574,0.0959624424
43,0.1350370886,-0.0012779763,0.0147520525,0.0224785826,0.0488189496,0.0959459618
44,0.1357015919,-0.0012558367,0.0148642594,0.0225312995,0.0489830991,0.0959340046
45,0.1362349481,-0.0012311594,0.0149746843,0.0225790993,0.049095576,0.0959195459
46,0.1367306029,-0.001210082,0.0150838144,0.0226229736,0.0492008709,0.0959126359
47,0.1372125714,-0.0011845933,0.0151997374,0.0226596606,0.049291969,0.0959077666
48,0.1377244858,-0.0011449768,0.0153331424,0.0227079919,0.0493809593,0.0958953997
49,0.138131157,-0.0011155974,0.0154702122,0.0227369089,0.0494424687,0.0958872113
50,0.1385349568,-0.0010859047,0.0155758144,0.0227788925,0.0495235773,0.0958792723
51,0.1389525575,-0.001055374,0.0156903654,0.0228191516,0.0496078038,0.0958732874
52,0.139363279,-0.0010239677,0.015827952,0.0228718866,0.0497091524,0.0958644914
53,0.1398499809,-0.0009738091,0.0160282701,0.0229389722,0.049843463,0.095858579
54,0.1402594624,-0.0009326931,0.0161741449,0.0230023167,0.0499643957,0.0958548798
55,0.140657553,-0.0008795192,0.0163753131,0.0230641556,0.0500758372,0.0958603285
56,0.141029876,-0.000828395,0.0165647314,0.0231237095,0.0499456099,0.0958663237
57,0.1413631515,-0.0007650352,0.0167622838,0.0231830505,0.0498758094,0.0958722042
58,0.1417341888,-0.0006983474,0.0170285454,0.0232501528,0.0499576963,0.0958909849
59,0.1420282612,-0.0006320816,0.0172100326,0.023305728,0.0500326413,0.0959163727
60,0.1423072499,-0.0005714337,0.0174254622,0.0233462755,0.0501053911,0.095940965
61,0.1425853825,-0.0005048387,0.017652783,0.0233971043,0.0501873783,0.0959717257
62,0.1428609601,-0.0004382028,0.017831723,0.0234415264,0.0502696038,0.096000587
63,0.1432028727,-0.0003621572,0.0181145784,0.0234988946,0.0503615953,0.096051687
64,0.1434485588,-0.0003030623,0.018299817,0.0235440851,0.0504313283,0.0960896407
65,0.143708901,-0.0002367664,0.0185019359,0.0235902215,0.0505038461,0.0961315849
66,0.1439169003,-0.0001722833,0.018714892,0.0236303658,0.0505560738,0.096146182
67,0.1441289629,-9.82523000e-5,0.0189930839,0.0236784485,0.0506178257,0.0961894929
68,0.1443810391,-1.08986000e-5,0.0192576932,0.023734963,0.0506973498,0.0962374648
69,0.1445743613,5.75483000e-5,0.0194803753,0.0237869747,0.0507696023,0.0962528175
70,0.1447946619,0.0001306967,0.0197189885,0.0238354985,0.050848396,0.0962826146
71,0.1450191755,0.0002076863,0.019930737,0.0238876551,0.0509225943,0.0963296014
72,0.1452242961,0.0002952379,0.0202574002,0.0239389053,0.0509496938,0.0963932459
73,0.1453258307,0.0003742727,0.0204815506,0.0239665826,0.0509335842,0.0964587729
74,0.1454092963,0.000445521,0.0207051908,0.0239896269,0.0508986417,0.0965311599
75,0.1455148897,0.0005323126,0.0209519896,0.024027733,0.0508768931,0.0966578186
76,0.1455760643,0.0006093692,0.0211839943,0.024049464,0.0508311117,0.0967567805
77,0.145575255,0.0007026304,0.0214695209,0.0240680425,0.0507623916,0.096856028
78,0.1455095063,0.0007700915,0.0217076434,0.0240641573,0.0506728673,0.0969067431
79,0.1454689077,0.0008429506,0.0219201266,0.0240728617,0.0506136268,0.0970007872
80,0.1453943473,0.0009038815,0.0221284733,0.0240776892,0.050545061,0.0970935902
81,0.1452755135,0.000957564,0.0223213898,0.0240709875,0.0504745433,0.0971756068
82,0.1450660057,0.0010159394,0.022555812,0.0240571155,0.0503831423,0.0972532056
83,0.1449116596,0.0010685206,0.022682978,0.0240583448,0.05032116,0.097331157
84,0.1447421069,0.001112069,0.0228873499,0.0240526768,0.0502667891,0.0974105645
85,0.1445250763,0.0011542914,0.0230550523,0.0240454183,0.0502065977,0.0974681756
86,0.1443086997,0.0011876602,0.0231586671,0.0240346112,0.0501405307,0.0975232857
87,0.1440529122,0.00123337,0.0233435227,0.0240256106,0.050081039,0.0975911711
88,0.1438789111,0.0012633351,0.0235350772,0.0240216604,0.050048616,0.0976711098
89,0.1437169967,0.001306204,0.0236775631,0.0240310843,0.050025966,0.0977679068
90,0.1435504051,0.0013368015,0.0238278115,0.0240271868,0.0499960442,0.0978495475
91,0.1433497947,0.0013747316,0.0239629246,0.0240363898,0.0499678476,0.0979547704
92,0.143188637,0.0014002171,0.0241114141,0.0240402946,0.0499389054,0.0980401987
93,0.1430472976,0.0014247258,0.0242267394,0.0240418669,0.049921827,0.0981359046
94,0.1429307018,0.0014493158,0.0243917703,0.0240507723,0.0499161663,0.0982419399
95,0.1427977756,0.0014661485,0.0244448365,0.024051619,0.0499003502,0.0983336221
96,0.1425883411,0.0014875788,0.0246190007,0.0240437387,0.049862202,0.0984176274
97,0.1424320335,0.0014923984,0.0247190656,0.0240378078,0.0498299628,0.0984863606
98,0.1422793211,0.0014974169,0.0247866841,0.0240315351,0.0498036297,0.0985648643
99,0.1421355494,0.0015073845,0.0249063485,0.0240276859,0.0497799168,0.0986368943
100,0.1419874764,0.001504204,0.0249965034,0.0240210309,0.0497499606,0.0987088012
101,0.141805525,0.0015135933,0.0250643338,0.0240189129,0.0497229822,0.0987961308
102,0.1416695827,0.0015031734,0.025116613,0.0240153158,0.0497156795,0.0988960561
103,0.1415279514,0.0014979145,0.0251815087,0.0240147671,0.0496876906,0.0989794698
104,0.1413323767,0.0014776862,0.0252425993,0.0239972794,0.0496359435,0.0990312735
105,0.1410775046,0.001460978,0.025294139,0.0239751238,0.0495450466,0.0990768741
106,0.1407389365,0.001429804,0.0252943812,0.0239222538,0.0493976432,0.0991296155
107,0.1404308204,0.001376123,0.0253198092,0.0238747848,0.0492686358,0.099182138
108,0.1401337155,0.0013065451,0.0252825842,0.0238195669,0.0491241698,0.0992241141
109,0.139804649,0.0012179271,0.0251997583,0.0237489044,0.0489787101,0.0992445567
110,0.1394296302,0.001115028,0.0251093535,0.0236653164,0.048815248,0.0992420634
111,0.138990649,0.0009719386,0.0249795474,0.0235616976,0.0486167449,0.099206853
112,0.1386142621,0.0008476044,0.0248317893,0.023480848,0.0484710228,0.0991743459
113,0.1382452707,0.0007300695,0.0246852199,0.0234061734,0.0483302219,0.0991246417
114,0.1378666773,0.0006143638,0.0245443832,0.0233240457,0.0481907294,0.0990690875
115,0.1374419135,0.0004850831,0.0243461269,0.0232337624,0.0480348839,0.0990125027
116,0.1371162701,0.0003816839,0.0241772141,0.0231709735,0.0479184359,0.0989585953
117,0.1367933753,0.0002874223,0.0240606744,0.0231188148,0.0478201233,0.0989092607
118,0.1364666683,0.000182033,0.0238468599,0.0230487221,0.0477081598,0.0988451394
119,0.1361533309,8.41603000e-5,0.0236641336,0.0229869634,0.0476082027,0.0987753124
120,0.1357658831,-3.22201000e-5,0.0234412537,0.0229087725,0.0474832966,0.0986687681
121,0.1354555012,-0.0001163301,0.0232509408,0.0228476742,0.04737028,0.0985707823
122,0.1351280008,-0.0002036391,0.0230341896,0.0227766941,0.0472608654,0.0984577791
123,0.1348078439,-0.0002826388,0.0228884735,0.0227207333,0.0471613485,0.0983498131
124,0.1345046039,-0.0003595507,0.0226874166,0.0226554403,0.0470621678,0.098230636
125,0.134152847,-0.0004408153,0.0224793387,0.0225861967,0.046960104,0.0981003979
126,0.1338814923,-0.0005041402,0.0223142819,0.0225319938,0.0468793865,0.0979842732
127,0.1336195996,-0.0005545454,0.0221331221,0.0224867008,0.0468078287,0.0978669277
128,0.133366703,-0.0006122478,0.021960364,0.0224495907,0.0467478078,0.0977600705
129,0.1331213903,-0.000659363,0.021785009,0.0224026855,0.0466799731,0.0976454732
130,0.1328221445,-0.0007171728,0.0215597323,0.0223550822,0.0466035117,0.0975164326
131,0.1325968374,-0.000759229,0.0213997156,0.0223150713,0.0465306986,0.0974131766
132,0.1323693656,-0.0007943248,0.0212197422,0.022281165,0.0464803992,0.0973107733
133,0.1321332162,-0.0008311928,0.0210463814,0.0222474119,0.0464155392,0.0972031606
134,0.1319007553,-0.0008638764,0.0209148426,0.022204511,0.0463541711,0.0970927779
135,0.1316252478,-0.0009038866,0.0207283683,0.022157408,0.046282974,0.0969573659
136,0.1314047031,-0.0009340348,0.0205624242,0.0221224185,0.046218638,0.0968438403
137,0.131191875,-0.0009594812,0.0204241151,0.0220892362,0.0461641247,0.0967349496
138,0.1309889951,-0.0009905183,0.0202689558,0.0220609207,0.0461152649,0.0966367854
139,0.1307602111,-0.0010148499,0.0201169705,0.0220304854,0.0460602846,0.0965030171
140,0.1305896564,-0.0010343781,0.0200156681,0.0219998157,0.0460222705,0.0964080771
141,0.1304375192,-0.0010542763,0.0198959949,0.0219922396,0.0459959438,0.0963177093
142,0.1302792152,-0.0010734531,0.0197521018,0.021966053,0.0459688991,0.0962295952
143,0.1301357677,-0.0010865428,0.0196506323,0.0219471883,0.0459379376,0.0961516818
144,0.1299596767,-0.0011062045,0.0195054813,0.0219150323,0.0458887807,0.0960470234
145,0.1298257509,-0.0011199841,0.0193953381,0.0218964951,0.0458545263,0.0959681331
146,0.129683489,-0.0011356226,0.0192953392,0.0218770454,0.0458263158,0.0958754981
147,0.1295391599,-0.0011484212,0.0191889708,0.0218550114,0.0457942563,0.0958054801
148,0.1293961083,-0.0011669276,0.0190662216,0.0218301705,0.0457446247,0.0957130798
149,0.1292282259,-0.0011738275,0.0189442647,0.0218097163,0.0457144048,0.0956114581
150,0.1290834173,-0.0011831205,0.0188321799,0.0217887832,0.0456868676,0.0955252985
