Time [s],TGS2620,TGS2602,TGS2603,TGS2610,TGS2611,TGS2600
1,0.0891368361,0.0060322906,0.026372539,0.0154545604,0.0339371811,0.0669711563
2,0.0891581062,0.0060025205,0.0262688374,0.0154527997,0.0339633753,0.06694649
3,0.0891855261,0.0059877404,0.0261774333,0.0154590594,0.0339893919,0.0669233265
4,0.0892098589,0.0059675881,0.0261020979,0.015469863,0.0340316498,0.0668976069
5,0.0892168628,0.0059527263,0.026024349,0.0154806942,0.0340623668,0.066872216
6,0.0892273301,0.0059426509,0.0259531269,0.0154866677,0.0340920917,0.0668548555
7,0.0892381362,0.005937244,0.0259031179,0.0154876047,0.0341091151,0.0668321812
8,0.0892487155,0.0059378357,0.0258349525,0.0154950952,0.0341424677,0.0668110501
9,0.0892607286,0.0059336045,0.0257894931,0.0154993731,0.0341693673,0.0667817794
10,0.0892661118,0.005940822,0.0257410897,0.015518274,0.0341993198,0.0667675993
11,0.0892696563,0.005941859,0.025707053,0.0155168337,0.034230238,0.0667459242
12,0.0892872059,0.0059511983,0.0256683137,0.0155177768,0.0342548846,0.0667340669
13,0.089287894,0.0059556457,0.0256474365,0.0155255221,0.0342732053,0.0667059302
14,0.089295695,0.0059686252,0.0256126837,0.015532196,0.0343069091,0.066693489
15,0.0892911013,0.0059751924,0.0255775009,0.0155431473,0.0343327099,0.0666758914
16,0.0892910399,0.0059876181,0.025573697,0.0155470334,0.0343508911,0.066650086
17,0.0892921191,0.0059917009,0.0255541451,0.0155453227,0.0343599662,0.0666278409
18,0.0892853318,0.0060083586,0.0255380655,0.0155551587,0.0343800405,0.0665992742
19,0.0892855161,0.0060304617,0.0255260235,0.0155565336,0.0344101208,0.0665810788
20,0.0892794409,0.0060472499,0.0255301175,0.01557114,0.0344397037,0.0665761814
21,0.0892887069,0.0060534296,0.025528164,0.0155726005,0.0344579822,0.0665601878
22,0.0893301552,0.0060758085,0.0255326623,0.0155874542,0.0344944741,0.0665747466
23,0.0893748594,0.0060973905,0.0255359315,0.0156037159,0.0345500247,0.0665966505
24,0.0894064714,0.0061220794,0.0255390829,0.0156240723,0.0346022002,0.066604495
25,0.089500766,0.0061451464,0.0255452107,0.0156452473,0.0347069838,0.0666081925
26,0.0896476399,0.0061614647,0.0255620388,0.0156801391,0.0348185782,0.0666033853
27,0.0898164534,0.0061739698,0.0255984689,0.0156991793,0.0349131985,0.0665874606
28,0.0900060619,0.0061924123,0.02561214,0.0157303721,0.0350050536,0.066561857
29,0.0901459826,0.0062155822,0.025620475,0.0157440997,0.0350664989,0.0665299385
30,0.0902940836,0.0062301341,0.0256368249,0.0157647732,0.035132295,0.066503607
31,0.0904691616,0.0062465906,0.0256538043,0.0157835918,0.0351986436,0.0664719774
32,0.0906718071,0.0062630904,0.0256786095,0.015800755,0.0352763753,0.0664287564
33,0.0909678116,0.0062931142,0.025693168,0.0158344369,0.0353844316,0.066385059
34,0.0912476841,0.0063237457,0.025767697,0.0158759829,0.0354977597,0.0663435414
35,0.0915445392,0.0063563426,0.025809639,0.0159257068,0.0356079699,0.066315249
36,0.0918623415,0.0063989811,0.0258637734,0.0159709105,0.0357125722,0.0662815918
37,0.0921682629,0.0064454368,0.0259413448,0.0160288719,0.0358112431,0.0662524127
38,0.0925514722,0.0065070865,0.0260318186,0.016095321,0.0359425973,0.0662129666
39,0.0928754006,0.0065679121,0.0261088948,0.0161606761,0.0360838314,0.0661888399
40,0.0932139265,0.0066367349,0.0262009514,0.0162200825,0.0362172273,0.0661686098
41,0.093552652,0.0067070856,0.0262927254,0.0162759762,0.0363293631,0.0661575269
42,0.0939459352,0.0067970592,0.0264241768,0.016353483,0.0364724441,0.0661469958
43,0.0942506133,0.0068636536,0.0265386028,0.0164238697,0.0366158491,0.0661371625
44,0.0945458838,0.006940255,0.0266454594,0.0164904627,0.0367230514,0.0661306826
45,0.094845283,0.0070115207,0.0267641865,0.01655206,0.0368187248,0.0661198595
46,0.0951270559,0.0070862465,0.0268745757,0.0166242951,0.0369105708,0.0661291654
47,0.0954612512,0.0071838422,0.0270506855,0.0167073159,0.0370354634,0.0661330868
48,0.0957428891,0.0072679894,0.0271770792,0.0167612112,0.0371391641,0.0661594445
49,0.0959986375,0.0073480819,0.0273178392,0.0168182604,0.0372262655,0.0661753507
50,0.0962348329,0.0074349367,0.0274484482,0.0168822901,0.0373342988,0.0662035515
51,0.0964505031,0.0075138277,0.0275772322,0.0169322304,0.0374281275,0.0662436866
52,0.0966875188,0.0076127133,0.0277434926,0.0170005835,0.037531204,0.0662833512
53,0.0968695519,0.0076933604,0.0278816813,0.0170423088,0.0375914079,0.0663097412
54,0.0970355248,0.007782986,0.0280127579,0.0170948392,0.0376704963,0.0663597978
55,0.0971740145,0.0078624799,0.0281295197,0.0171363382,0.0377256067,0.0663925686
56,0.0973178456,0.007948517,0.028272249,0.0171723274,0.0377771803,0.0664243417
57,0.0974752487,0.0080518268,0.0284327495,0.0172233325,0.0378375164,0.066489884
58,0.0975641432,0.0081346228,0.0285561193,0.017247218,0.0378396886,0.0665343396
59,0.0975510882,0.0082086284,0.0286630584,0.0172514505,0.037782828,0.0665465115
60,0.0974480948,0.0082640447,0.0287591072,0.0172295323,0.0376825687,0.0665088987
61,0.0973607202,0.0083264032,0.0288600183,0.0172238767,0.0376170701,0.0665038274
62,0.0972722545,0.0083933666,0.0289790696,0.017232281,0.0375638332,0.0665243403
63,0.0971913839,0.0084410692,0.0290776996,0.0172363112,0.037536967,0.0665457733
64,0.0971163682,0.0084990038,0.0291817159,0.0172508846,0.0375092172,0.0665802809
65,0.0970250483,0.0085488687,0.0292743371,0.0172647969,0.0374786154,0.0666148784
66,0.0968982511,0.0086154225,0.0293910344,0.0172709393,0.0374472537,0.0666658463
67,0.0967622715,0.0086673654,0.0294836169,0.0172824086,0.0374156366,0.0667135071
68,0.0966131499,0.0087117654,0.0295634685,0.0172686323,0.0373613058,0.066758195
69,0.0964592637,0.0087585849,0.0296196591,0.0172603947,0.0373066175,0.0668034484
70,0.0963050751,0.0087902682,0.0296870668,0.0172437338,0.0372688932,0.0668626724
71,0.0961628356,0.0088174113,0.0297486412,0.0172283101,0.0372330229,0.0669608146
72,0.0960477839,0.0088340833,0.0297717943,0.0172078923,0.0371992008,0.0670416186
73,0.0959145256,0.0088406327,0.0297835489,0.0171800457,0.0371509065,0.0671015542
74,0.0957749668,0.0088350524,0.0297912945,0.0171573435,0.0371221941,0.0671636449
75,0.0956443333,0.0088285458,0.0297966301,0.017127516,0.0370754729,0.0672157076
76,0.0954951194,0.0088175291,0.0297929453,0.0170921779,0.0370386219,0.0672768865
77,0.0953779085,0.0088054784,0.0297856688,0.017065719,0.0370053429,0.0673200271
78,0.0952589028,0.0087925735,0.0297630685,0.0170462483,0.0369761128,0.0673642803
79,0.0951491217,0.0087734723,0.0297475522,0.017018056,0.0369429391,0.0673983421
80,0.095033345,0.0087576797,0.0297419257,0.0169852632,0.0369020255,0.0674116343
81,0.094882776,0.0087388251,0.0296919143,0.0169497115,0.0368522876,0.0674139037
82,0.0947614089,0.0087266757,0.0296894104,0.016930217,0.0368261334,0.0674268277
83,0.0946585109,0.0087086722,0.0296633661,0.0169027417,0.0367861032,0.0674351559
84,0.0945631646,0.008700104,0.029647303,0.0168831298,0.0367525462,0.0674478238
85,0.0944587778,0.0086815862,0.0296168517,0.0168622077,0.0367240688,0.0674608286
86,0.0943506145,0.0086725136,0.0296008407,0.0168438808,0.0366993387,0.0674639672
87,0.094245181,0.0086577363,0.0295664022,0.0168195737,0.0366634368,0.0674604213
88,0.0941729051,0.0086439584,0.0295750837,0.0167995016,0.0366333364,0.0674693061
89,0.0941578256,0.0086444141,0.0295809818,0.0168124614,0.0366460882,0.0675273533
90,0.0942101262,0.0086492963,0.0295835891,0.0168298319,0.0366932592,0.0676453454
91,0.0942754713,0.0086556505,0.0295971337,0.0168537036,0.0367459483,0.0677669501
92,0.0943325524,0.0086556463,0.0296127394,0.0168748199,0.0367835356,0.0678748683
93,0.0943602213,0.0086517691,0.0296053745,0.0168847041,0.0368185954,0.0679621581
94,0.0943638359,0.0086468585,0.0295902715,0.0168881652,0.0368409752,0.0680364618
95,0.0943551266,0.0086426655,0.029603327,0.0168890616,0.0368501224,0.0681019806
96,0.0943458842,0.0086424968,0.0295883061,0.016890802,0.0368562681,0.0681565794
97,0.0943223477,0.0086410474,0.0295805968,0.0168976626,0.0368600009,0.0681936052
98,0.0942860621,0.0086373861,0.0295876813,0.0168920489,0.036868587,0.0682255954
99,0.0942572483,0.0086406227,0.0295850812,0.0168817137,0.0368633736,0.0682492491
100,0.0942207266,0.0086413854,0.029576885,0.0168806163,0.0368666079,0.0682810463
101,0.094187364,0.0086446258,0.0295759459,0.0168789055,0.0368703824,0.068298711
102,0.0941518481,0.0086540821,0.0295799061,0.0168819729,0.0368825292,0.0683252052
103,0.0941101414,0.0086515397,0.029577019,0.0168749259,0.0368660534,0.0683308843
104,0.0940712152,0.0086562562,0.0295490976,0.0168610419,0.0368505206,0.0683391131
105,0.0939765584,0.0086327101,0.02952163,0.0168174872,0.0367558243,0.0683506694
106,0.0938582432,0.0085985384,0.0295130744,0.0167854088,0.0366901385,0.0683528278
107,0.0937329023,0.0085675884,0.0294942258,0.0167479897,0.0366297917,0.0683413047
108,0.0936115058,0.0085388468,0.0294757527,0.0167114745,0.0365853616,0.0682997628
109,0.0934859584,0.0085039521,0.0294511837,0.0166721957,0.0365455172,0.068245237
110,0.0933990213,0.0084768454,0.0294447535,0.0166534871,0.0365283188,0.0682004384
111,0.0933290187,0.0084462421,0.0294235656,0.0166247316,0.0365130066,0.0681315395
112,0.0932759541,0.0084253682,0.0294186519,0.0165975519,0.0364875594,0.0680572953
113,0.0931855167,0.0083982558,0.0294031666,0.0165674248,0.0364450971,0.0679825496
114,0.0930796617,0.0083674676,0.029385853,0.0165323628,0.0363817333,0.067884107
115,0.0929760997,0.008347243,0.0293662517,0.0164970679,0.0363400566,0.067802384
116,0.0928734333,0.008333699,0.0293537408,0.016478136,0.0363206229,0.0677142086
117,0.0927625456,0.0083208704,0.0293486473,0.0164644986,0.0363088713,0.0676353926
118,0.0926466436,0.0083123758,0.0293192101,0.0164367029,0.0362766394,0.0675508907
119,0.0925040936,0.008297002,0.0292814299,0.0164096475,0.0362390709,0.0674495564
120,0.0923873404,0.0082794158,0.0292567368,0.0163895202,0.0361980389,0.0673571472
121,0.0922513941,0.0082615103,0.0292205109,0.0163712448,0.0361628969,0.0672675764
122,0.0920889541,0.0082397207,0.0292041792,0.0163553468,0.0361407081,0.067179904
123,0.0919392465,0.0082318241,0.0291870063,0.01634423,0.0361158056,0.0670975605
124,0.0917764699,0.0082358963,0.0291854072,0.0163411115,0.0360917486,0.0670112078
125,0.0916331614,0.0082462359,0.0291614218,0.0163400329,0.0360616248,0.0669366055
126,0.0914656998,0.0082605698,0.029158368,0.0163324796,0.0360272076,0.0668763144
127,0.0913030143,0.0082705787,0.0291386373,0.0163075617,0.0359875795,0.0668106701
128,0.0911454854,0.008280118,0.0291352459,0.0162872968,0.0359407527,0.0667408162
129,0.0909745948,0.0082830414,0.0291095857,0.0162634187,0.0358962371,0.0666610952
130,0.0908461019,0.0082828439,0.0290959015,0.0162542112,0.0358664696,0.0666022916
131,0.0907069437,0.0082778516,0.0290695611,0.0162415221,0.0358337324,0.0665478544
132,0.0905825269,0.0082754841,0.0290524909,0.0162215913,0.0357927225,0.0664963984
133,0.0904191548,0.0082687779,0.0290340272,0.0162025151,0.0357547608,0.0664344086
134,0.0903115928,0.0082632212,0.0290213597,0.0161919295,0.0357193728,0.066380622
135,0.0902226115,0.0082501303,0.0289866105,0.0161889875,0.035701556,0.066341646
136,0.0901609976,0.0082355408,0.0289546461,0.0161865178,0.0356908986,0.0663132465
137,0.0901494188,0.0082205089,0.0289219064,0.0161868595,0.0356850116,0.0662815693
138,0.0902158782,0.0081979845,0.0288900016,0.0162035952,0.0357189374,0.0662640785
139,0.0902947212,0.0081874793,0.0288856389,0.0162295209,0.0357533291,0.0662415508
140,0.0903420406,0.0081768952,0.0288778004,0.0162589875,0.0357859608,0.0662427447
141,0.0903425803,0.0081649919,0.028870074,0.016270026,0.0357806465,0.0662520539
142,0.0903234922,0.0081596441,0.0288545664,0.016261739,0.0357472531,0.0662571836
143,0.0903180112,0.0081544935,0.0288506056,0.0162567085,0.0357307754,0.0662721892
144,0.0903592506,0.0081583195,0.0288609059,0.0162611696,0.035730809,0.0662666995
145,0.0903292356,0.0081575975,0.0288378688,0.0162632366,0.0357121518,0.0662672577
146,0.0902059017,0.008163907,0.0288462305,0.0162310958,0.0356372046,0.0662709264
147,0.0900744764,0.0081655496,0.0288143902,0.0161960646,0.035571905,0.0662693707
148,0.0899335089,0.0081658372,0.0287873801,0.0161653965,0.0355280413,0.0662498218
149,0.0898219843,0.0081516005,0.0287791362,0.016139001,0.0354897356,0.0662156385
150,0.089714758,0.008142723,0.0287716527,0.0161250379,0.0354617996,0.0661832044
