Time [s],TGS2620,TGS2602,TGS2603,TGS2610,TGS2611,TGS2600
1,0.0852348653,0.0064463548,0.0241110262,0.0147637584,0.0334523899,0.0628988848
2,0.0852694673,0.0064397724,0.0240690873,0.0147747399,0.0334837985,0.062907738
3,0.0852819882,0.0064403666,0.0240427799,0.014784086,0.0335124863,0.0629109405
4,0.0852972307,0.0064362507,0.0240236874,0.0147844063,0.0335245984,0.0629060753
5,0.085309191,0.0064421902,0.024002487,0.0147972751,0.0335495278,0.0629057315
6,0.0853036777,0.0064439475,0.0239848269,0.0147946133,0.0335635214,0.0628902913
7,0.0853071444,0.0064523121,0.0239561007,0.0148041601,0.0335890551,0.0628881548
8,0.0853068495,0.0064512215,0.0239571489,0.0148048351,0.0336136577,0.0628832821
9,0.0853120705,0.0064679128,0.0239385947,0.0148136129,0.0336273707,0.0628827947
10,0.0853154279,0.0064766619,0.0239281467,0.0148205144,0.0336399352,0.0628767995
11,0.0853147071,0.0064907845,0.0239295215,0.0148221363,0.0336625556,0.0628698506
12,0.0853096647,0.0065040352,0.0239294734,0.014830243,0.0336827766,0.0628674226
13,0.0853056346,0.0065168986,0.0239379197,0.0148389864,0.0337035392,0.0628644893
14,0.0853041318,0.0065302225,0.0239255379,0.0148422077,0.0337163861,0.06286245
15,0.0853028053,0.0065484837,0.0239237328,0.0148462679,0.033730145,0.0628545659
16,0.08528956,0.0065596683,0.0239394949,0.0148513301,0.0337440114,0.0628416815
17,0.0852821801,0.0065801138,0.0239486101,0.0148552007,0.033761491,0.0628313107
18,0.0852670731,0.0065917319,0.0239583458,0.0148566663,0.0337803698,0.0628274704
19,0.0852618661,0.0066119135,0.0239570478,0.0148646569,0.033793025,0.0628147356
20,0.0852570724,0.0066266695,0.0239802467,0.0148628892,0.0337917346,0.0628012422
21,0.0852423082,0.0066403711,0.023986559,0.0148667455,0.0338107104,0.0627923097
22,0.0852273756,0.0066590217,0.0239884692,0.0148729078,0.0338241935,0.0627750237
23,0.085206998,0.0066740756,0.0240132974,0.0148763011,0.0338401406,0.0627604755
24,0.0851855365,0.0066835129,0.0240204386,0.0148725853,0.033846434,0.0627470762
25,0.0851886839,0.0067066154,0.0240296716,0.0148806521,0.0338657673,0.0627296442
26,0.0852240906,0.0067281275,0.0240738253,0.0148870939,0.0339305479,0.0627057943
27,0.0853239927,0.0067490375,0.0240830993,0.0149106492,0.0340029337,0.0626904852
28,0.0854331503,0.0067635768,0.0241131096,0.0149316644,0.0340767202,0.0626693494
29,0.0855576725,0.0067816732,0.0241218335,0.0149362758,0.0341286888,0.0626570365
30,0.0857299714,0.0068007188,0.0241637317,0.014957145,0.0341971697,0.0626436216
31,0.0859180001,0.0068262044,0.0241857857,0.0149835474,0.0342705013,0.0626486145
32,0.0861284929,0.0068389514,0.0242193358,0.0150095268,0.0343550996,0.0626362002
33,0.086371863,0.0068579125,0.0242600954,0.0150493806,0.0344590173,0.0626356974
34,0.0866618703,0.0068840263,0.0242978621,0.0150919548,0.0345891335,0.0626226577
35,0.087076461,0.0069138462,0.0243543342,0.0151496186,0.0347353359,0.0626037907
36,0.0874321973,0.0069386957,0.024419621,0.015196943,0.0348543197,0.0625856591
37,0.0878092054,0.006975161,0.0244866447,0.0152487452,0.0349844283,0.0625690757
38,0.0881944603,0.0070086286,0.0245563461,0.0153138319,0.0351191811,0.0625532297
39,0.0885957455,0.0070459899,0.0246477454,0.0153743074,0.0352644517,0.0625443323
40,0.0890948364,0.0070980997,0.0247428096,0.0154595047,0.0354236137,0.0625210302
41,0.0894994534,0.0071395624,0.0248376063,0.0155252647,0.0355564874,0.0625153109
42,0.089895304,0.007184884,0.024930919,0.0155940654,0.03568609,0.0625018434
43,0.0902750996,0.0072408195,0.0250459974,0.0156698467,0.0358168566,0.0624937103
44,0.0906443332,0.0072950831,0.0251471573,0.0157516505,0.0359541142,0.0624940707
45,0.0910925464,0.0073771715,0.0252898215,0.015849759,0.0361203374,0.0624930394
46,0.0914503929,0.0074504667,0.0254139704,0.0159269502,0.0362573216,0.0624949274
47,0.0918068683,0.0075335308,0.0255695999,0.0160148749,0.0363984412,0.0625077593
48,0.0921518256,0.0076199074,0.0257115776,0.0161100949,0.0365386763,0.0625257966
49,0.092488499,0.0077063933,0.0258724177,0.0162077079,0.0366930152,0.0625540393
50,0.0928983457,0.0078174775,0.0260532974,0.0163108631,0.0368638239,0.0625879936
51,0.0932227934,0.0079070937,0.0262051572,0.0163940318,0.0369940217,0.0626185522
52,0.0935097472,0.0079881789,0.0263481978,0.0164497303,0.0370805791,0.0626427149
53,0.0937664425,0.0080841737,0.0265215212,0.0165171279,0.0371808538,0.0626799313
54,0.0940629399,0.0081885348,0.0267161455,0.0165862966,0.0372914548,0.0627087442
55,0.094280789,0.0082783601,0.0268623415,0.0166380964,0.037369801,0.0627409391
56,0.0944269429,0.0083663157,0.0270177378,0.0166804917,0.0374212994,0.0627770788
57,0.0945641773,0.0084844936,0.027195428,0.016730577,0.0374891146,0.0628145497
58,0.0947154063,0.0085939345,0.0273470768,0.0167894767,0.0375698606,0.0628534615
59,0.0949151758,0.0087222314,0.0275412255,0.0168652208,0.0376885158,0.0629086255
60,0.0950741334,0.0088226492,0.0276944722,0.016920761,0.0377747879,0.0629622928
61,0.0951575644,0.0089459689,0.0278561823,0.0169603236,0.0377920544,0.0630297824
62,0.0951955955,0.0091088379,0.0280594187,0.0170138734,0.0378083272,0.0631109933
63,0.0953134283,0.0092747723,0.0282490111,0.0170984962,0.037902136,0.0631958577
64,0.0954955479,0.0094110132,0.0284379109,0.0171719785,0.0380015267,0.0632854179
65,0.095580443,0.0095098053,0.0285816376,0.0172188365,0.0380492443,0.0633827833
66,0.0955705416,0.0095720575,0.0286979277,0.0172220238,0.0379882496,0.0634604462
67,0.095477461,0.009606556,0.0287735513,0.0171997662,0.0378755081,0.0635347151
68,0.0953083723,0.0096194482,0.0288426778,0.0171511396,0.0377468086,0.063607512
69,0.0950557175,0.0096186584,0.0288853937,0.0170737762,0.0375734467,0.0636825854
70,0.0948257958,0.009613523,0.0289088903,0.0169966578,0.0374309882,0.063747252
71,0.0945861169,0.0096019219,0.0289011798,0.0169223301,0.0373055898,0.063806044
72,0.0943301994,0.0095788705,0.028900956,0.0168526256,0.0371860553,0.0638502555
73,0.0940814753,0.0095577568,0.0288799774,0.0167874813,0.0370818105,0.0638990804
74,0.093802931,0.0095267195,0.0288492735,0.0167099381,0.0369677592,0.0639583362
75,0.0935827227,0.0095099824,0.0288181167,0.016651851,0.0368805836,0.0640016147
76,0.0933620852,0.0094957128,0.0287965613,0.0166136347,0.036815683,0.0640474143
77,0.0931670483,0.0094766249,0.0287388369,0.0165647545,0.036759511,0.0640809098
78,0.0929457208,0.0094493647,0.0287068384,0.0165210253,0.0366994418,0.0641325702
79,0.0927907241,0.0094441833,0.0286813521,0.0164860047,0.0366539361,0.0641731389
80,0.0926385009,0.0094303008,0.0286510394,0.0164632321,0.0366180133,0.064214037
81,0.0924973445,0.0094282984,0.0286211107,0.0164441816,0.0365955418,0.0642584073
82,0.0923727997,0.0094139505,0.028579542,0.0164082802,0.036553867,0.0642930399
83,0.0922270243,0.0094058382,0.0285445736,0.0163906408,0.0365276075,0.0643476916
84,0.0921104266,0.0094026809,0.0285194211,0.0163743273,0.0365020046,0.0643755279
85,0.0919958854,0.0093977124,0.0284832923,0.016361072,0.036486952,0.0644216001
86,0.0918855816,0.0093907134,0.0284441072,0.0163426032,0.0364542781,0.0644547027
87,0.0917827923,0.0093839467,0.0284295016,0.0163285402,0.0364372418,0.0644868883
88,0.0916493713,0.0093752725,0.0283909647,0.0163116132,0.0364054599,0.0645259762
89,0.0915419979,0.0093688906,0.0283600884,0.0162997749,0.0363956408,0.0645588423
90,0.0914369529,0.0093615125,0.0283394657,0.01627749,0.0363647046,0.0645814274
91,0.0913341266,0.0093588251,0.0283323847,0.0162691894,0.0363464501,0.0646152224
92,0.0912228036,0.0093507959,0.0283084864,0.016255338,0.0363360635,0.0646367267
93,0.0911023727,0.0093439242,0.0282838648,0.0162411614,0.0363127396,0.0646639415
94,0.0910105249,0.0093382973,0.0282661053,0.0162241211,0.0362902973,0.0646853063
95,0.0909229518,0.0093387845,0.028248958,0.0162177872,0.036267748,0.0646984642
96,0.0908270014,0.0093347416,0.0282305569,0.0162087472,0.0362607929,0.0647180306
97,0.0907349986,0.0093339616,0.0282211958,0.0161998274,0.0362440157,0.0647367961
98,0.0906641547,0.0093325643,0.0282113977,0.0161913098,0.036233741,0.0647507833
99,0.0906005959,0.0093345261,0.0281964315,0.0161815667,0.0362162653,0.0647598557
100,0.0905327273,0.0093329125,0.0281785865,0.0161783525,0.0362143254,0.0647794181
101,0.0904722805,0.0093369213,0.0281952381,0.016168367,0.0362031257,0.0647978447
102,0.0904052072,0.0093408339,0.0281789627,0.0161642504,0.0361978602,0.0648072893
103,0.09034651,0.0093428818,0.0281768142,0.0161541086,0.0361745109,0.0648094441
104,0.0902869715,0.0093491313,0.0281643907,0.016150438,0.0361674724,0.0648189291
105,0.0902244846,0.0093462032,0.0281640514,0.0161384224,0.0361621649,0.0648271533
106,0.0901809297,0.0093551454,0.02816667,0.0161301233,0.0361537455,0.0648356944
107,0.0901258717,0.0093607423,0.0281737534,0.0161277828,0.0361367232,0.0648453328
108,0.0900777262,0.0093589616,0.0281580786,0.0161242392,0.0361280737,0.0648416601
109,0.0900379756,0.0093442057,0.0281378473,0.0161144327,0.0361242061,0.0648502299
110,0.089995157,0.0093272801,0.0281354667,0.0161089244,0.0361104979,0.0648540416
111,0.0899477253,0.009301103,0.0281252108,0.0160999185,0.0360923726,0.0648511485
112,0.0898866147,0.0092686429,0.0281129909,0.0160858144,0.0360806484,0.0648512115
113,0.0898268473,0.0092300866,0.0281083229,0.0160826517,0.0360691113,0.0648499202
114,0.0897791757,0.00918997,0.0280835379,0.0160638614,0.0360431897,0.0648340069
115,0.0897254098,0.0091659487,0.028116005,0.0160643022,0.0360282653,0.0648175537
116,0.0896620896,0.009145727,0.0280898444,0.0160535991,0.0360141544,0.0648035287
117,0.0896110162,0.0091448506,0.0280839379,0.0160406154,0.0359977494,0.0647855913
118,0.0895592314,0.0091392396,0.0280710674,0.0160261291,0.0359754342,0.0647710538
119,0.0895205967,0.0091374967,0.0280576692,0.016012122,0.0359553027,0.064748573
120,0.089460441,0.0091247335,0.0280545203,0.0160081397,0.0359489607,0.0647341435
121,0.0893995886,0.0091252268,0.0280534454,0.0160015471,0.035934485,0.0647205018
122,0.0893402668,0.0091178219,0.0280437191,0.0159913621,0.0359151488,0.0647072305
123,0.0892867838,0.0091194022,0.0280432837,0.0159847198,0.035892348,0.0646966099
124,0.0891920265,0.0091019302,0.0280251284,0.0159690427,0.0358699764,0.0646683391
125,0.0890886166,0.0090903101,0.0280000532,0.01594587,0.0358318782,0.0646546189
126,0.0889726033,0.0090752404,0.028000163,0.0159281396,0.0357832455,0.0646371479
127,0.0888861267,0.0090759153,0.0279897841,0.0159103213,0.0357550394,0.0646125291
128,0.0887927097,0.0090584491,0.027975266,0.0158943544,0.0357289094,0.0645943508
129,0.0887016281,0.0090447038,0.0279708918,0.0158756449,0.0357014568,0.0645748837
130,0.088600094,0.0090270453,0.0279737367,0.0158529336,0.0356652035,0.0645447873
131,0.0884777578,0.0090110409,0.0279626582,0.0158354902,0.0356316998,0.0645193999
132,0.0883789437,0.0089967883,0.0279518064,0.0158164378,0.0356066197,0.0644796801
133,0.0882933689,0.0089855526,0.0279611161,0.0158006997,0.0355896472,0.0644598521
134,0.0882312556,0.0089688896,0.0279543318,0.0157831995,0.0355621662,0.0644235297
135,0.0881835691,0.0089627366,0.0279526765,0.015776975,0.0355488639,0.0643920376
136,0.0881424391,0.0089493,0.027958728,0.0157646872,0.0355368377,0.064348878
137,0.0881154404,0.0089405893,0.0279635953,0.0157625391,0.035540413,0.0643322236
138,0.0881011372,0.0089349142,0.0279519388,0.0157563779,0.0355324992,0.0643009027
139,0.0880647812,0.0089322708,0.0279502267,0.0157611877,0.0355214437,0.0642766645
140,0.0879788548,0.0089198214,0.0279329776,0.015758975,0.0354980911,0.0642416646
141,0.0878948065,0.0089097216,0.0279369309,0.0157574863,0.0354904857,0.0642237464
142,0.0878159911,0.008905445,0.0279324693,0.0157464294,0.0354679032,0.0642033055
143,0.0877608187,0.0089043915,0.027936159,0.0157378751,0.0354529812,0.0641816537
144,0.0877109585,0.0088958719,0.0279210229,0.0157411798,0.0354524299,0.0641587037
145,0.0876887835,0.0088917655,0.0279358631,0.0157474009,0.0354631909,0.0641329645
146,0.0876737265,0.008875563,0.0279290942,0.0157549505,0.0354780206,0.0641139141
147,0.0876697443,0.0088735477,0.0279385689,0.0157598801,0.0354882955,0.0640957784
148,0.0876610839,0.0088667514,0.0279306305,0.0157691739,0.0354821202,0.064081458
149,0.0876434113,0.0088651239,0.0279162497,0.0157851163,0.0354929354,0.0640835039
150,0.0876257663,0.008861234,0.0279187134,0.0157881618,0.0354925043,0.0640840785
