Time [s],TGS2620,TGS2602,TGS2603,TGS2610,TGS2611,TGS2600
1,0.05671398,0.00176927,0.00885011,0.00933126,0.0214851,0.0428714
2,0.05668249,0.00177523,0.0088589,0.00933112,0.02148331,0.04284264
3,0.05664568,0.00178258,0.00886888,0.00932868,0.02147785,0.04281567
4,0.05661161,0.00178984,0.00886481,0.00932605,0.02147606,0.04279287
5,0.05657863,0.00179649,0.00888175,0.00932694,0.02147581,0.04277002
6,0.05654595,0.00180399,0.0088808,0.00932257,0.0214694,0.0427436
7,0.0565074,0.0018105,0.00888458,0.00932357,0.02146901,0.04271345
8,0.05648008,0.00181636,0.00889292,0.00932287,0.02146339,0.0426829
9,0.05645038,0.00182262,0.00889262,0.00932148,0.02146156,0.04265786
10,0.05641482,0.00182679,0.00890236,0.00931979,0.02145788,0.04263214
11,0.05638596,0.00183345,0.00891205,0.00932059,0.021455,0.04260705
12,0.05634652,0.0018408,0.00891731,0.00931726,0.02145212,0.04257382
13,0.05631826,0.00184567,0.00891612,0.00931582,0.02144616,0.0425474
14,0.05628682,0.00185093,0.00892849,0.00931343,0.02144338,0.04252217
15,0.05625786,0.00185729,0.00893534,0.00931338,0.0214403,0.0425019
16,0.05622587,0.00186325,0.00893842,0.00931125,0.02143608,0.04248124
17,0.05618976,0.00186822,0.00894652,0.00930827,0.02143061,0.04245491
18,0.05615832,0.00187557,0.00896266,0.00930891,0.02142709,0.04243221
19,0.0560707,0.00187666,0.00895104,0.0092958,0.02140106,0.04237137
20,0.05601447,0.00188252,0.00896097,0.0092881,0.02138173,0.04231494
21,0.05597951,0.0018853,0.00895978,0.00928378,0.02137682,0.04228255
22,0.05594131,0.00189012,0.00896395,0.0092811,0.02137096,0.04225191
23,0.05589745,0.00189633,0.00896981,0.00928204,0.02137121,0.0422299
24,0.05587937,0.00190313,0.00897994,0.00928125,0.02136827,0.04220298
25,0.05591975,0.00191451,0.00899768,0.00929431,0.0213866,0.04221341
26,0.05586551,0.0019161,0.00899917,0.00928552,0.02137632,0.04216056
27,0.05581082,0.00192226,0.00901402,0.00927832,0.02138258,0.04209301
28,0.05591096,0.00194267,0.0090623,0.00930747,0.021455,0.04212376
29,0.05604552,0.00196284,0.00910248,0.00933628,0.02152975,0.04215063
30,0.05621137,0.00197814,0.00914386,0.00936931,0.02161901,0.0421701
31,0.05648157,0.00199244,0.00918985,0.00941635,0.02174875,0.04219638
32,0.05677567,0.00200988,0.00924827,0.00947119,0.02187819,0.04224163
33,0.05712898,0.00204023,0.00934264,0.00955066,0.02206058,0.04230377
34,0.05756623,0.00207713,0.00946761,0.00963709,0.0222624,0.04238994
35,0.05797536,0.00211652,0.00961305,0.00972093,0.0224342,0.04245302
36,0.05843422,0.00217215,0.00983448,0.00981103,0.02264064,0.04247736
37,0.0588292,0.00223796,0.01005636,0.00988509,0.02280077,0.04250111
38,0.05919473,0.00230452,0.01027868,0.00994117,0.02291357,0.04250607
39,0.05952529,0.00236989,0.01049241,0.00998523,0.02300591,0.04250041
40,0.05982679,0.00242582,0.01071518,0.01003087,0.02310292,0.04251362
41,0.06010385,0.00249297,0.01099046,0.01008054,0.02321994,0.04251134
42,0.06031177,0.00254448,0.01119048,0.01009962,0.02327066,0.04249529
43,0.06050916,0.00259917,0.01140099,0.01012445,0.02331387,0.04249812
44,0.06069289,0.00267655,0.01166642,0.01017095,0.02338977,0.0425474
45,0.06079253,0.00276234,0.01194756,0.01021699,0.02347232,0.04255132
46,0.06090901,0.00285338,0.01229863,0.01025096,0.02354826,0.04254725
47,0.06107039,0.00292302,0.01255275,0.01027645,0.02359272,0.0425686
48,0.0612116,0.00297989,0.01279593,0.01030302,0.02364656,0.04258669
49,0.06134467,0.00304263,0.01303664,0.01033754,0.02372032,0.04260541
50,0.06153212,0.00310978,0.01327153,0.01035284,0.02375509,0.04262707
51,0.06171615,0.00315945,0.01346351,0.0103736,0.02378226,0.0426444
52,0.06191951,0.00320733,0.01363333,0.01039387,0.02382687,0.04266134
53,0.06209593,0.0032653,0.0137807,0.01040181,0.02384544,0.0426603
54,0.06223918,0.0033104,0.01389355,0.01039287,0.02382359,0.04263998
55,0.06243667,0.00335173,0.01403482,0.01040052,0.02383829,0.04264137
56,0.0626586,0.0033929,0.01417474,0.01043306,0.02390306,0.04267296
57,0.06290825,0.00343726,0.01432817,0.01047031,0.02399019,0.04273073
58,0.06313713,0.00347913,0.01446471,0.01050076,0.02406708,0.04279058
59,0.06333313,0.00351882,0.01460464,0.0105314,0.02412916,0.04284373
60,0.06351453,0.00357152,0.01478156,0.01057343,0.02419353,0.04289633
61,0.06362385,0.00362338,0.01493122,0.01059538,0.02423779,0.04293026
62,0.0636616,0.00367543,0.01505793,0.01060035,0.02423382,0.04293562
63,0.06370844,0.00372301,0.0151829,0.01059772,0.02421176,0.04295713
64,0.0638953,0.00377686,0.01533296,0.01062136,0.02426079,0.04306457
65,0.06397472,0.00382106,0.01547521,0.01061758,0.02426243,0.04308523
66,0.06403885,0.00384972,0.01559616,0.01061013,0.0242593,0.04309541
67,0.06411559,0.00387451,0.01570096,0.01061013,0.02426511,0.04313232
68,0.06416292,0.0038981,0.01578908,0.01060626,0.02425274,0.04314916
69,0.06414008,0.00393153,0.01587809,0.01058684,0.02420059,0.04311776
70,0.06420614,0.00399337,0.01598523,0.01059175,0.0241544,0.04315974
71,0.06410496,0.00402595,0.01605333,0.01056389,0.02404313,0.04312984
72,0.06398262,0.00405566,0.01610091,0.01053026,0.02393922,0.04310093
73,0.0638352,0.00408412,0.01612883,0.01050314,0.02383442,0.04306536
74,0.06360363,0.00411293,0.01614393,0.01045735,0.02370761,0.0430143
75,0.06348482,0.00414273,0.01616856,0.01044493,0.02365799,0.04303606
76,0.0634129,0.00416965,0.01618183,0.01044393,0.02362625,0.04308285
77,0.06333651,0.00419578,0.0162003,0.01043887,0.0235959,0.04313033
78,0.06322783,0.00422359,0.01618625,0.01042441,0.02354548,0.04315755
79,0.06307022,0.00424883,0.016185,0.01040281,0.02348022,0.04318139
80,0.06292265,0.00426874,0.01617611,0.01038373,0.02342916,0.04320484
81,0.0627793,0.00428757,0.01617413,0.0103659,0.02337993,0.04323245
82,0.06263854,0.00430535,0.01618431,0.01035373,0.0233389,0.04326404
83,0.06249648,0.00431926,0.01616718,0.01033719,0.02329827,0.04329524
84,0.06234647,0.00433456,0.01617164,0.01032368,0.02325536,0.04334173
85,0.06221182,0.00434519,0.0161711,0.01031132,0.0232193,0.04337372
86,0.06208699,0.00435547,0.01615346,0.01029994,0.02318622,0.04340625
87,0.06195745,0.00436153,0.01615004,0.01028658,0.02315378,0.04343466
88,0.06184088,0.00436878,0.01614144,0.01027645,0.02312676,0.04346819
89,0.06171248,0.00437916,0.01614611,0.01026552,0.02309636,0.04350609
90,0.06161473,0.00438944,0.01614423,0.01025916,0.02307098,0.04353689
91,0.06151529,0.00439565,0.01614144,0.0102526,0.02305121,0.04356783
92,0.06141733,0.0044039,0.01614095,0.01024053,0.02302648,0.04359296
93,0.06131958,0.00441065,0.01614512,0.01023194,0.02300065,0.04360945
94,0.06119958,0.00441731,0.01612759,0.01021604,0.02296722,0.04362406
95,0.06111385,0.00442456,0.01613588,0.01021177,0.02294561,0.04364482
96,0.06105976,0.00443141,0.01614497,0.01020984,0.02293945,0.04368366
97,0.06101948,0.00444234,0.01615327,0.01021028,0.02293399,0.04372658
98,0.06090111,0.00444194,0.01614214,0.01019777,0.02290553,0.0437224
99,0.06093652,0.00445292,0.01615545,0.0102085,0.02291646,0.04381807
100,0.06084444,0.00444681,0.01613787,0.01017889,0.02286584,0.04384012
101,0.06076635,0.00442992,0.01609446,0.01015977,0.02283137,0.0438807
102,0.06063612,0.00437578,0.01601459,0.0101328,0.02277639,0.0439038
103,0.0604498,0.00429214,0.01590735,0.01009694,0.02270342,0.04392824
104,0.06024273,0.00420402,0.01576146,0.01005472,0.02262171,0.04393191
105,0.06001429,0.00410001,0.01559656,0.01000927,0.02253633,0.04392938
106,0.05979574,0.00398517,0.01542152,0.00996849,0.02246038,0.04391051
107,0.05957943,0.00387486,0.01522483,0.0099296,0.0223891,0.04389138
108,0.05933425,0.00374914,0.01497602,0.00988753,0.02231678,0.04386421
109,0.05913736,0.00363947,0.01476746,0.00984719,0.0222616,0.0438281
110,0.05895229,0.00353397,0.01454553,0.00981352,0.02221307,0.04378106
111,0.05877735,0.00343264,0.01433642,0.00978391,0.02216822,0.04372995
112,0.05861721,0.00333906,0.01413853,0.00976325,0.02213509,0.04367323
113,0.05844157,0.00323694,0.01391034,0.00974105,0.02209704,0.04360011
114,0.05830826,0.00316546,0.01373093,0.00972232,0.02206699,0.04353683
115,0.05817564,0.00309607,0.01355545,0.00970797,0.02203754,0.0434675
116,0.05804779,0.00303488,0.01339337,0.0096944,0.02201469,0.0433994
117,0.05790404,0.0029639,0.0131935,0.00967608,0.02198012,0.04332191
118,0.05780043,0.00290722,0.01305854,0.00966391,0.0219604,0.04326196
119,0.05770923,0.00285825,0.01289974,0.00965239,0.02194187,0.04320593
120,0.05762469,0.00281573,0.01276092,0.00964503,0.02192856,0.04314901
121,0.05754462,0.00277997,0.01263142,0.00963575,0.02191301,0.04309626
122,0.0574506,0.0027372,0.01248162,0.00962353,0.0218922,0.04301962
123,0.05737544,0.00271182,0.01236946,0.00961563,0.0218767,0.04296806
124,0.0572993,0.00268664,0.01226987,0.00961106,0.02186076,0.04291446
125,0.05721332,0.00266483,0.01217704,0.00960127,0.02183736,0.04286335
126,0.05712908,0.00264089,0.01207293,0.00958463,0.02180935,0.04281304
127,0.05703798,0.00261546,0.01196256,0.00956715,0.02177771,0.04274827
128,0.05697898,0.00259519,0.01188359,0.00955786,0.02175928,0.04269601
129,0.05691952,0.00258069,0.01179085,0.00954867,0.02174706,0.04264594
130,0.05685688,0.00256207,0.011708,0.00953184,0.02172153,0.04259513
131,0.05678695,0.00253782,0.01163682,0.00951311,0.0216969,0.04254029
132,0.05668969,0.00250956,0.01153048,0.00949374,0.02166093,0.04247354
133,0.05659373,0.00248632,0.0114435,0.00947536,0.02162631,0.04241726
134,0.05649578,0.0024586,0.01135668,0.00945648,0.02159328,0.04236307
135,0.05639887,0.00243198,0.0112713,0.0094396,0.02156661,0.04230828
136,0.05629978,0.00240888,0.01119659,0.00942514,0.02153696,0.04225235
137,0.05619031,0.00238658,0.01109571,0.00941009,0.02150795,0.04218734
138,0.05609842,0.00237307,0.01103402,0.00940234,0.0214926,0.04213851
139,0.05601283,0.00235976,0.01095892,0.00939763,0.02148018,0.04209341
140,0.05594205,0.00234848,0.01089176,0.00939156,0.02146603,0.04204568
141,0.05587664,0.00234053,0.01083514,0.00938998,0.02146434,0.04199829
142,0.05583159,0.00233472,0.01078403,0.00938695,0.02146245,0.04195721
143,0.05579672,0.0023298,0.0107351,0.00938988,0.02146324,0.04192969
144,0.05578241,0.0023234,0.01068792,0.0093934,0.02146851,0.04190585
145,0.05580874,0.00232563,0.01064818,0.00940796,0.02148599,0.04189656
146,0.05583169,0.00232315,0.01059811,0.00942549,0.02150656,0.04189115
147,0.05584117,0.00232578,0.01056096,0.00943503,0.02151466,0.04188509
148,0.05584639,0.00232613,0.01052182,0.00944079,0.02151922,0.04187744
149,0.05584241,0.00232499,0.01047701,0.0094396,0.02151729,0.04186721
150,0.05584241,0.00232499,0.01047701,0.0094396,0.02151729,0.04186721
