Time [s],TGS2620,TGS2602,TGS2603,TGS2610,TGS2611,TGS2600
1,0.0510221651,0.0022310947,0.0095525078,0.0085903388,0.0195416101,0.0382012112
2,0.0512313408,0.0022305936,0.0095870219,0.0086221955,0.0196055018,0.0383584131
3,0.0514349624,0.0022295634,0.0096193982,0.0086543961,0.019664485,0.0385102481
4,0.0516246228,0.002230366,0.009663388,0.0086825215,0.019722294,0.0386574676
5,0.051806509,0.0022277939,0.0096883531,0.0087118258,0.019774332,0.0388010897
6,0.0520061707,0.0022237949,0.009722881,0.0087388672,0.0198328824,0.0389673143
7,0.0521648342,0.0022239656,0.0097560314,0.0087594979,0.0198705106,0.0390902878
8,0.0523126823,0.002222211,0.009785484,0.00878016,0.01991073,0.0392118296
9,0.0524526342,0.0022213467,0.0098073295,0.0087986492,0.0199519289,0.0393311711
10,0.0525832578,0.0022190424,0.0098270134,0.0088156839,0.0199855285,0.0394446794
11,0.052735723,0.0022217368,0.00986473,0.0088387097,0.0200334863,0.0395794932
12,0.0528592389,0.0022233586,0.0098951754,0.0088539434,0.0200628083,0.0396833635
13,0.0529755353,0.0022229005,0.0099167858,0.0088716656,0.0201002402,0.0397887305
14,0.0530853627,0.0022200601,0.0099364035,0.0088850371,0.0201292195,0.0398816772
15,0.0531931753,0.0022198253,0.0099596789,0.0088987517,0.0201585601,0.0399730831
16,0.0533067507,0.0022224168,0.0099973332,0.0089137292,0.0201931479,0.04007754
17,0.0533981784,0.0022228231,0.0100140924,0.0089242583,0.0202200572,0.0401579491
18,0.0534859466,0.0022237215,0.0100373975,0.0089369345,0.020244762,0.0402360356
19,0.0535706521,0.0022231879,0.0100544409,0.0089483658,0.0202709318,0.040308291
20,0.0536516156,0.0022278182,0.0100735813,0.0089561121,0.0202943687,0.0403764463
21,0.0537438536,0.0022287468,0.0100945122,0.0089709262,0.0203213008,0.0404548839
22,0.0538199608,0.002232519,0.0101255099,0.0089840838,0.0203472514,0.040526414
23,0.0539053298,0.0022345398,0.0101441944,0.0089979416,0.0203788397,0.0406104231
24,0.0539815601,0.0022357498,0.0101675079,0.0090080554,0.0204031622,0.0406852624
25,0.0540698706,0.0022383904,0.0101879833,0.0090208546,0.0204309727,0.0407717738
26,0.0541321494,0.0022404261,0.010207183,0.0090300168,0.0204513214,0.0408402379
27,0.0541899793,0.0022440434,0.0102251544,0.0090405445,0.020473008,0.0408997852
28,0.0542420648,0.0022456529,0.0102380296,0.0090468133,0.020491122,0.0409471411
29,0.0542879141,0.0022479311,0.0102567345,0.0090543379,0.0205095472,0.0409982947
30,0.0543366206,0.0022534409,0.0102774775,0.0090639165,0.0205265454,0.0410610732
31,0.0544146955,0.002289256,0.0103715075,0.0091034621,0.0206221281,0.0411330926
32,0.0545824392,0.002341321,0.0105095509,0.0091674428,0.0207948936,0.0412051374
33,0.0548463422,0.0023909531,0.0106671223,0.0092328613,0.0209787342,0.0412759725
34,0.0551623017,0.0024230839,0.0108190814,0.0092893071,0.0211471247,0.0413495266
35,0.055566621,0.0024702631,0.0110172193,0.0093546399,0.0213198249,0.0414234468
36,0.0558842567,0.0025269691,0.0112456533,0.0094122563,0.0214838643,0.0414832906
37,0.0562304751,0.0025915455,0.0114788358,0.0094743205,0.021668874,0.0415373855
38,0.0566025674,0.0026446284,0.0116976946,0.009523057,0.0218108525,0.0415740558
39,0.05696388,0.0026783401,0.0118900617,0.0095574025,0.0218829033,0.0416136826
40,0.0573131065,0.0027132019,0.0120911533,0.0095753314,0.02189573,0.0416779501
41,0.057499923,0.002756685,0.0122488573,0.0095814455,0.0218817305,0.0417521948
42,0.0576956176,0.002809581,0.0124144816,0.0095989209,0.0219272783,0.0418310446
43,0.0579400171,0.0028464959,0.0125595722,0.0096203571,0.021999903,0.0418856588
44,0.058216244,0.0028733841,0.0127208244,0.0096579344,0.0220920092,0.0419249752
45,0.0585593939,0.0029176271,0.0129791773,0.0097221029,0.0222413193,0.0419797167
46,0.0588443301,0.0029621263,0.0132485186,0.0097861306,0.0223932183,0.0420356002
47,0.0591518122,0.0029972111,0.0134837508,0.009847139,0.0225361825,0.0420871382
48,0.0594840042,0.0030243897,0.0136937385,0.0098973582,0.0226416637,0.0421370296
49,0.0599206307,0.0030470125,0.0139324997,0.0099489615,0.0227448409,0.0421916573
50,0.0602644419,0.0030725196,0.0141282463,0.0099891255,0.0228258495,0.0422378229
51,0.0605777793,0.0031021311,0.0143339852,0.0100206258,0.0229260489,0.0422888874
52,0.0608587078,0.0031318104,0.0145084224,0.0100411389,0.0229947809,0.0423355629
53,0.0611205026,0.0031553048,0.0146625491,0.010064607,0.0230674739,0.0423692928
54,0.0614171167,0.0031967041,0.0148553823,0.0101019895,0.0231630983,0.0424127886
55,0.0616421768,0.0032406875,0.0150277491,0.0101343912,0.0232545974,0.0424500747
56,0.0618475798,0.0032839923,0.0152093101,0.0101672214,0.023341862,0.0424921965
57,0.0620577165,0.0033164078,0.0153406581,0.0101968669,0.0233834091,0.0425332496
58,0.0622983647,0.0033468845,0.015484192,0.0102287325,0.023412948,0.0425736871
59,0.062600626,0.0033951384,0.015655229,0.0102792236,0.0234811211,0.0426358014
60,0.0628312668,0.0034486613,0.0157831022,0.0103200049,0.0235544233,0.0426889742
61,0.0630440725,0.0035121372,0.0159009829,0.0103461757,0.0235799088,0.0427489594
62,0.0632279018,0.0035977701,0.0160542517,0.0103729535,0.023600822,0.0428134886
63,0.0633660682,0.0037049594,0.0162758466,0.0104109915,0.0236630885,0.0428803248
64,0.0634894296,0.0038357255,0.0165561817,0.0104606296,0.0237605948,0.0429600426
65,0.0635958991,0.0039177257,0.0167481654,0.0104813524,0.0238013537,0.0430233437
66,0.0637053572,0.0039889658,0.0169372641,0.0104980335,0.0238188566,0.0430915023
67,0.0637831233,0.0040870282,0.0171727935,0.0105238261,0.0238618065,0.0431711924
68,0.0638732733,0.0041959568,0.0174499254,0.0105508924,0.0239475191,0.0432404657
69,0.0640068111,0.0042976178,0.0176902151,0.0105685815,0.0240013849,0.0433336187
70,0.0641432965,0.0043425967,0.01782212,0.0105723979,0.0240180036,0.0434007602
71,0.064301201,0.0043765199,0.01794346,0.010579811,0.024035596,0.043467619
72,0.0644717254,0.0044045509,0.0180310685,0.0105911163,0.0240596127,0.0435387237
73,0.0646647392,0.0044331169,0.0180781578,0.010602578,0.0240825559,0.0436216386
74,0.0648078406,0.0044438184,0.0181197569,0.010609198,0.0240925866,0.0436871839
75,0.0649319462,0.0044584596,0.0181297895,0.0106200342,0.024098968,0.0437477465
76,0.06505114,0.0044853459,0.0181661236,0.0106340519,0.024113217,0.0438152437
77,0.0651680369,0.0045217553,0.0182253613,0.010648163,0.0241347926,0.0438783478
78,0.0653406788,0.0045757763,0.0183029056,0.0106722936,0.0241733019,0.0439557612
79,0.0654675007,0.0046192347,0.0183611898,0.0106795005,0.0241790844,0.0440137076
80,0.0655582143,0.0046553408,0.0183968326,0.0106792761,0.0241423595,0.0440735691
81,0.0656401332,0.0046927876,0.0184273506,0.0106773739,0.024097334,0.0441482343
82,0.0656545958,0.004712079,0.0184235169,0.0106614379,0.0240227225,0.044208157
83,0.0656295064,0.0047358269,0.0184215966,0.010646278,0.0239408301,0.0442897694
84,0.0655837091,0.0047509989,0.0184122729,0.0106331521,0.023880777,0.0443589278
85,0.0655181668,0.0047666227,0.0184058388,0.0106263879,0.0238325683,0.0444238382
86,0.0654354977,0.0047887091,0.0183814615,0.0106240515,0.0237874778,0.0444883213
87,0.0653396276,0.0048207868,0.0183978036,0.0106190458,0.0237387661,0.044549614
88,0.0651984625,0.0048660028,0.0184095171,0.010609361,0.0236857036,0.044621008
89,0.0650735839,0.0048881525,0.0183943966,0.0105942312,0.0236351437,0.0446783734
90,0.0649405677,0.0049049084,0.0183782759,0.0105814954,0.0235918953,0.0447391896
91,0.0648071099,0.0049190475,0.0183685058,0.0105656243,0.023548149,0.0447966529
92,0.0646430315,0.0049346775,0.0183452611,0.0105510651,0.0234954257,0.0448606121
93,0.0645172394,0.0049481984,0.0183418114,0.0105361384,0.0234584167,0.0449222728
94,0.0643897379,0.004961992,0.0183350028,0.0105225506,0.0234203914,0.0449727616
95,0.0642632504,0.0049778443,0.0183347402,0.0105146827,0.0233919946,0.0450262671
96,0.0641469101,0.0049902125,0.0183204592,0.0105037939,0.023358174,0.0450773259
97,0.0640100003,0.0050030489,0.0183259883,0.0104927634,0.0233294397,0.0451365798
98,0.0639058467,0.005013962,0.0183033284,0.0104838365,0.0233035065,0.0451848787
99,0.0638065099,0.0050277156,0.0182893106,0.0104789892,0.0232861372,0.0452320952
100,0.0637133157,0.0050369879,0.0182858645,0.010472836,0.0232690388,0.0452822881
101,0.0636357654,0.0050496919,0.0182888079,0.0104687213,0.0232560008,0.0453341965
102,0.0635440714,0.0050578435,0.0182899003,0.0104610277,0.0232396182,0.0453938929
103,0.0634313851,0.0050575896,0.0182760156,0.0104506801,0.0232085031,0.045433139
104,0.0632197537,0.0050458915,0.0182545629,0.0104264764,0.0231121946,0.0454749789
105,0.0629556933,0.0050095792,0.0181954789,0.0103914382,0.0230101089,0.0455139802
106,0.0626935098,0.0049227924,0.0180902425,0.0103452412,0.0229162003,0.045538318
107,0.0623939349,0.0047884438,0.0179204939,0.0102891326,0.0228291547,0.0455561747
108,0.0621839165,0.0046808863,0.0177957244,0.0102559057,0.022784694,0.0455619587
109,0.0620066559,0.0045866203,0.0176474991,0.0102292518,0.0227519709,0.0455678741
110,0.0618324835,0.0044933486,0.0175090235,0.0101993089,0.0227074253,0.0455699652
111,0.0616552718,0.0043930363,0.0173510538,0.0101701029,0.0226514786,0.0455612963
112,0.0614308079,0.0042656356,0.0171227804,0.0101233318,0.0225783245,0.0455383477
113,0.0612499288,0.0041420738,0.0169105168,0.010086142,0.02252985,0.0455123326
114,0.0610639596,0.0040077387,0.0166812307,0.010049109,0.022480803,0.0454735835
115,0.0608990658,0.0038859816,0.0164757124,0.0100195353,0.0224399157,0.0454319883
116,0.0607282388,0.0037490183,0.0162204705,0.0099834613,0.0223916387,0.0453722731
117,0.0606004256,0.0036517436,0.0160233998,0.0099648961,0.0223618782,0.0453189078
118,0.0604812475,0.0035644387,0.0158276209,0.0099429924,0.0223316182,0.045265219
119,0.060364964,0.0034921192,0.0156513686,0.0099289211,0.0223030145,0.0452103034
120,0.0602463799,0.0034308031,0.0154933959,0.0099152203,0.0222771662,0.0451585727
121,0.0601260557,0.0033662508,0.0153130254,0.0098986535,0.0222471196,0.0450914955
122,0.0600279585,0.0033149097,0.0151704903,0.0098825891,0.0222228278,0.0450404749
123,0.0599352035,0.003273797,0.0150205652,0.0098678609,0.0221999036,0.0449856592
124,0.0598379162,0.0032358504,0.0149149341,0.0098528022,0.0221744377,0.0449342621
125,0.0597326771,0.0031992371,0.0147820569,0.0098423173,0.0221491974,0.0448855536
126,0.0595964155,0.0031616181,0.0146264097,0.0098231035,0.0221186821,0.0448301401
127,0.0594835947,0.0031212982,0.0145130482,0.0098064827,0.022090094,0.0447826684
128,0.0593823109,0.0030860964,0.0143939013,0.0097903772,0.0220627235,0.0447377958
129,0.0592810566,0.003043981,0.014271283,0.0097721618,0.0220323789,0.0446886734
130,0.0591831918,0.0030043715,0.0141558176,0.0097589216,0.0220111884,0.0446399767
131,0.0590748532,0.0029605448,0.0140204193,0.0097451489,0.0219852003,0.0445828983
132,0.058981716,0.0029273114,0.013912767,0.0097338808,0.0219624767,0.0445363061
133,0.0588922613,0.0029009727,0.013822797,0.0097216063,0.0219347896,0.044489642
134,0.0588077934,0.0028777894,0.0137304718,0.0097124351,0.0219140362,0.0444415185
135,0.0587278807,0.002859691,0.0136407577,0.0097020454,0.0218980914,0.0443968994
136,0.0586365019,0.0028350819,0.0135330573,0.0096896293,0.0218773698,0.044347824
137,0.0585623887,0.0028115799,0.013442765,0.0096809271,0.0218626642,0.0443058589
138,0.0584993845,0.0027900375,0.0133709798,0.0096690072,0.0218476749,0.0442661942
139,0.0584342797,0.0027696415,0.0132755967,0.0096592192,0.0218257368,0.0442249221
140,0.0583417539,0.0027449395,0.0131852864,0.0096457296,0.0218035599,0.0441805197
141,0.0582504607,0.0027235441,0.0131032827,0.0096321517,0.0217749378,0.0441410912
142,0.058156687,0.0027013982,0.0130229588,0.0096210275,0.0217518706,0.0440985119
143,0.0580486509,0.0026819449,0.0129442935,0.0096083942,0.0217192256,0.0440596062
144,0.0579357275,0.0026598612,0.0128641729,0.0095898743,0.021674479,0.0440154318
145,0.0578052746,0.0026349863,0.0127864931,0.009572441,0.0216364073,0.0439620704
146,0.0577120753,0.0026180906,0.012709818,0.0095572939,0.0216085057,0.0439143138
147,0.0576253576,0.0026006482,0.0126449814,0.0095465755,0.0215929071,0.0438711659
148,0.0575477788,0.002584604,0.0125885612,0.0095337576,0.021576134,0.0438314224
149,0.0574829191,0.0025710873,0.0125283783,0.0095226723,0.0215641247,0.0437804893
150,0.0574218614,0.0025516629,0.0124620581,0.0095189062,0.021558556,0.0437311454
