Time [s],TGS2620,TGS2602,TGS2603,TGS2610,TGS2611,TGS2600
1,0.0525374603,0.0043728759,0.0112423447,0.0100220111,0.022531066,0.0413870064
2,0.0525243968,0.0043847913,0.0112478072,0.0100264912,0.0225365663,0.0413730941
3,0.0525076677,0.0043941311,0.0112554235,0.0100253451,0.0225366822,0.0413544577
4,0.0524905685,0.0044047311,0.0112658003,0.0100295858,0.0225424696,0.0413273926
5,0.052476102,0.0044118068,0.0112698433,0.010029355,0.0225453626,0.0413108647
6,0.0524658786,0.0044213011,0.0112864391,0.010030507,0.0225475834,0.0412857604
7,0.0524519605,0.0044301213,0.0112963938,0.0100317349,0.0225475932,0.0412560692
8,0.0524351301,0.0044414112,0.0113030238,0.0100354082,0.0225519324,0.0412235369
9,0.0524211477,0.0044510835,0.0113126328,0.0100383167,0.0225525476,0.0411937587
10,0.0524082926,0.0044582141,0.0113306651,0.0100399031,0.0225574892,0.0411802383
11,0.0523945952,0.004467627,0.0113352781,0.0100416241,0.0225586467,0.0411594642
12,0.0523814067,0.0044749085,0.0113512341,0.0100416629,0.0225609052,0.0411327956
13,0.0523632341,0.0044846107,0.0113537313,0.0100465659,0.0225632919,0.0411132816
14,0.0523483428,0.0044929486,0.0113592987,0.0100463498,0.0225605674,0.0410931072
15,0.0523321987,0.0045010094,0.0113730084,0.0100474165,0.0225643909,0.0410789081
16,0.052318408,0.0045097663,0.0113785123,0.0100480719,0.0225674324,0.0410706852
17,0.0523052945,0.0045161112,0.0113946406,0.0100502885,0.0225665657,0.0410456239
18,0.0522918431,0.0045270709,0.0114045742,0.0100510887,0.022568797,0.0410312212
19,0.0522814104,0.0045385196,0.0114159552,0.0100525833,0.0225712058,0.0410162103
20,0.0522645241,0.0045445706,0.0114219331,0.0100567487,0.0225746276,0.0410018281
21,0.0522528492,0.0045505516,0.0114230878,0.0100553038,0.0225731036,0.0409851075
22,0.052235472,0.0045596444,0.0114320103,0.0100581507,0.0225785856,0.0409695691
23,0.0522227478,0.0045680548,0.0114443763,0.0100588133,0.0225770384,0.0409611648
24,0.0521617976,0.0045713448,0.0114456917,0.0100467011,0.0225542111,0.0409113286
25,0.052114681,0.0045722683,0.0114468296,0.0100380602,0.0225361942,0.0408794323
26,0.0520783049,0.0045800362,0.0114530518,0.0100365749,0.0225300407,0.0408539166
27,0.0520507978,0.0045862515,0.0114635167,0.0100341505,0.0225206691,0.0408278506
28,0.0520006502,0.0045894578,0.0114679938,0.0100247731,0.0225006218,0.0407842181
29,0.0519768983,0.0045932394,0.0114795825,0.0100223336,0.0225153174,0.0407461997
30,0.0520574022,0.0046130209,0.0115301422,0.0100482704,0.0226322029,0.0407314661
31,0.0522379746,0.0046395017,0.0116173909,0.0100828931,0.0227529774,0.0407270598
32,0.0525287871,0.004671724,0.0117199399,0.010128164,0.0228809709,0.0407418153
33,0.0528330344,0.0046937377,0.0118075514,0.0101591484,0.0229742783,0.0407686336
34,0.0531428967,0.0047145239,0.0118824974,0.0101870694,0.0230520663,0.0407849632
35,0.053428023,0.0047283045,0.0119528882,0.0102110869,0.0231072983,0.0408055233
36,0.0537210821,0.0047396919,0.0120212942,0.0102332277,0.0231620355,0.0408173594
37,0.0541046068,0.0047563377,0.0120979863,0.0102657362,0.0232581244,0.0408339939
38,0.0544274258,0.0047709441,0.0121631285,0.0102897781,0.023314065,0.0408374772
39,0.0547085185,0.0047841946,0.0122273208,0.0103068094,0.0233481885,0.0408326825
40,0.0549608326,0.0047997504,0.0122972622,0.0103299576,0.0233811974,0.0408296111
41,0.0552437822,0.004824883,0.0123766994,0.0103558911,0.0234534337,0.0408346135
42,0.0556582998,0.0048795739,0.0125242872,0.0104134156,0.0236014203,0.0408544817
43,0.0559888467,0.0049366248,0.0126714577,0.0104516907,0.0236918105,0.0408658353
44,0.0562341125,0.0049941688,0.0128343822,0.0104839103,0.0237386359,0.040880765
45,0.056432386,0.0050623602,0.0130019496,0.0105184315,0.0237911117,0.0409055727
46,0.0566708215,0.0051677617,0.0132405278,0.0105725082,0.0239028087,0.0409346689
47,0.0568838066,0.0052733462,0.0135156842,0.0106302931,0.0240464732,0.0409594361
48,0.0570775606,0.0053830553,0.0138003292,0.0106794536,0.0241422434,0.0409873326
49,0.0571934452,0.0054777292,0.0140535406,0.0107029623,0.0241811608,0.0409858346
50,0.0572681794,0.0055584507,0.0143034685,0.0107157064,0.0242212288,0.040957212
51,0.0573518838,0.0056739676,0.0146176337,0.0107373429,0.0242411015,0.0409824248
52,0.0574187169,0.0058299561,0.0148973999,0.0107677928,0.024272091,0.0410811474
53,0.0574755869,0.0059797051,0.0151652905,0.0107943145,0.0242995582,0.0411742454
54,0.0575243514,0.0060777479,0.0153860426,0.0108064505,0.0242963159,0.0412485628
55,0.0575128875,0.0061532876,0.0155541222,0.0108028177,0.024254063,0.0413359321
56,0.057446814,0.0062552733,0.0157062595,0.0107984179,0.0242115141,0.0414819042
57,0.0574487799,0.0063553213,0.015827218,0.0108095294,0.0242312227,0.0416256019
58,0.0575364036,0.0064130685,0.0159644248,0.0108314865,0.0242806218,0.0417410836
59,0.05766195,0.0064437149,0.0160941193,0.0108563646,0.0243543374,0.0418530206
60,0.0577668204,0.0065031999,0.0162912844,0.0108910993,0.0244387878,0.0419374388
61,0.0578810871,0.0065934548,0.016576179,0.0109426674,0.0245553022,0.0420135709
62,0.0580083481,0.0066385611,0.0168143082,0.0109784571,0.0246218916,0.0420619519
63,0.0581101938,0.0066731494,0.0169943779,0.0109965792,0.0246410564,0.0421199035
64,0.0581429359,0.0067589266,0.0171582703,0.0110047497,0.0246058887,0.0422048051
65,0.0581365825,0.0068808696,0.0173094523,0.0110040582,0.0245771078,0.0423204198
66,0.0581928575,0.0069549406,0.0174282891,0.0110164428,0.0246040706,0.0424279962
67,0.0582726016,0.007004167,0.0175593588,0.0110367967,0.02464441,0.0425161769
68,0.0583670987,0.0070706388,0.0177399378,0.0110714376,0.0247247669,0.042609125
69,0.0585062229,0.0071061336,0.0179204194,0.0111021707,0.0248125152,0.0426826888
70,0.0586879215,0.0071147016,0.0180581239,0.0111280378,0.0248461121,0.0427758889
71,0.0587435646,0.0071470347,0.0181352184,0.0111267323,0.024813013,0.0428645329
72,0.0587434908,0.0072377147,0.0182090743,0.0111294997,0.0247916698,0.0429526972
73,0.0587830716,0.0073292977,0.018333736,0.0111580617,0.0248371623,0.0430525561
74,0.0588733127,0.0073609212,0.0184331875,0.0111865435,0.0248805555,0.0431190162
75,0.0590012197,0.0073447054,0.0185209952,0.0112011309,0.0248969732,0.0431530991
76,0.0591443213,0.0073126031,0.0185377502,0.0112076152,0.0249113269,0.0431792751
77,0.0593128874,0.0072843936,0.0185592952,0.0112182568,0.0249347984,0.0431909207
78,0.0595119135,0.0072759541,0.0186124994,0.0112379043,0.0250085538,0.0432157589
79,0.0596802381,0.0072806402,0.0186717705,0.0112442437,0.0250537759,0.0432195191
80,0.0597618019,0.0072806287,0.018685582,0.0112265162,0.0249982646,0.0431876144
81,0.0597538205,0.0072809981,0.0186788165,0.0112008727,0.0249200784,0.0431672169
82,0.0596973003,0.0072897789,0.0186327254,0.0111845737,0.0248442455,0.04316129
83,0.0596031813,0.0072951002,0.0185809816,0.0111624767,0.0247708431,0.0431586408
84,0.059499381,0.007306562,0.0185314475,0.0111453519,0.0247077967,0.0431772642
85,0.0593671626,0.0073115015,0.0184227777,0.0111212657,0.0246356839,0.0431956415
86,0.0592533375,0.0073140556,0.0183391785,0.0111045674,0.0245866238,0.0432143473
87,0.0591354671,0.0073070943,0.0182678833,0.0110879323,0.0245403192,0.04323459
88,0.0590283475,0.0073043189,0.0181839024,0.0110746427,0.0245067587,0.0432671876
89,0.0588947369,0.0073015229,0.0180889216,0.0110604371,0.0244618585,0.0432987554
90,0.058785718,0.0073032242,0.0180291229,0.0110501981,0.0244282685,0.0433127965
91,0.0586792208,0.007308344,0.0179758926,0.011040278,0.02439875,0.0433345015
92,0.0585797855,0.0073184434,0.0179123281,0.011032143,0.0243721026,0.0433505778
93,0.0584874573,0.0073321241,0.0178751611,0.0110251023,0.0243465524,0.0433690882
94,0.0583833796,0.0073474481,0.0178304651,0.0110166993,0.0243208556,0.0433852623
95,0.0583019666,0.0073646257,0.0178034463,0.0110132242,0.0243007696,0.0434075256
96,0.0582275819,0.0073807179,0.0177721015,0.0110102553,0.0242882316,0.0434150868
97,0.058155679,0.0073978592,0.0177579463,0.0110046074,0.0242688081,0.0434285069
98,0.058070891,0.0074113009,0.0177394709,0.0109992127,0.024255815,0.0434483823
99,0.0579485778,0.0074273961,0.0177208402,0.0109945795,0.02423371,0.0434769268
100,0.0578542603,0.0074297636,0.0176901324,0.0109871037,0.0242132246,0.0435023324
101,0.0577428348,0.0074044533,0.0176491588,0.0109689508,0.0241830931,0.0435085479
102,0.0576143012,0.0073742727,0.0175911472,0.0109453031,0.0241297297,0.0435072057
103,0.0574627576,0.0072911431,0.0174961618,0.0109176665,0.0240739076,0.0435136722
104,0.0572697747,0.0071596275,0.0173540661,0.0108849351,0.0240122437,0.0435138238
105,0.0571210979,0.0070569317,0.0172458598,0.0108601209,0.0239684438,0.0434969469
106,0.0569957356,0.0069779686,0.0171354408,0.0108411538,0.0239412422,0.0434866714
107,0.0568765857,0.0069180298,0.0170389548,0.0108283449,0.0239191326,0.0434701541
108,0.056752753,0.0068733932,0.0169430237,0.0108161787,0.0238872575,0.0434438048
109,0.0566150134,0.0067964618,0.0168175617,0.010796871,0.0238533739,0.0434019851
110,0.0565179092,0.0067106308,0.0166806843,0.01077824,0.0238205784,0.0433531816
111,0.0564377403,0.006620949,0.0165596898,0.0107531189,0.0237914356,0.0433074977
112,0.056347532,0.0065404441,0.0164148602,0.0107318697,0.0237581292,0.0432474197
113,0.0562165899,0.0064516353,0.0162381881,0.0107041167,0.0237134833,0.0431785806
114,0.05607619,0.006376192,0.016090612,0.0106769189,0.0236765217,0.0431311409
115,0.0559167241,0.0063063982,0.0159415676,0.0106553339,0.023644288,0.0430785605
116,0.0557430451,0.0062389151,0.0158019494,0.0106317525,0.0236087226,0.0430211348
117,0.0555651822,0.0061800618,0.015659968,0.0106129737,0.0235663531,0.0429632267
118,0.0553448247,0.0061100425,0.0155135989,0.0105872278,0.0235115088,0.0428991835
119,0.0551778254,0.0060424932,0.0153758314,0.0105636875,0.0234731039,0.042834985
120,0.0550215905,0.0059671601,0.0152368833,0.0105395405,0.0234329212,0.0427674978
121,0.0548716324,0.0058905799,0.0150994077,0.0105179556,0.0233998902,0.0426969471
122,0.054723513,0.0058288594,0.0149728483,0.0104922967,0.0233610582,0.0426294044
123,0.0545586358,0.0057600385,0.0148125041,0.0104640083,0.0233189245,0.0425353983
124,0.0544375701,0.0057141867,0.0146973879,0.010447681,0.0232898374,0.0424662238
125,0.0543282031,0.0056828829,0.0145972953,0.010437542,0.0232616247,0.0424079307
126,0.0542449195,0.0056551275,0.0145038421,0.010427807,0.0232434813,0.0423456869
127,0.0541904046,0.0056321909,0.0144210927,0.0104206253,0.0232332583,0.042296158
128,0.0541425522,0.0056103289,0.0143201731,0.0104160412,0.0232211854,0.0422297273
129,0.054114049,0.0055999673,0.0142558178,0.0104121733,0.0232082898,0.0421738343
130,0.0540917684,0.0055846173,0.0141959863,0.0104097341,0.0232035994,0.0421212193
131,0.0540567122,0.005565125,0.0141297502,0.010409313,0.0231962155,0.0420793878
132,0.0539992802,0.0055471752,0.0140600041,0.0104022502,0.0231779523,0.0420174478
133,0.0539532596,0.0055313312,0.0140141996,0.0103947844,0.0231634501,0.0419725113
134,0.053902785,0.0055231244,0.013955546,0.0103911736,0.0231516077,0.0419377294
135,0.0538426395,0.0055134183,0.0139121896,0.0103840844,0.0231354686,0.0419002584
136,0.053781325,0.0055022468,0.0138633102,0.0103754275,0.0231136162,0.0418647203
137,0.0537176851,0.0054901893,0.0137988847,0.0103645929,0.0230854375,0.0418167738
138,0.053673837,0.0054839312,0.013762527,0.0103605144,0.0230699382,0.0417861468
139,0.0536351472,0.0054759301,0.0137266834,0.010352483,0.0230479407,0.0417524404
140,0.0535948939,0.0054632878,0.0136778089,0.0103446501,0.0230324825,0.0417204405
141,0.0535519376,0.0054430708,0.0136262271,0.0103350663,0.0230165294,0.0416855954
142,0.0534904639,0.0054146345,0.0135639409,0.0103220236,0.0229888897,0.0416478161
143,0.0534327881,0.0053925686,0.0135060292,0.010312452,0.0229699828,0.0416107707
144,0.0533693263,0.0053691501,0.0134531164,0.0103025918,0.022948696,0.0415700477
145,0.0533030284,0.0053486076,0.0133930144,0.0102954,0.0229311412,0.041527825
146,0.0532321984,0.0053242338,0.0133440238,0.0102876895,0.0229183115,0.0414942456
147,0.0531328432,0.0052972395,0.0132743638,0.0102784079,0.0228938986,0.0414513415
148,0.0530586843,0.0052737307,0.0132179179,0.0102678492,0.0228709715,0.0414103701
149,0.0529921863,0.005246384,0.0131643285,0.0102572763,0.0228494615,0.041370442
150,0.0529248587,0.0052189367,0.0131009761,0.0102468877,0.022826118,0.041328594
