Time [s],TGS2620,TGS2602,TGS2603,TGS2610,TGS2611,TGS2600
1,0.05680052,0.00152712,0.01080749,0.0094551,0.02126793,0.0437321
2,0.05677485,0.00151669,0.01082418,0.00945595,0.02127488,0.04376175
3,0.05674822,0.00149638,0.01081921,0.00943196,0.02123376,0.04378609
4,0.05671747,0.00147964,0.01079984,0.00939108,0.02116154,0.04380507
5,0.05669229,0.00147358,0.01082194,0.00937344,0.0211365,0.04382662
6,0.05667019,0.00146449,0.01079527,0.00934881,0.02109061,0.04384481
7,0.05663979,0.00145237,0.01078921,0.00929496,0.02099047,0.04385861
8,0.05661605,0.00143732,0.01075861,0.00923451,0.02087772,0.04387262
9,0.05658873,0.00143379,0.010745,0.00919205,0.02079258,0.04388613
10,0.05656508,0.00145356,0.01078156,0.00922488,0.02086053,0.04389224
11,0.05654144,0.00147591,0.01080853,0.00927351,0.02095361,0.0438901
12,0.05651551,0.00149081,0.0108437,0.00931026,0.02102832,0.04387823
13,0.05648899,0.00148917,0.01085339,0.00930952,0.0210315,0.0438681
14,0.05645934,0.00155976,0.01097051,0.00951903,0.02143125,0.04385076
15,0.05643634,0.00157764,0.01104039,0.0096206,0.0216344,0.04383308
16,0.05640932,0.00156473,0.01106468,0.00963372,0.02165953,0.04381192
17,0.05638324,0.00152817,0.01103071,0.00957933,0.02156704,0.04378788
18,0.05636064,0.00147979,0.01097587,0.00945729,0.02133548,0.0437705
19,0.0563217,0.00142694,0.01088676,0.00929467,0.02102633,0.04372669
20,0.05634549,0.00136246,0.01076919,0.00905764,0.02056469,0.04365447
21,0.05636283,0.00147253,0.01094021,0.00930003,0.0210389,0.04360857
22,0.05636918,0.00154952,0.01106289,0.00951669,0.02145752,0.04357246
23,0.05637063,0.00157719,0.01112687,0.00963342,0.02167662,0.0435444
24,0.05635995,0.00159423,0.01119343,0.00972849,0.0218759,0.04351623
25,0.05634574,0.00159572,0.01122442,0.00979241,0.02200325,0.04353819
26,0.05632418,0.00160198,0.01129029,0.0098783,0.02217531,0.04357261
27,0.05631132,0.00159929,0.01133057,0.00993631,0.02229959,0.04356779
28,0.05638319,0.00159582,0.01135595,0.00997073,0.02238452,0.04356491
29,0.05653762,0.00158469,0.01138098,0.00998419,0.02242605,0.0435431
30,0.05677926,0.00157585,0.01137552,0.00999214,0.02244512,0.04356024
31,0.05703755,0.00156631,0.01138436,0.0099827,0.02244989,0.04353933
32,0.05726892,0.00158201,0.0114307,0.00999224,0.02250428,0.04351698
33,0.0575658,0.00162194,0.01154495,0.01002338,0.02263655,0.04349751
34,0.05781579,0.00165994,0.01167424,0.01006203,0.02280017,0.04350044
35,0.05800469,0.00169138,0.01180547,0.01009327,0.02294491,0.04349026
36,0.05814262,0.0017187,0.01194013,0.01011989,0.02307718,0.04348986
37,0.05831215,0.00173514,0.01206107,0.01013663,0.02317707,0.04344858
38,0.05859651,0.00175685,0.01219886,0.01015888,0.02329359,0.04344128
39,0.05883404,0.00178447,0.01236973,0.01018551,0.02343064,0.04344769
40,0.05908596,0.00181566,0.01254884,0.01021084,0.02353961,0.04350729
41,0.0593594,0.00183761,0.01273898,0.01022619,0.02359757,0.04353476
42,0.05961426,0.00185192,0.01288223,0.01023254,0.02362619,0.04357201
43,0.05989361,0.00186344,0.01301554,0.01024049,0.02367258,0.04362263
44,0.06013054,0.00188043,0.01313674,0.01024297,0.02371719,0.04366957
45,0.0603478,0.00189116,0.01328297,0.0102399,0.02372126,0.04370503
46,0.06050406,0.00190169,0.01336622,0.01024079,0.0237141,0.04373836
47,0.06059953,0.0019374,0.01351443,0.01025599,0.02370954,0.04373647
48,0.0607464,0.00200431,0.01372047,0.01028758,0.02374947,0.04374407
49,0.06090709,0.00206794,0.01391776,0.01031028,0.02378881,0.0437544
50,0.06104492,0.00212719,0.01414028,0.01034103,0.02381146,0.04375997
51,0.06115186,0.00218282,0.01432689,0.01037013,0.02384151,0.04376195
52,0.06131995,0.0022542,0.01456944,0.01040828,0.02391348,0.04378475
53,0.06147169,0.0023065,0.01476424,0.01043242,0.02396176,0.04380696
54,0.06163804,0.002345,0.01492612,0.01045015,0.02398411,0.0438154
55,0.06180513,0.00239551,0.01512287,0.01047225,0.02398511,0.04383109
56,0.06197972,0.00245482,0.01528534,0.01047861,0.02395719,0.04385414
57,0.06221988,0.00252481,0.01545615,0.0105111,0.02399832,0.04390083
58,0.06241876,0.00258858,0.01561132,0.01054299,0.02405355,0.04395482
59,0.06260636,0.00264685,0.01575924,0.01056156,0.02406299,0.04400574
60,0.06278165,0.0027139,0.01585655,0.01056117,0.02402301,0.04403827
61,0.06295615,0.00277539,0.01595346,0.01056117,0.0240165,0.04408322
62,0.06315552,0.00284165,0.01609303,0.01056862,0.02404148,0.04414382
63,0.06332405,0.00289689,0.01620618,0.0105717,0.02404104,0.04417089
64,0.06346701,0.00297164,0.01631923,0.01056464,0.02399315,0.04420948
65,0.06359848,0.00303994,0.01643834,0.01056772,0.02400085,0.04425727
66,0.06372837,0.00310819,0.01658303,0.01058004,0.02405385,0.04431841
67,0.06385056,0.00316292,0.01669941,0.01059251,0.02407789,0.04438646
68,0.06394121,0.00320365,0.01681241,0.01059633,0.02407556,0.04444919
69,0.06404477,0.0032714,0.01697836,0.0106166,0.02413004,0.04450567
70,0.06417442,0.0033167,0.01710144,0.01063637,0.0241666,0.0445687
71,0.06436118,0.00335495,0.01718852,0.01064044,0.02415125,0.04462672
72,0.06454158,0.00339757,0.01726506,0.01064208,0.02411644,0.04469814
73,0.06471652,0.00345956,0.01738521,0.01064948,0.02412915,0.04475988
74,0.06484392,0.00353088,0.01753859,0.01067794,0.02418886,0.04481993
75,0.06489185,0.00357002,0.01768736,0.01070735,0.02423902,0.04487681
76,0.06492186,0.00362511,0.01785981,0.01073581,0.02427935,0.04494977
77,0.06491967,0.00368903,0.01805512,0.010768,0.02434005,0.0450063
78,0.06488391,0.00375182,0.01826016,0.01080107,0.02443909,0.04506625
79,0.06481576,0.00379811,0.01845914,0.010827,0.02454261,0.04512094
80,0.06471428,0.00381003,0.01859424,0.01084925,0.02459595,0.045172
81,0.06455857,0.00381157,0.0186909,0.01086451,0.02463817,0.04523747
82,0.06441333,0.00380541,0.01875984,0.01087752,0.02466604,0.04529285
83,0.06426397,0.00379364,0.01880221,0.01089277,0.02470533,0.04534977
84,0.06411481,0.0038065,0.01885422,0.01091671,0.02474666,0.0454065
85,0.06396262,0.00382165,0.0188945,0.01092535,0.02473752,0.04545592
86,0.06378584,0.00383367,0.01892604,0.01092793,0.02470215,0.04551751
87,0.06365049,0.00389715,0.01903402,0.01104685,0.02488633,0.04556698
88,0.06352021,0.00393709,0.01913774,0.01114738,0.02503852,0.04561546
89,0.0633932,0.00395676,0.01918418,0.01121284,0.0251474,0.04616248
90,0.06327776,0.00395368,0.01919515,0.01125422,0.02521376,0.0461825
91,0.06314266,0.00394533,0.01919883,0.01127468,0.02524818,0.04619616
92,0.06304014,0.00393381,0.01917643,0.01127866,0.02525414,0.04622492
93,0.06293941,0.00392566,0.01913714,0.01126688,0.0252222,0.04625343
94,0.06284707,0.00392229,0.01910734,0.01125258,0.02518336,0.04628204
95,0.06273938,0.00392388,0.0190451,0.01122695,0.02513125,0.04630687
96,0.06265648,0.00392825,0.01899637,0.01120122,0.02506832,0.04633211
97,0.06257592,0.00393838,0.0189693,0.01117435,0.02500604,0.04636007
98,0.0625034,0.00395864,0.0189245,0.01114678,0.02493814,0.04638138
99,0.06243098,0.00397856,0.01889038,0.01112533,0.02488444,0.04641416
100,0.06231639,0.00400722,0.0188723,0.01110913,0.02483825,0.04643542
101,0.06222504,0.00404184,0.01886862,0.01109462,0.02479732,0.04645117
102,0.06217726,0.00408113,0.01886902,0.01108166,0.02475937,0.046454
103,0.06213708,0.00412618,0.01887736,0.01106964,0.02472023,0.04647352
104,0.06204713,0.00416428,0.01890796,0.01106483,0.02469545,0.04648673
105,0.06196139,0.00419448,0.01890985,0.01105211,0.02464215,0.04649582
106,0.06189051,0.00420655,0.01888735,0.01101476,0.02454191,0.04650292
107,0.06183404,0.00417481,0.01879074,0.01094979,0.02439394,0.04650347
108,0.06178486,0.00413622,0.01871047,0.01090255,0.0243185,0.04649612
109,0.06173544,0.0040858,0.01860497,0.01086599,0.02426843,0.04647009
110,0.06166431,0.00401904,0.01850647,0.01082968,0.02419243,0.04644029
111,0.06157635,0.00393808,0.01837996,0.01077872,0.02407799,0.04640125
112,0.06142023,0.00382404,0.01816002,0.01070049,0.02392838,0.04635123
113,0.06121941,0.00370066,0.01797401,0.01063269,0.02379889,0.04628815
114,0.06098855,0.00356704,0.01776186,0.01057507,0.02368828,0.04623008
115,0.06080437,0.00343909,0.01752141,0.01051706,0.02358471,0.04617018
116,0.0605656,0.0033244,0.01731622,0.01046148,0.02348413,0.04610978
117,0.06026117,0.00318165,0.01700309,0.01039442,0.02336671,0.04604283
118,0.05995579,0.00306189,0.01675097,0.01033601,0.02326791,0.04596107
119,0.05960915,0.00294219,0.01648851,0.01028341,0.02318586,0.04589461
120,0.05934286,0.00282938,0.01623062,0.01023935,0.02311528,0.04582785
121,0.05907981,0.00272801,0.01599389,0.01019907,0.02304931,0.04576387
122,0.05885062,0.00262171,0.01570779,0.01015198,0.02295901,0.04569851
123,0.05863242,0.00254328,0.01548099,0.01010762,0.02288123,0.04562579
124,0.05841258,0.00247399,0.01526502,0.01006982,0.02281467,0.04555933
125,0.05824614,0.00240743,0.01506311,0.01003585,0.02275238,0.04549178
126,0.05809772,0.0023442,0.01486239,0.01001062,0.02270857,0.04542785
127,0.05797101,0.00227685,0.01465661,0.00998618,0.02266983,0.04534763
128,0.05786049,0.00222713,0.01447392,0.00997317,0.02264505,0.04528431
129,0.05773622,0.00218193,0.01431175,0.00995384,0.02261162,0.04522107
130,0.0576258,0.00214259,0.01415489,0.00994267,0.02258971,0.04515953
131,0.05751181,0.00209739,0.01398586,0.00992181,0.0225532,0.04510018
132,0.05738917,0.0020655,0.01384961,0.00990402,0.02251883,0.04502647
133,0.05726807,0.00203381,0.01372424,0.00988401,0.02248297,0.04497386
134,0.05713262,0.00200739,0.01361248,0.00986975,0.02245272,0.04492007
135,0.0570153,0.00198037,0.01349337,0.00985336,0.02242575,0.04486682
136,0.05690756,0.00195126,0.01335663,0.00983657,0.02239684,0.04481571
137,0.0567892,0.0019298,0.01325212,0.00982545,0.02237474,0.04475586
138,0.05665449,0.00191296,0.01315353,0.00982202,0.02236903,0.04471086
139,0.05655351,0.00189593,0.01307803,0.00981631,0.02235666,0.04466536
140,0.05647349,0.00187904,0.01297879,0.00981084,0.02233977,0.04462046
141,0.05639471,0.00186478,0.01288262,0.0098029,0.02231936,0.04457854
142,0.05632026,0.0018551,0.01280186,0.00979723,0.02230177,0.04453006
143,0.05625042,0.00184323,0.01272656,0.00979003,0.0222828,0.04449196
144,0.05619733,0.00183175,0.01265305,0.00977771,0.02226074,0.04445813
145,0.05614259,0.00182202,0.01258133,0.00977299,0.02224142,0.04442342
146,0.05609292,0.00181486,0.01250026,0.00976395,0.02222399,0.04438363
147,0.05604523,0.00180612,0.01243221,0.00975596,0.02220462,0.0443431
148,0.05599248,0.00179877,0.01236898,0.00974418,0.02218539,0.04431364
149,0.0559448,0.00179544,0.01231767,0.00973803,0.02216995,0.044282
150,0.05589155,0.00179544,0.01231767,0.00973803,0.02216995,0.04425205
