Time [s],TGS2620,TGS2602,TGS2603,TGS2610,TGS2611,TGS2600
1,0.0531555061,0.0050061498,0.0115858874,0.0107662429,0.0240123021,0.0420535089
2,0.0531227186,0.0050236414,0.0115879057,0.0107636433,0.0239978841,0.0420454961
3,0.0530888495,0.0050380676,0.0115934437,0.0107562649,0.0239781563,0.0420486455
4,0.0530488626,0.0050544994,0.0115906938,0.010746528,0.0239569669,0.0420563384
5,0.0530150442,0.0050731874,0.011589781,0.0107390711,0.0239378488,0.0420512802
6,0.0530444327,0.0050876112,0.0115921428,0.0107353707,0.0239199552,0.0420390969
7,0.0531554821,0.0051017647,0.0115959758,0.010727317,0.0238979864,0.0420317139
8,0.0531229156,0.0051143029,0.0115995406,0.0107216768,0.0238841058,0.0420205183
9,0.0530892432,0.0051284789,0.0115970245,0.0107159658,0.0238661433,0.0419993713
10,0.0530492316,0.0051454911,0.0116084296,0.0107115455,0.0238496118,0.042052988
11,0.0530150967,0.005159325,0.0116084271,0.0107048812,0.0238298353,0.0420454202
12,0.053044521,0.0051725297,0.0116110202,0.0106997846,0.023811789,0.0420488797
13,0.0530894281,0.0051840507,0.0116158368,0.0106930928,0.0238008955,0.0420563141
14,0.0530488293,0.0051958765,0.011620271,0.0106865346,0.0237851278,0.0420516409
15,0.0530150892,0.0052094578,0.0116189567,0.0106808581,0.0237660155,0.0420391454
16,0.0530441475,0.0052246848,0.0116338525,0.0106773923,0.0237528932,0.0420316562
17,0.0531559236,0.0052381389,0.0116372283,0.0106745684,0.0237380217,0.042020744
18,0.0531225149,0.0052500576,0.011638403,0.0106713042,0.0237291905,0.0419993733
19,0.0530893678,0.0052619633,0.0116428093,0.010667349,0.0237122012,0.0420570298
20,0.0530489421,0.0052752359,0.011652185,0.0106596667,0.0236969947,0.0420512391
21,0.0530147136,0.0052845738,0.0116509922,0.0106566656,0.0236807029,0.042039579
22,0.0530437641,0.0052986806,0.0116605719,0.0106533261,0.0236688127,0.042032458
23,0.053155517,0.0053078406,0.0116630217,0.0106421437,0.0236429883,0.0420210924
24,0.0531231208,0.005322895,0.0116706377,0.0106377587,0.023629977,0.0419995013
25,0.0531559391,0.0053313053,0.0116765247,0.0106385433,0.0236277477,0.0420534664
26,0.0531232988,0.0053466757,0.0116844717,0.010641448,0.0236266247,0.0420459681
27,0.0530891068,0.0053618328,0.0116885429,0.010639582,0.0236243708,0.0420483905
28,0.0530487529,0.0053712465,0.0116997545,0.0106382609,0.0236157141,0.0420564526
29,0.0530143839,0.0054122714,0.0117374548,0.0106479552,0.023645088,0.0420518082
30,0.053044426,0.0054670254,0.011815002,0.0106757524,0.0237479464,0.042038949
31,0.0531418923,0.0055080885,0.0119128385,0.0107004701,0.0238491617,0.042032055
32,0.0532894413,0.0055394074,0.0119990855,0.0107205657,0.0239170549,0.0420209623
33,0.0534979854,0.0055655971,0.0120724785,0.0107455914,0.0240107856,0.0419995598
34,0.0538151689,0.0056027444,0.0121923071,0.0107772217,0.0241423323,0.042053094
35,0.054083631,0.0056255531,0.0122730133,0.0107937535,0.0242055045,0.0420461475
36,0.0543330963,0.0056394982,0.0123377648,0.0108034493,0.0242302095,0.042048874
37,0.0545878762,0.0056502618,0.0123720872,0.0108177524,0.0242622402,0.0420661128
38,0.0548470546,0.0056594567,0.0124164951,0.0108370559,0.0243006429,0.0420339167
39,0.0551916696,0.0056850936,0.0124728254,0.0108753328,0.0243567782,0.0420542971
40,0.0553959687,0.0057038899,0.0125040251,0.0108956799,0.0243779513,0.0420534424
41,0.0555995663,0.0057220856,0.0125437475,0.010922581,0.024434623,0.0420461098
42,0.0558715229,0.0057587415,0.0126083327,0.0109595058,0.0245507018,0.0420484781
43,0.0561892077,0.0058103574,0.0127107942,0.0110070754,0.024679653,0.0420569669
44,0.056506079,0.005871785,0.0128207749,0.0110409333,0.0247597173,0.0420515025
45,0.0567315938,0.0059229989,0.0129092138,0.0110624294,0.0248013922,0.0420393843
46,0.0569551216,0.0059861895,0.0130241821,0.0110997486,0.0248886137,0.0420317101
47,0.0571672459,0.0060688881,0.0132009733,0.0111438454,0.0249956644,0.0420211466
48,0.0573564993,0.0061698967,0.0134154278,0.011175485,0.0250449859,0.041999839
49,0.0574681804,0.0062502174,0.0135505733,0.0111933467,0.0250581161,0.0419858744
50,0.0575768486,0.0063314786,0.0136787153,0.0112084989,0.0250945449,0.0419860255
51,0.057655185,0.0063916145,0.0137902043,0.011216782,0.0250980159,0.041980306
52,0.0576699197,0.0064377656,0.0138700585,0.0112106142,0.0250495703,0.0419765598
53,0.0575749129,0.0064817168,0.013933956,0.0111950035,0.0249680846,0.0419738342
54,0.05745404,0.006508277,0.013979634,0.0111881283,0.0249125024,0.0419734664
55,0.0573509899,0.0065384894,0.0140201201,0.0111859624,0.0248845812,0.0419693677
56,0.0573100787,0.0065989444,0.0141008637,0.0112059245,0.0249168688,0.0419716213
57,0.0573537424,0.006700373,0.0142683101,0.0112430757,0.0250289314,0.041983343
58,0.0574773309,0.0068177673,0.0145035228,0.0113010398,0.0251688535,0.0420000885
59,0.0575663131,0.0068741652,0.014656575,0.0113180487,0.0251912901,0.0420045255
60,0.057649219,0.0069156335,0.0147752825,0.0113340052,0.0252118276,0.042014393
61,0.0577666337,0.006981336,0.0149092009,0.011359267,0.0252801898,0.0420197583
62,0.0578833727,0.0070747572,0.0150972028,0.0113891753,0.0253337949,0.0420364825
63,0.057972468,0.0071837612,0.0152758295,0.0113982102,0.0253260869,0.0420639966
64,0.0579747073,0.0072496523,0.0153625967,0.0113918362,0.0252838501,0.0420897045
65,0.0579648293,0.0072880863,0.0154268202,0.0113864914,0.0252586005,0.042117628
66,0.0579996344,0.0073192677,0.015464988,0.0113885817,0.0252581858,0.0421479383
67,0.0580675669,0.0073587972,0.0154995622,0.0113909585,0.025262777,0.0421757327
68,0.0580925958,0.0074034077,0.015539999,0.0113865497,0.0252329371,0.0422120301
69,0.0580449794,0.0074314616,0.0155576844,0.0113866839,0.0251907353,0.0422426595
70,0.0579622294,0.0074554743,0.0155836262,0.0113791658,0.025143689,0.0422687347
71,0.0578625567,0.0074998767,0.015609149,0.0113779355,0.0251056778,0.0423024206
72,0.0577142413,0.0075788068,0.0156755728,0.0113775791,0.025060521,0.042339948
73,0.0576008671,0.0076512155,0.0157087803,0.0113783154,0.0250310739,0.0423673617
74,0.0575120892,0.0077036644,0.0157505346,0.011381481,0.0250192582,0.0423990326
75,0.0574489838,0.0077586777,0.0158099418,0.0113913648,0.025009896,0.0424304923
76,0.0573936324,0.0078150514,0.0158712834,0.0114009919,0.0250047728,0.0424596518
77,0.0573214981,0.0078851172,0.0159330032,0.0114060696,0.0249885759,0.042493412
78,0.0572532988,0.00793009,0.0159835873,0.0114019787,0.0249739399,0.0425236993
79,0.0571788855,0.0079612078,0.0160182307,0.0113934769,0.0249504664,0.0425519274
80,0.0570961488,0.0079807402,0.0160225633,0.0113881166,0.0249265108,0.0425786112
81,0.0570056996,0.0079913477,0.0160349756,0.0113743903,0.0249045252,0.0426063262
82,0.0568971367,0.0080013866,0.0160450187,0.0113663112,0.0248749615,0.0426367191
83,0.0568105308,0.0080118871,0.0160594982,0.0113564467,0.0248513158,0.0426570128
84,0.0567245647,0.0080244841,0.0160641292,0.0113503469,0.0248306387,0.04267707
85,0.0566368333,0.0080329971,0.0160777191,0.011340617,0.024807921,0.0427006566
86,0.0565563819,0.0080455992,0.0160875262,0.0113332459,0.0247900833,0.0427182188
87,0.0564643193,0.008065674,0.0161049015,0.0113258512,0.0247700903,0.0427419064
88,0.0563896477,0.0080888569,0.0161326457,0.0113240149,0.0247526968,0.0427551469
89,0.0563175611,0.008110254,0.0161353396,0.0113190926,0.0247398257,0.0427715609
90,0.0562548823,0.0081314,0.0161646674,0.0113119976,0.0247261774,0.0427874153
91,0.0561841092,0.008163172,0.0162031373,0.0113113729,0.0247121125,0.0428062648
92,0.0561263922,0.0081905117,0.0162239408,0.0113075486,0.0246993435,0.0428198982
93,0.056070768,0.0082150192,0.0162530953,0.0113066327,0.0246917947,0.0428369073
94,0.0560209833,0.0082400857,0.0162802913,0.0113029346,0.0246810233,0.0428521839
95,0.0559704966,0.0082669858,0.0163000589,0.0113016315,0.0246691085,0.0428642754
96,0.0559162351,0.0082942435,0.0163396183,0.0112964794,0.0246558084,0.0428793412
97,0.0558633456,0.0083148949,0.016350831,0.0112936478,0.0246412562,0.0428863894
98,0.0557923828,0.0083214114,0.0163686128,0.0112762689,0.0246124612,0.0428799527
99,0.0556934613,0.0083221385,0.0163497519,0.0112530253,0.0245674126,0.0428706201
100,0.0555781775,0.0082910413,0.0163154173,0.011225184,0.0245151157,0.0428575044
101,0.0554141617,0.0082075376,0.0162580398,0.0111862985,0.0244361316,0.0428475986
102,0.0552600954,0.0081190277,0.0161599653,0.0111523536,0.0243775301,0.0428399894
103,0.0551305323,0.0080251061,0.0160508259,0.0111170551,0.0243345618,0.0428196819
104,0.0550310339,0.0079369727,0.0159414983,0.0110957175,0.0243122779,0.0428006129
105,0.0549540749,0.0078678917,0.0158450583,0.0110823004,0.024299174,0.0427813481
106,0.054867795,0.0077963493,0.0157210977,0.0110660415,0.0242865344,0.0427492
107,0.0547915169,0.0077155727,0.0156087972,0.0110503887,0.0242721092,0.0427132337
108,0.0546935826,0.0076403626,0.0155122998,0.0110474951,0.0242558007,0.042678194
109,0.054555044,0.0075996804,0.0154409679,0.0110361314,0.0242155715,0.0426431474
110,0.0543814609,0.0075741523,0.0153611357,0.011012291,0.0241592626,0.0426052176
111,0.0541516734,0.0075155721,0.015233346,0.0109723129,0.0240800225,0.0425552452
112,0.0539584743,0.0074324909,0.015103887,0.0109387374,0.0240210295,0.0425045065
113,0.0537635812,0.0073400117,0.0149615703,0.0109064471,0.0239640936,0.042449119
114,0.0535738412,0.0072543839,0.0148251812,0.0108787601,0.023915933,0.0423921867
115,0.0533529109,0.0071550569,0.0146583104,0.0108460184,0.0238596954,0.0423157499
116,0.0531740492,0.007078473,0.0145276153,0.0108211441,0.0238106231,0.0422503123
117,0.0530042405,0.0070037201,0.0144017063,0.0107988912,0.0237670203,0.0421823483
118,0.0528568431,0.006935565,0.0142759255,0.0107802002,0.02372963,0.0421156567
119,0.0527270945,0.0068705848,0.0141634144,0.0107597928,0.0236869668,0.0420468508
120,0.0525891771,0.0068025983,0.0140244124,0.0107370315,0.0236456702,0.0419652054
121,0.0524945074,0.006752572,0.0139113497,0.0107180561,0.0236148076,0.0418938975
122,0.0524167961,0.006693046,0.0138016008,0.0106986873,0.0235911051,0.0418279665
123,0.0523491112,0.006631791,0.0136926381,0.0106830898,0.0235701122,0.0417558205
124,0.0522865746,0.0065851278,0.0135979494,0.010675928,0.0235584159,0.0416818931
125,0.0522134829,0.0065500922,0.013499611,0.0106621382,0.0235340808,0.0416050897
126,0.052128153,0.0065196327,0.0134124152,0.0106489145,0.0234989868,0.0415406408
127,0.051996842,0.0064574751,0.0133038825,0.0106254854,0.0234478027,0.041471572
128,0.0518640603,0.0063876867,0.0131840015,0.0106005151,0.0234109933,0.0413971822
129,0.0517363256,0.0063297564,0.0130857687,0.0105861199,0.0233806084,0.0413197679
130,0.0516112057,0.0062642163,0.0129641519,0.0105744872,0.0233577309,0.0412311698
131,0.0515312357,0.0062177509,0.0128739487,0.0105668475,0.0233472411,0.0411587995
132,0.0514742533,0.0061795109,0.0127834483,0.0105624812,0.0233449683,0.041093492
133,0.0514358323,0.0061511817,0.0127065492,0.0105588189,0.0233389079,0.0410274008
134,0.0514051097,0.0061336196,0.0126495271,0.0105591212,0.0233361463,0.0409673456
135,0.0513524092,0.0061185531,0.0125840543,0.0105526608,0.023318214,0.0408950169
136,0.0512935653,0.0060961547,0.0125246285,0.0105401604,0.0233017461,0.0408341016
137,0.0512285462,0.006062749,0.0124583604,0.0105271543,0.0232847833,0.0407692514
138,0.0511660127,0.0060422452,0.0123975173,0.0105181682,0.0232690405,0.0407099364
139,0.051089863,0.0060276192,0.0123390203,0.0105109171,0.0232532326,0.0406399215
140,0.0510312665,0.0060208752,0.0123044079,0.0105023169,0.0232390319,0.0405874269
141,0.0509794362,0.0060130234,0.0122585944,0.0104994053,0.023226037,0.0405368775
142,0.0509309858,0.0060063388,0.012225427,0.0104934373,0.0232131958,0.0404922893
143,0.0508844517,0.0059993584,0.012185775,0.0104865782,0.0231963743,0.0404452854
144,0.0508284187,0.0059883827,0.0121419093,0.0104745649,0.0231720098,0.0403861173
145,0.0507803947,0.0059775981,0.0121141081,0.0104670704,0.0231548027,0.0403437641
146,0.050730675,0.0059724604,0.0120767556,0.010459899,0.0231387735,0.0402991474
147,0.0506721497,0.0059638226,0.0120410642,0.0104549868,0.0231284242,0.0402538731
148,0.0506105062,0.0059571101,0.0120072529,0.010447409,0.0231116369,0.0402110616
149,0.050537673,0.005952853,0.0119770524,0.0104412641,0.0231002999,0.0401627833
150,0.0504804414,0.0059492439,0.011956558,0.0104350534,0.0230788743,0.0401242165
