Dataset,Fold,SeedsPerLabel,SeedFoldSelection,ScaleFactor,Model,Method,GenParamSetIndex,GenParams,Accuracy,F1_Score,Hyperparameters,ExecutionTime_Sec
Coffee,10,20,1,1,KNN,Baseline,N/A,N/A,0.9233333333333333,0.9251612094141872,"{'algorithm': 'auto', 'leaf_size': 30, 'metric': 'minkowski', 'metric_params': None, 'n_jobs': None, 'n_neighbors': 5, 'p': 2, 'weights': 'uniform'}",0.04294395446777344
Coffee,10,20,1,1,KNN,Tuned_Baseline,N/A,N/A,0.9166666666666666,0.9190460441700656,"{'algorithm': 'auto', 'leaf_size': 30, 'metric': 'minkowski', 'metric_params': None, 'n_jobs': None, 'n_neighbors': np.int64(5), 'p': 3, 'weights': 'distance'}",0.023341655731201172
Coffee,10,20,1,1,RandomForest,Baseline,N/A,N/A,0.8833333333333333,0.8882024077846533,"{'bootstrap': True, 'ccp_alpha': 0.0, 'class_weight': None, 'criterion': 'gini', 'max_depth': None, 'max_features': 'sqrt', 'max_leaf_nodes': None, 'max_samples': None, 'min_impurity_decrease': 0.0, 'min_samples_leaf': 1, 'min_samples_split': 2, 'min_weight_fraction_leaf': 0.0, 'monotonic_cst': None, 'n_estimators': 100, 'n_jobs': None, 'oob_score': False, 'random_state': 42, 'verbose': 0, 'warm_start': False}",0.6438469886779785
Coffee,10,20,1,1,RandomForest,Tuned_Baseline,N/A,N/A,0.885,0.8856554673544869,"{'bootstrap': True, 'ccp_alpha': 0.0, 'class_weight': 'balanced', 'criterion': 'gini', 'max_depth': None, 'max_features': 'sqrt', 'max_leaf_nodes': None, 'max_samples': None, 'min_impurity_decrease': 0.0, 'min_samples_leaf': 1, 'min_samples_split': 2, 'min_weight_fraction_leaf': 0.0, 'monotonic_cst': None, 'n_estimators': 50, 'n_jobs': None, 'oob_score': False, 'random_state': 42, 'verbose': 0, 'warm_start': False}",0.003997802734375
Coffee,10,20,1,1,LinearSVC,Baseline,N/A,N/A,0.785,0.7925246357849702,"{'C': 1.0, 'class_weight': None, 'dual': False, 'fit_intercept': True, 'intercept_scaling': 1, 'loss': 'squared_hinge', 'max_iter': 100, 'multi_class': 'ovr', 'penalty': 'l2', 'random_state': 42, 'tol': 0.0001, 'verbose': 0}",0.024227380752563477
Coffee,10,20,1,1,LinearSVC,Tuned_Baseline,N/A,N/A,0.8,0.8041018388629324,"{'C': np.float64(183.29807108324337), 'class_weight': None, 'dual': False, 'fit_intercept': True, 'intercept_scaling': 1, 'loss': 'squared_hinge', 'max_iter': 100, 'multi_class': 'ovr', 'penalty': 'l1', 'random_state': 42, 'tol': 0.001, 'verbose': 0}",0.00024509429931640625
Coffee,10,20,1,1,LogisticRegression,Baseline,N/A,N/A,0.76,0.7719013818762008,"{'C': 1.0, 'class_weight': None, 'dual': False, 'fit_intercept': True, 'intercept_scaling': 1, 'l1_ratio': None, 'max_iter': 100, 'multi_class': 'deprecated', 'n_jobs': None, 'penalty': 'l2', 'random_state': 42, 'solver': 'lbfgs', 'tol': 0.0001, 'verbose': 0, 'warm_start': False}",0.08326864242553711
Coffee,10,20,1,1,LogisticRegression,Tuned_Baseline,N/A,N/A,0.755,0.7658222540644588,"{'C': np.float64(183.29807108324337), 'class_weight': None, 'dual': False, 'fit_intercept': True, 'intercept_scaling': 1, 'l1_ratio': None, 'max_iter': 100, 'multi_class': 'deprecated', 'n_jobs': None, 'penalty': 'l2', 'random_state': 42, 'solver': 'saga', 'tol': 0.0001, 'verbose': 0, 'warm_start': False}",0.0002980232238769531
Coffee,10,20,1,1,RNN,Tuned_Baseline,N/A,N/A,0.16666666666666666,0.047619047619047616,"{'hidden_size': 64, 'epochs': 10, 'batch_size': 32, 'lr': 0.001}",2.956390380859375e-05
Coffee,10,20,1,2,KNN,Time_Warping,1,"{'sigma': 0.2, 'knot': 4}",0.9116666666666666,0.9142874874874195,"{'algorithm': 'auto', 'leaf_size': 30, 'metric': 'euclidean', 'metric_params': None, 'n_jobs': None, 'n_neighbors': np.int64(9), 'p': 2, 'weights': 'distance'}",0.02209925651550293
Coffee,10,20,1,2,RandomForest,Time_Warping,1,"{'sigma': 0.2, 'knot': 4}",0.86,0.861325254739577,"{'bootstrap': True, 'ccp_alpha': 0.0, 'class_weight': 'balanced', 'criterion': 'gini', 'max_depth': None, 'max_features': 'sqrt', 'max_leaf_nodes': None, 'max_samples': None, 'min_impurity_decrease': 0.0, 'min_samples_leaf': 2, 'min_samples_split': 2, 'min_weight_fraction_leaf': 0.0, 'monotonic_cst': None, 'n_estimators': 150, 'n_jobs': None, 'oob_score': False, 'random_state': 42, 'verbose': 0, 'warm_start': False}",2.2270569801330566
Coffee,10,20,1,2,LinearSVC,Time_Warping,1,"{'sigma': 0.2, 'knot': 4}",0.6483333333333333,0.6283526121222042,"{'C': np.float64(1000.0), 'class_weight': 'balanced', 'dual': False, 'fit_intercept': True, 'intercept_scaling': 1, 'loss': 'squared_hinge', 'max_iter': 100, 'multi_class': 'ovr', 'penalty': 'l2', 'random_state': 42, 'tol': 0.001, 'verbose': 0}",0.021385669708251953
Coffee,10,20,1,2,LogisticRegression,Time_Warping,1,"{'sigma': 0.2, 'knot': 4}",0.6483333333333333,0.6268900973419811,"{'C': np.float64(1000.0), 'class_weight': 'balanced', 'dual': False, 'fit_intercept': True, 'intercept_scaling': 1, 'l1_ratio': None, 'max_iter': 100, 'multi_class': 'deprecated', 'n_jobs': None, 'penalty': 'l2', 'random_state': 42, 'solver': 'sag', 'tol': 0.0001, 'verbose': 0, 'warm_start': False}",0.07565569877624512
Coffee,10,20,1,2,KNN,Time_Warping,2,"{'sigma': 0.2, 'knot': 3}",0.9066666666666666,0.9097384846826315,"{'algorithm': 'auto', 'leaf_size': 30, 'metric': 'euclidean', 'metric_params': None, 'n_jobs': None, 'n_neighbors': np.int64(9), 'p': 2, 'weights': 'distance'}",0.020502567291259766
Coffee,10,20,1,2,RandomForest,Time_Warping,2,"{'sigma': 0.2, 'knot': 3}",0.8516666666666667,0.8505249400467441,"{'bootstrap': True, 'ccp_alpha': 0.0, 'class_weight': 'balanced', 'criterion': 'gini', 'max_depth': 30, 'max_features': 'sqrt', 'max_leaf_nodes': None, 'max_samples': None, 'min_impurity_decrease': 0.0, 'min_samples_leaf': 1, 'min_samples_split': 2, 'min_weight_fraction_leaf': 0.0, 'monotonic_cst': None, 'n_estimators': 150, 'n_jobs': None, 'oob_score': False, 'random_state': 42, 'verbose': 0, 'warm_start': False}",2.0069289207458496
Coffee,10,20,1,2,LinearSVC,Time_Warping,2,"{'sigma': 0.2, 'knot': 3}",0.6466666666666666,0.6251461988304093,"{'C': np.float64(0.4832930238571752), 'class_weight': 'balanced', 'dual': False, 'fit_intercept': True, 'intercept_scaling': 1, 'loss': 'squared_hinge', 'max_iter': 100, 'multi_class': 'ovr', 'penalty': 'l2', 'random_state': 42, 'tol': 0.0001, 'verbose': 0}",0.026731252670288086
Coffee,10,20,1,2,LogisticRegression,Time_Warping,2,"{'sigma': 0.2, 'knot': 3}",0.6466666666666666,0.6237019285632773,"{'C': np.float64(1000.0), 'class_weight': 'balanced', 'dual': False, 'fit_intercept': True, 'intercept_scaling': 1, 'l1_ratio': None, 'max_iter': 100, 'multi_class': 'deprecated', 'n_jobs': None, 'penalty': 'l2', 'random_state': 42, 'solver': 'sag', 'tol': 0.0001, 'verbose': 0, 'warm_start': False}",0.0732414722442627
Coffee,10,20,1,2,KNN,Time_Warping,3,"{'sigma': 0.5, 'knot': 4}",0.91,0.912768651274943,"{'algorithm': 'auto', 'leaf_size': 30, 'metric': 'euclidean', 'metric_params': None, 'n_jobs': None, 'n_neighbors': np.int64(9), 'p': 2, 'weights': 'distance'}",0.020338058471679688
Coffee,10,20,1,2,RandomForest,Time_Warping,3,"{'sigma': 0.5, 'knot': 4}",0.8616666666666667,0.8646180220944564,"{'bootstrap': True, 'ccp_alpha': 0.0, 'class_weight': None, 'criterion': 'gini', 'max_depth': 20, 'max_features': 'sqrt', 'max_leaf_nodes': None, 'max_samples': None, 'min_impurity_decrease': 0.0, 'min_samples_leaf': 1, 'min_samples_split': 2, 'min_weight_fraction_leaf': 0.0, 'monotonic_cst': None, 'n_estimators': 100, 'n_jobs': None, 'oob_score': False, 'random_state': 42, 'verbose': 0, 'warm_start': False}",1.3460922241210938
Coffee,10,20,1,2,LinearSVC,Time_Warping,3,"{'sigma': 0.5, 'knot': 4}",0.6433333333333333,0.6321430986677486,"{'C': np.float64(0.4832930238571752), 'class_weight': 'balanced', 'dual': False, 'fit_intercept': True, 'intercept_scaling': 1, 'loss': 'squared_hinge', 'max_iter': 100, 'multi_class': 'ovr', 'penalty': 'l2', 'random_state': 42, 'tol': 0.0001, 'verbose': 0}",0.019720077514648438
Coffee,10,20,1,2,LogisticRegression,Time_Warping,3,"{'sigma': 0.5, 'knot': 4}",0.6433333333333333,0.626717679393895,"{'C': np.float64(33.59818286283781), 'class_weight': None, 'dual': False, 'fit_intercept': True, 'intercept_scaling': 1, 'l1_ratio': None, 'max_iter': 100, 'multi_class': 'deprecated', 'n_jobs': None, 'penalty': 'l2', 'random_state': 42, 'solver': 'saga', 'tol': 0.0001, 'verbose': 0, 'warm_start': False}",0.0462336540222168
Coffee,10,20,1,2,KNN,Time_Warping,4,"{'sigma': 0.05, 'knot': 8}",0.9233333333333333,0.9249962647542208,"{'algorithm': 'auto', 'leaf_size': 30, 'metric': 'euclidean', 'metric_params': None, 'n_jobs': None, 'n_neighbors': np.int64(9), 'p': 2, 'weights': 'distance'}",0.016643524169921875
Coffee,10,20,1,2,RandomForest,Time_Warping,4,"{'sigma': 0.05, 'knot': 8}",0.8666666666666667,0.8679686928534855,"{'bootstrap': True, 'ccp_alpha': 0.0, 'class_weight': 'balanced', 'criterion': 'gini', 'max_depth': None, 'max_features': 'sqrt', 'max_leaf_nodes': None, 'max_samples': None, 'min_impurity_decrease': 0.0, 'min_samples_leaf': 1, 'min_samples_split': 2, 'min_weight_fraction_leaf': 0.0, 'monotonic_cst': None, 'n_estimators': 50, 'n_jobs': None, 'oob_score': False, 'random_state': 42, 'verbose': 0, 'warm_start': False}",0.7331278324127197
Coffee,10,20,1,2,LinearSVC,Time_Warping,4,"{'sigma': 0.05, 'knot': 8}",0.7833333333333333,0.7859500347721025,"{'C': np.float64(183.29807108324337), 'class_weight': 'balanced', 'dual': False, 'fit_intercept': True, 'intercept_scaling': 1, 'loss': 'squared_hinge', 'max_iter': 100, 'multi_class': 'ovr', 'penalty': 'l1', 'random_state': 42, 'tol': 0.0001, 'verbose': 0}",0.07392668724060059
Coffee,10,20,1,2,LogisticRegression,Time_Warping,4,"{'sigma': 0.05, 'knot': 8}",0.6933333333333334,0.7068969293634438,"{'C': np.float64(1000.0), 'class_weight': 'balanced', 'dual': False, 'fit_intercept': True, 'intercept_scaling': 1, 'l1_ratio': None, 'max_iter': 100, 'multi_class': 'deprecated', 'n_jobs': None, 'penalty': 'l2', 'random_state': 42, 'solver': 'sag', 'tol': 0.0001, 'verbose': 0, 'warm_start': False}",0.07291841506958008
Coffee,10,20,1,2,KNN,Time_Warping,5,"{'sigma': 0.1, 'knot': 4}",0.9083333333333333,0.9114635523039843,"{'algorithm': 'auto', 'leaf_size': 30, 'metric': 'euclidean', 'metric_params': None, 'n_jobs': None, 'n_neighbors': np.int64(9), 'p': 2, 'weights': 'distance'}",0.021747589111328125
Coffee,10,20,1,2,RandomForest,Time_Warping,5,"{'sigma': 0.1, 'knot': 4}",0.8583333333333333,0.8591262947950846,"{'bootstrap': True, 'ccp_alpha': 0.0, 'class_weight': 'balanced', 'criterion': 'gini', 'max_depth': 10, 'max_features': 'sqrt', 'max_leaf_nodes': None, 'max_samples': None, 'min_impurity_decrease': 0.0, 'min_samples_leaf': 1, 'min_samples_split': 2, 'min_weight_fraction_leaf': 0.0, 'monotonic_cst': None, 'n_estimators': 100, 'n_jobs': None, 'oob_score': False, 'random_state': 42, 'verbose': 0, 'warm_start': False}",1.471951961517334
Coffee,10,20,1,2,LinearSVC,Time_Warping,5,"{'sigma': 0.1, 'knot': 4}",0.6466666666666666,0.6242218906709768,"{'C': np.float64(2.6366508987303554), 'class_weight': 'balanced', 'dual': False, 'fit_intercept': True, 'intercept_scaling': 1, 'loss': 'squared_hinge', 'max_iter': 100, 'multi_class': 'ovr', 'penalty': 'l1', 'random_state': 42, 'tol': 0.0001, 'verbose': 0}",0.0679926872253418
Coffee,10,20,1,2,LogisticRegression,Time_Warping,5,"{'sigma': 0.1, 'knot': 4}",0.6483333333333333,0.6254502174624901,"{'C': np.float64(1000.0), 'class_weight': 'balanced', 'dual': False, 'fit_intercept': True, 'intercept_scaling': 1, 'l1_ratio': None, 'max_iter': 100, 'multi_class': 'deprecated', 'n_jobs': None, 'penalty': 'l2', 'random_state': 42, 'solver': 'sag', 'tol': 0.0001, 'verbose': 0, 'warm_start': False}",0.07605385780334473
Coffee,10,20,1,2,KNN,Time_Warping,6,"{'sigma': 0.3, 'knot': 6}",0.9133333333333333,0.9162149329428743,"{'algorithm': 'auto', 'leaf_size': 30, 'metric': 'euclidean', 'metric_params': None, 'n_jobs': None, 'n_neighbors': np.int64(9), 'p': 2, 'weights': 'distance'}",0.02422022819519043
Coffee,10,20,1,2,RandomForest,Time_Warping,6,"{'sigma': 0.3, 'knot': 6}",0.8483333333333334,0.8508203951924359,"{'bootstrap': True, 'ccp_alpha': 0.0, 'class_weight': None, 'criterion': 'gini', 'max_depth': 20, 'max_features': 'sqrt', 'max_leaf_nodes': None, 'max_samples': None, 'min_impurity_decrease': 0.0, 'min_samples_leaf': 1, 'min_samples_split': 2, 'min_weight_fraction_leaf': 0.0, 'monotonic_cst': None, 'n_estimators': 100, 'n_jobs': None, 'oob_score': False, 'random_state': 42, 'verbose': 0, 'warm_start': False}",1.5625274181365967
Coffee,10,20,1,2,LinearSVC,Time_Warping,6,"{'sigma': 0.3, 'knot': 6}",0.6416666666666667,0.6224064169789294,"{'C': np.float64(1000.0), 'class_weight': 'balanced', 'dual': False, 'fit_intercept': True, 'intercept_scaling': 1, 'loss': 'squared_hinge', 'max_iter': 100, 'multi_class': 'ovr', 'penalty': 'l2', 'random_state': 42, 'tol': 0.001, 'verbose': 0}",0.026738405227661133
Coffee,10,20,1,2,LogisticRegression,Time_Warping,6,"{'sigma': 0.3, 'knot': 6}",0.645,0.6251575532040933,"{'C': np.float64(1000.0), 'class_weight': 'balanced', 'dual': False, 'fit_intercept': True, 'intercept_scaling': 1, 'l1_ratio': None, 'max_iter': 100, 'multi_class': 'deprecated', 'n_jobs': None, 'penalty': 'l2', 'random_state': 42, 'solver': 'sag', 'tol': 0.0001, 'verbose': 0, 'warm_start': False}",0.06573367118835449
Coffee,10,20,1,2,KNN,Time_Warping,7,"{'sigma': 0.05, 'knot': 6}",0.9266666666666666,0.9284045785055202,"{'algorithm': 'auto', 'leaf_size': 30, 'metric': 'euclidean', 'metric_params': None, 'n_jobs': None, 'n_neighbors': np.int64(9), 'p': 2, 'weights': 'distance'}",0.021689891815185547
Coffee,10,20,1,2,RandomForest,Time_Warping,7,"{'sigma': 0.05, 'knot': 6}",0.8866666666666667,0.890285957930479,"{'bootstrap': True, 'ccp_alpha': 0.0, 'class_weight': 'balanced', 'criterion': 'gini', 'max_depth': None, 'max_features': 'sqrt', 'max_leaf_nodes': None, 'max_samples': None, 'min_impurity_decrease': 0.0, 'min_samples_leaf': 1, 'min_samples_split': 2, 'min_weight_fraction_leaf': 0.0, 'monotonic_cst': None, 'n_estimators': 50, 'n_jobs': None, 'oob_score': False, 'random_state': 42, 'verbose': 0, 'warm_start': False}",0.6639153957366943
Coffee,10,20,1,2,LinearSVC,Time_Warping,7,"{'sigma': 0.05, 'knot': 6}",0.8166666666666667,0.8224054625451295,"{'C': np.float64(1000.0), 'class_weight': 'balanced', 'dual': False, 'fit_intercept': True, 'intercept_scaling': 1, 'loss': 'squared_hinge', 'max_iter': 100, 'multi_class': 'ovr', 'penalty': 'l2', 'random_state': 42, 'tol': 0.001, 'verbose': 0}",0.03219103813171387
Coffee,10,20,1,2,LogisticRegression,Time_Warping,7,"{'sigma': 0.05, 'knot': 6}",0.7466666666666667,0.7608399856049599,"{'C': np.float64(1000.0), 'class_weight': 'balanced', 'dual': False, 'fit_intercept': True, 'intercept_scaling': 1, 'l1_ratio': None, 'max_iter': 100, 'multi_class': 'deprecated', 'n_jobs': None, 'penalty': 'l2', 'random_state': 42, 'solver': 'sag', 'tol': 0.0001, 'verbose': 0, 'warm_start': False}",0.08140349388122559
Coffee,10,20,1,2,KNN,Time_Warping,8,"{'sigma': 0.3, 'knot': 6}",0.91,0.9129854454258793,"{'algorithm': 'auto', 'leaf_size': 30, 'metric': 'euclidean', 'metric_params': None, 'n_jobs': None, 'n_neighbors': np.int64(9), 'p': 2, 'weights': 'distance'}",0.01993703842163086
Coffee,10,20,1,2,RandomForest,Time_Warping,8,"{'sigma': 0.3, 'knot': 6}",0.875,0.8775455224153897,"{'bootstrap': True, 'ccp_alpha': 0.0, 'class_weight': 'balanced', 'criterion': 'gini', 'max_depth': None, 'max_features': 'sqrt', 'max_leaf_nodes': None, 'max_samples': None, 'min_impurity_decrease': 0.0, 'min_samples_leaf': 1, 'min_samples_split': 2, 'min_weight_fraction_leaf': 0.0, 'monotonic_cst': None, 'n_estimators': 50, 'n_jobs': None, 'oob_score': False, 'random_state': 42, 'verbose': 0, 'warm_start': False}",0.663809061050415
Coffee,10,20,1,2,LinearSVC,Time_Warping,8,"{'sigma': 0.3, 'knot': 6}",0.6466666666666666,0.6326891203052193,"{'C': np.float64(1000.0), 'class_weight': 'balanced', 'dual': False, 'fit_intercept': True, 'intercept_scaling': 1, 'loss': 'squared_hinge', 'max_iter': 100, 'multi_class': 'ovr', 'penalty': 'l2', 'random_state': 42, 'tol': 0.001, 'verbose': 0}",0.021097898483276367
Coffee,10,20,1,2,LogisticRegression,Time_Warping,8,"{'sigma': 0.3, 'knot': 6}",0.645,0.6264799167745045,"{'C': np.float64(183.29807108324337), 'class_weight': 'balanced', 'dual': False, 'fit_intercept': True, 'intercept_scaling': 1, 'l1_ratio': None, 'max_iter': 100, 'multi_class': 'deprecated', 'n_jobs': None, 'penalty': 'l1', 'random_state': 42, 'solver': 'saga', 'tol': 0.0001, 'verbose': 0, 'warm_start': False}",0.05629539489746094
Coffee,10,20,1,2,KNN,Time_Warping,9,"{'sigma': 0.1, 'knot': 6}",0.9216666666666666,0.923457665639242,"{'algorithm': 'auto', 'leaf_size': 30, 'metric': 'euclidean', 'metric_params': None, 'n_jobs': None, 'n_neighbors': np.int64(9), 'p': 2, 'weights': 'distance'}",0.02190113067626953
Coffee,10,20,1,2,RandomForest,Time_Warping,9,"{'sigma': 0.1, 'knot': 6}",0.8583333333333333,0.8591262947950846,"{'bootstrap': True, 'ccp_alpha': 0.0, 'class_weight': 'balanced', 'criterion': 'gini', 'max_depth': 10, 'max_features': 'sqrt', 'max_leaf_nodes': None, 'max_samples': None, 'min_impurity_decrease': 0.0, 'min_samples_leaf': 1, 'min_samples_split': 2, 'min_weight_fraction_leaf': 0.0, 'monotonic_cst': None, 'n_estimators': 100, 'n_jobs': None, 'oob_score': False, 'random_state': 42, 'verbose': 0, 'warm_start': False}",1.3954198360443115
Coffee,10,20,1,2,LinearSVC,Time_Warping,9,"{'sigma': 0.1, 'knot': 6}",0.7333333333333333,0.7408689769035888,"{'C': np.float64(183.29807108324337), 'class_weight': 'balanced', 'dual': False, 'fit_intercept': True, 'intercept_scaling': 1, 'loss': 'squared_hinge', 'max_iter': 100, 'multi_class': 'ovr', 'penalty': 'l1', 'random_state': 42, 'tol': 0.0001, 'verbose': 0}",0.0646982192993164
Coffee,10,20,1,2,LogisticRegression,Time_Warping,9,"{'sigma': 0.1, 'knot': 6}",0.7466666666666667,0.7562470982488185,"{'C': np.float64(1000.0), 'class_weight': 'balanced', 'dual': False, 'fit_intercept': True, 'intercept_scaling': 1, 'l1_ratio': None, 'max_iter': 100, 'multi_class': 'deprecated', 'n_jobs': None, 'penalty': 'l2', 'random_state': 42, 'solver': 'sag', 'tol': 0.0001, 'verbose': 0, 'warm_start': False}",0.06566643714904785
Coffee,10,20,1,2,KNN,Time_Warping,10,"{'sigma': 0.1, 'knot': 8}",0.91,0.912768651274943,"{'algorithm': 'auto', 'leaf_size': 30, 'metric': 'euclidean', 'metric_params': None, 'n_jobs': None, 'n_neighbors': np.int64(9), 'p': 2, 'weights': 'distance'}",0.02015089988708496
Coffee,10,20,1,2,RandomForest,Time_Warping,10,"{'sigma': 0.1, 'knot': 8}",0.8833333333333333,0.885365096301094,"{'bootstrap': True, 'ccp_alpha': 0.0, 'class_weight': 'balanced', 'criterion': 'gini', 'max_depth': 20, 'max_features': 'sqrt', 'max_leaf_nodes': None, 'max_samples': None, 'min_impurity_decrease': 0.0, 'min_samples_leaf': 1, 'min_samples_split': 2, 'min_weight_fraction_leaf': 0.0, 'monotonic_cst': None, 'n_estimators': 50, 'n_jobs': None, 'oob_score': False, 'random_state': 42, 'verbose': 0, 'warm_start': False}",0.6778955459594727
Coffee,10,20,1,2,LinearSVC,Time_Warping,10,"{'sigma': 0.1, 'knot': 8}",0.6783333333333333,0.6575763335456523,"{'C': np.float64(1000.0), 'class_weight': 'balanced', 'dual': False, 'fit_intercept': True, 'intercept_scaling': 1, 'loss': 'squared_hinge', 'max_iter': 100, 'multi_class': 'ovr', 'penalty': 'l2', 'random_state': 42, 'tol': 0.001, 'verbose': 0}",0.022436141967773438
Coffee,10,20,1,2,LogisticRegression,Time_Warping,10,"{'sigma': 0.1, 'knot': 8}",0.7033333333333334,0.7051177731800387,"{'C': np.float64(1000.0), 'class_weight': 'balanced', 'dual': False, 'fit_intercept': True, 'intercept_scaling': 1, 'l1_ratio': None, 'max_iter': 100, 'multi_class': 'deprecated', 'n_jobs': None, 'penalty': 'l2', 'random_state': 42, 'solver': 'sag', 'tol': 0.0001, 'verbose': 0, 'warm_start': False}",0.08162927627563477
Coffee,10,20,1,3,KNN,Time_Warping,1,"{'sigma': 0.2, 'knot': 4}",0.8716666666666667,0.8764732054170611,"{'algorithm': 'auto', 'leaf_size': 30, 'metric': 'minkowski', 'metric_params': None, 'n_jobs': None, 'n_neighbors': np.int64(13), 'p': 4, 'weights': 'distance'}",0.1099240779876709
Coffee,10,20,1,3,RandomForest,Time_Warping,1,"{'sigma': 0.2, 'knot': 4}",0.8583333333333333,0.856442262439567,"{'bootstrap': True, 'ccp_alpha': 0.0, 'class_weight': 'balanced', 'criterion': 'gini', 'max_depth': 30, 'max_features': 'sqrt', 'max_leaf_nodes': None, 'max_samples': None, 'min_impurity_decrease': 0.0, 'min_samples_leaf': 1, 'min_samples_split': 2, 'min_weight_fraction_leaf': 0.0, 'monotonic_cst': None, 'n_estimators': 150, 'n_jobs': None, 'oob_score': False, 'random_state': 42, 'verbose': 0, 'warm_start': False}",3.5126779079437256
Coffee,10,20,1,3,LinearSVC,Time_Warping,1,"{'sigma': 0.2, 'knot': 4}",0.6433333333333333,0.6237874779541447,"{'C': np.float64(2.6366508987303554), 'class_weight': 'balanced', 'dual': False, 'fit_intercept': True, 'intercept_scaling': 1, 'loss': 'squared_hinge', 'max_iter': 100, 'multi_class': 'ovr', 'penalty': 'l1', 'random_state': 42, 'tol': 0.0001, 'verbose': 0}",0.06335234642028809
Coffee,10,20,1,3,LogisticRegression,Time_Warping,1,"{'sigma': 0.2, 'knot': 4}",0.6366666666666667,0.6168813500582258,"{'C': np.float64(33.59818286283781), 'class_weight': None, 'dual': False, 'fit_intercept': True, 'intercept_scaling': 1, 'l1_ratio': None, 'max_iter': 100, 'multi_class': 'deprecated', 'n_jobs': None, 'penalty': 'l2', 'random_state': 42, 'solver': 'saga', 'tol': 0.0001, 'verbose': 0, 'warm_start': False}",0.06283211708068848
Coffee,10,20,1,3,KNN,Time_Warping,2,"{'sigma': 0.2, 'knot': 3}",0.92,0.9219221205348737,"{'algorithm': 'auto', 'leaf_size': 30, 'metric': 'euclidean', 'metric_params': None, 'n_jobs': None, 'n_neighbors': np.int64(9), 'p': 2, 'weights': 'distance'}",0.0338740348815918
Coffee,10,20,1,3,RandomForest,Time_Warping,2,"{'sigma': 0.2, 'knot': 3}",0.8733333333333333,0.8698913623970543,"{'bootstrap': True, 'ccp_alpha': 0.0, 'class_weight': 'balanced', 'criterion': 'gini', 'max_depth': None, 'max_features': 'sqrt', 'max_leaf_nodes': None, 'max_samples': None, 'min_impurity_decrease': 0.0, 'min_samples_leaf': 1, 'min_samples_split': 2, 'min_weight_fraction_leaf': 0.0, 'monotonic_cst': None, 'n_estimators': 50, 'n_jobs': None, 'oob_score': False, 'random_state': 42, 'verbose': 0, 'warm_start': False}",1.1723675727844238
Coffee,10,20,1,3,LinearSVC,Time_Warping,2,"{'sigma': 0.2, 'knot': 3}",0.65,0.634400357804613,"{'C': np.float64(33.59818286283781), 'class_weight': 'balanced', 'dual': False, 'fit_intercept': True, 'intercept_scaling': 1, 'loss': 'squared_hinge', 'max_iter': 100, 'multi_class': 'ovr', 'penalty': 'l1', 'random_state': 42, 'tol': 0.001, 'verbose': 0}",0.05615353584289551
Coffee,10,20,1,3,LogisticRegression,Time_Warping,2,"{'sigma': 0.2, 'knot': 3}",0.6466666666666666,0.6265334605109403,"{'C': np.float64(2.6366508987303554), 'class_weight': 'balanced', 'dual': False, 'fit_intercept': True, 'intercept_scaling': 1, 'l1_ratio': None, 'max_iter': 100, 'multi_class': 'deprecated', 'n_jobs': None, 'penalty': 'l1', 'random_state': 42, 'solver': 'saga', 'tol': 0.0001, 'verbose': 0, 'warm_start': False}",0.4547545909881592
Coffee,10,20,1,3,KNN,Time_Warping,3,"{'sigma': 0.5, 'knot': 4}",0.9083333333333333,0.9112523407703906,"{'algorithm': 'auto', 'leaf_size': 30, 'metric': 'euclidean', 'metric_params': None, 'n_jobs': None, 'n_neighbors': np.int64(9), 'p': 2, 'weights': 'distance'}",0.033563852310180664
Coffee,10,20,1,3,RandomForest,Time_Warping,3,"{'sigma': 0.5, 'knot': 4}",0.8216666666666667,0.825393258744371,"{'bootstrap': True, 'ccp_alpha': 0.0, 'class_weight': 'balanced', 'criterion': 'gini', 'max_depth': None, 'max_features': 'sqrt', 'max_leaf_nodes': None, 'max_samples': None, 'min_impurity_decrease': 0.0, 'min_samples_leaf': 1, 'min_samples_split': 2, 'min_weight_fraction_leaf': 0.0, 'monotonic_cst': None, 'n_estimators': 50, 'n_jobs': None, 'oob_score': False, 'random_state': 42, 'verbose': 0, 'warm_start': False}",1.1982555389404297
Coffee,10,20,1,3,LinearSVC,Time_Warping,3,"{'sigma': 0.5, 'knot': 4}",0.6416666666666667,0.6224128805004401,"{'C': np.float64(2.6366508987303554), 'class_weight': 'balanced', 'dual': False, 'fit_intercept': True, 'intercept_scaling': 1, 'loss': 'squared_hinge', 'max_iter': 100, 'multi_class': 'ovr', 'penalty': 'l1', 'random_state': 42, 'tol': 0.0001, 'verbose': 0}",0.05118584632873535
Coffee,10,20,1,3,LogisticRegression,Time_Warping,3,"{'sigma': 0.5, 'knot': 4}",0.6166666666666667,0.5944624122997998,"{'C': np.float64(0.002976351441631319), 'class_weight': None, 'dual': False, 'fit_intercept': True, 'intercept_scaling': 1, 'l1_ratio': None, 'max_iter': 100, 'multi_class': 'deprecated', 'n_jobs': None, 'penalty': 'l2', 'random_state': 42, 'solver': 'saga', 'tol': 0.0001, 'verbose': 0, 'warm_start': False}",0.05978250503540039
Coffee,10,20,1,3,KNN,Time_Warping,4,"{'sigma': 0.05, 'knot': 8}",0.9333333333333333,0.9344275168453904,"{'algorithm': 'auto', 'leaf_size': 30, 'metric': 'euclidean', 'metric_params': None, 'n_jobs': None, 'n_neighbors': np.int64(9), 'p': 2, 'weights': 'distance'}",0.027137279510498047
Coffee,10,20,1,3,RandomForest,Time_Warping,4,"{'sigma': 0.05, 'knot': 8}",0.8866666666666667,0.890162829134267,"{'bootstrap': True, 'ccp_alpha': 0.0, 'class_weight': 'balanced', 'criterion': 'gini', 'max_depth': None, 'max_features': 'sqrt', 'max_leaf_nodes': None, 'max_samples': None, 'min_impurity_decrease': 0.0, 'min_samples_leaf': 1, 'min_samples_split': 2, 'min_weight_fraction_leaf': 0.0, 'monotonic_cst': None, 'n_estimators': 50, 'n_jobs': None, 'oob_score': False, 'random_state': 42, 'verbose': 0, 'warm_start': False}",1.0240488052368164
Coffee,10,20,1,3,LinearSVC,Time_Warping,4,"{'sigma': 0.05, 'knot': 8}",0.75,0.7339737712009855,"{'C': np.float64(0.4832930238571752), 'class_weight': 'balanced', 'dual': False, 'fit_intercept': True, 'intercept_scaling': 1, 'loss': 'squared_hinge', 'max_iter': 100, 'multi_class': 'ovr', 'penalty': 'l2', 'random_state': 42, 'tol': 0.0001, 'verbose': 0}",0.041913747787475586
Coffee,10,20,1,3,LogisticRegression,Time_Warping,4,"{'sigma': 0.05, 'knot': 8}",0.7866666666666666,0.7963981125286419,"{'C': np.float64(33.59818286283781), 'class_weight': None, 'dual': False, 'fit_intercept': True, 'intercept_scaling': 1, 'l1_ratio': None, 'max_iter': 100, 'multi_class': 'deprecated', 'n_jobs': None, 'penalty': 'l2', 'random_state': 42, 'solver': 'saga', 'tol': 0.0001, 'verbose': 0, 'warm_start': False}",0.10620856285095215
Coffee,10,20,1,3,KNN,Time_Warping,5,"{'sigma': 0.1, 'knot': 4}",0.8983333333333333,0.9024428623021601,"{'algorithm': 'auto', 'leaf_size': 30, 'metric': 'euclidean', 'metric_params': None, 'n_jobs': None, 'n_neighbors': np.int64(9), 'p': 2, 'weights': 'distance'}",0.02675628662109375
Coffee,10,20,1,3,RandomForest,Time_Warping,5,"{'sigma': 0.1, 'knot': 4}",0.8683333333333333,0.8724478506334568,"{'bootstrap': True, 'ccp_alpha': 0.0, 'class_weight': 'balanced', 'criterion': 'gini', 'max_depth': None, 'max_features': 'sqrt', 'max_leaf_nodes': None, 'max_samples': None, 'min_impurity_decrease': 0.0, 'min_samples_leaf': 2, 'min_samples_split': 2, 'min_weight_fraction_leaf': 0.0, 'monotonic_cst': None, 'n_estimators': 150, 'n_jobs': None, 'oob_score': False, 'random_state': 42, 'verbose': 0, 'warm_start': False}",3.2892556190490723
Coffee,10,20,1,3,LinearSVC,Time_Warping,5,"{'sigma': 0.1, 'knot': 4}",0.6483333333333333,0.6270956646063474,"{'C': np.float64(2.6366508987303554), 'class_weight': 'balanced', 'dual': False, 'fit_intercept': True, 'intercept_scaling': 1, 'loss': 'squared_hinge', 'max_iter': 100, 'multi_class': 'ovr', 'penalty': 'l1', 'random_state': 42, 'tol': 0.0001, 'verbose': 0}",0.08775138854980469
Coffee,10,20,1,3,LogisticRegression,Time_Warping,5,"{'sigma': 0.1, 'knot': 4}",0.645,0.6242622748918504,"{'C': np.float64(2.6366508987303554), 'class_weight': 'balanced', 'dual': False, 'fit_intercept': True, 'intercept_scaling': 1, 'l1_ratio': None, 'max_iter': 100, 'multi_class': 'deprecated', 'n_jobs': None, 'penalty': 'l1', 'random_state': 42, 'solver': 'saga', 'tol': 0.0001, 'verbose': 0, 'warm_start': False}",0.4683980941772461
Coffee,10,20,1,3,KNN,Time_Warping,6,"{'sigma': 0.3, 'knot': 6}",0.875,0.8805328122982625,"{'algorithm': 'auto', 'leaf_size': 30, 'metric': 'minkowski', 'metric_params': None, 'n_jobs': None, 'n_neighbors': np.int64(13), 'p': 4, 'weights': 'distance'}",0.13146018981933594
Coffee,10,20,1,3,RandomForest,Time_Warping,6,"{'sigma': 0.3, 'knot': 6}",0.8483333333333334,0.8481498142842819,"{'bootstrap': True, 'ccp_alpha': 0.0, 'class_weight': 'balanced', 'criterion': 'gini', 'max_depth': 30, 'max_features': 'sqrt', 'max_leaf_nodes': None, 'max_samples': None, 'min_impurity_decrease': 0.0, 'min_samples_leaf': 1, 'min_samples_split': 2, 'min_weight_fraction_leaf': 0.0, 'monotonic_cst': None, 'n_estimators': 150, 'n_jobs': None, 'oob_score': False, 'random_state': 42, 'verbose': 0, 'warm_start': False}",3.46791934967041
Coffee,10,20,1,3,LinearSVC,Time_Warping,6,"{'sigma': 0.3, 'knot': 6}",0.6483333333333333,0.6317857820419005,"{'C': np.float64(1000.0), 'class_weight': 'balanced', 'dual': False, 'fit_intercept': True, 'intercept_scaling': 1, 'loss': 'squared_hinge', 'max_iter': 100, 'multi_class': 'ovr', 'penalty': 'l2', 'random_state': 42, 'tol': 0.001, 'verbose': 0}",0.030771493911743164
Coffee,10,20,1,3,LogisticRegression,Time_Warping,6,"{'sigma': 0.3, 'knot': 6}",0.6383333333333333,0.6196201205574816,"{'C': np.float64(33.59818286283781), 'class_weight': None, 'dual': False, 'fit_intercept': True, 'intercept_scaling': 1, 'l1_ratio': None, 'max_iter': 100, 'multi_class': 'deprecated', 'n_jobs': None, 'penalty': 'l2', 'random_state': 42, 'solver': 'saga', 'tol': 0.0001, 'verbose': 0, 'warm_start': False}",0.05843520164489746
Coffee,10,20,1,3,KNN,Time_Warping,7,"{'sigma': 0.05, 'knot': 6}",0.935,0.9359838698546935,"{'algorithm': 'auto', 'leaf_size': 30, 'metric': 'euclidean', 'metric_params': None, 'n_jobs': None, 'n_neighbors': np.int64(9), 'p': 2, 'weights': 'distance'}",0.027293682098388672
Coffee,10,20,1,3,RandomForest,Time_Warping,7,"{'sigma': 0.05, 'knot': 6}",0.8833333333333333,0.8878761733300071,"{'bootstrap': True, 'ccp_alpha': 0.0, 'class_weight': 'balanced', 'criterion': 'gini', 'max_depth': None, 'max_features': 'sqrt', 'max_leaf_nodes': None, 'max_samples': None, 'min_impurity_decrease': 0.0, 'min_samples_leaf': 1, 'min_samples_split': 2, 'min_weight_fraction_leaf': 0.0, 'monotonic_cst': None, 'n_estimators': 50, 'n_jobs': None, 'oob_score': False, 'random_state': 42, 'verbose': 0, 'warm_start': False}",1.0848069190979004
Coffee,10,20,1,3,LinearSVC,Time_Warping,7,"{'sigma': 0.05, 'knot': 6}",0.72,0.7075174825174826,"{'C': np.float64(2.6366508987303554), 'class_weight': 'balanced', 'dual': False, 'fit_intercept': True, 'intercept_scaling': 1, 'loss': 'squared_hinge', 'max_iter': 100, 'multi_class': 'ovr', 'penalty': 'l1', 'random_state': 42, 'tol': 0.0001, 'verbose': 0}",0.09954977035522461
Coffee,10,20,1,3,LogisticRegression,Time_Warping,7,"{'sigma': 0.05, 'knot': 6}",0.6733333333333333,0.629051097856089,"{'C': np.float64(0.002976351441631319), 'class_weight': None, 'dual': False, 'fit_intercept': True, 'intercept_scaling': 1, 'l1_ratio': None, 'max_iter': 100, 'multi_class': 'deprecated', 'n_jobs': None, 'penalty': 'l2', 'random_state': 42, 'solver': 'saga', 'tol': 0.0001, 'verbose': 0, 'warm_start': False}",0.05744361877441406
Coffee,10,20,1,3,KNN,Time_Warping,8,"{'sigma': 0.3, 'knot': 6}",0.885,0.8899895736549123,"{'algorithm': 'auto', 'leaf_size': 30, 'metric': 'minkowski', 'metric_params': None, 'n_jobs': None, 'n_neighbors': np.int64(13), 'p': 4, 'weights': 'distance'}",0.14382147789001465
Coffee,10,20,1,3,RandomForest,Time_Warping,8,"{'sigma': 0.3, 'knot': 6}",0.8683333333333333,0.8699072784096029,"{'bootstrap': True, 'ccp_alpha': 0.0, 'class_weight': 'balanced', 'criterion': 'gini', 'max_depth': None, 'max_features': 'sqrt', 'max_leaf_nodes': None, 'max_samples': None, 'min_impurity_decrease': 0.0, 'min_samples_leaf': 1, 'min_samples_split': 2, 'min_weight_fraction_leaf': 0.0, 'monotonic_cst': None, 'n_estimators': 50, 'n_jobs': None, 'oob_score': False, 'random_state': 42, 'verbose': 0, 'warm_start': False}",1.0745949745178223
Coffee,10,20,1,3,LinearSVC,Time_Warping,8,"{'sigma': 0.3, 'knot': 6}",0.6483333333333333,0.6352206210462767,"{'C': np.float64(2.6366508987303554), 'class_weight': 'balanced', 'dual': False, 'fit_intercept': True, 'intercept_scaling': 1, 'loss': 'squared_hinge', 'max_iter': 100, 'multi_class': 'ovr', 'penalty': 'l1', 'random_state': 42, 'tol': 0.0001, 'verbose': 0}",0.05836677551269531
Coffee,10,20,1,3,LogisticRegression,Time_Warping,8,"{'sigma': 0.3, 'knot': 6}",0.645,0.6251602499951244,"{'C': np.float64(0.4832930238571752), 'class_weight': 'balanced', 'dual': False, 'fit_intercept': True, 'intercept_scaling': 1, 'l1_ratio': None, 'max_iter': 100, 'multi_class': 'deprecated', 'n_jobs': None, 'penalty': 'l2', 'random_state': 42, 'solver': 'lbfgs', 'tol': 0.0001, 'verbose': 0, 'warm_start': False}",0.05919194221496582
Coffee,10,20,1,3,KNN,Time_Warping,9,"{'sigma': 0.1, 'knot': 6}",0.9233333333333333,0.9255321449042433,"{'algorithm': 'auto', 'leaf_size': 30, 'metric': 'euclidean', 'metric_params': None, 'n_jobs': None, 'n_neighbors': np.int64(9), 'p': 2, 'weights': 'distance'}",0.02590656280517578
Coffee,10,20,1,3,RandomForest,Time_Warping,9,"{'sigma': 0.1, 'knot': 6}",0.8616666666666667,0.8649039724590171,"{'bootstrap': True, 'ccp_alpha': 0.0, 'class_weight': 'balanced', 'criterion': 'gini', 'max_depth': None, 'max_features': 'sqrt', 'max_leaf_nodes': None, 'max_samples': None, 'min_impurity_decrease': 0.0, 'min_samples_leaf': 2, 'min_samples_split': 2, 'min_weight_fraction_leaf': 0.0, 'monotonic_cst': None, 'n_estimators': 150, 'n_jobs': None, 'oob_score': False, 'random_state': 42, 'verbose': 0, 'warm_start': False}",3.509342670440674
Coffee,10,20,1,3,LinearSVC,Time_Warping,9,"{'sigma': 0.1, 'knot': 6}",0.6633333333333333,0.6404761357287987,"{'C': np.float64(0.4832930238571752), 'class_weight': 'balanced', 'dual': False, 'fit_intercept': True, 'intercept_scaling': 1, 'loss': 'squared_hinge', 'max_iter': 100, 'multi_class': 'ovr', 'penalty': 'l2', 'random_state': 42, 'tol': 0.0001, 'verbose': 0}",0.043875694274902344
Coffee,10,20,1,3,LogisticRegression,Time_Warping,9,"{'sigma': 0.1, 'knot': 6}",0.6516666666666666,0.6300701566139524,"{'C': np.float64(2.6366508987303554), 'class_weight': 'balanced', 'dual': False, 'fit_intercept': True, 'intercept_scaling': 1, 'l1_ratio': None, 'max_iter': 100, 'multi_class': 'deprecated', 'n_jobs': None, 'penalty': 'l1', 'random_state': 42, 'solver': 'saga', 'tol': 0.0001, 'verbose': 0, 'warm_start': False}",0.4963691234588623
Coffee,10,20,1,3,KNN,Time_Warping,10,"{'sigma': 0.1, 'knot': 8}",0.9166666666666666,0.9186870423366675,"{'algorithm': 'auto', 'leaf_size': 30, 'metric': 'euclidean', 'metric_params': None, 'n_jobs': None, 'n_neighbors': np.int64(9), 'p': 2, 'weights': 'distance'}",0.025905847549438477
Coffee,10,20,1,3,RandomForest,Time_Warping,10,"{'sigma': 0.1, 'knot': 8}",0.86,0.8615384615384615,"{'bootstrap': True, 'ccp_alpha': 0.0, 'class_weight': 'balanced', 'criterion': 'gini', 'max_depth': None, 'max_features': 'sqrt', 'max_leaf_nodes': None, 'max_samples': None, 'min_impurity_decrease': 0.0, 'min_samples_leaf': 1, 'min_samples_split': 2, 'min_weight_fraction_leaf': 0.0, 'monotonic_cst': None, 'n_estimators': 50, 'n_jobs': None, 'oob_score': False, 'random_state': 42, 'verbose': 0, 'warm_start': False}",1.2160401344299316
Coffee,10,20,1,3,LinearSVC,Time_Warping,10,"{'sigma': 0.1, 'knot': 8}",0.66,0.6373270679683107,"{'C': np.float64(0.4832930238571752), 'class_weight': 'balanced', 'dual': False, 'fit_intercept': True, 'intercept_scaling': 1, 'loss': 'squared_hinge', 'max_iter': 100, 'multi_class': 'ovr', 'penalty': 'l2', 'random_state': 42, 'tol': 0.0001, 'verbose': 0}",0.05148887634277344
Coffee,10,20,1,3,LogisticRegression,Time_Warping,10,"{'sigma': 0.1, 'knot': 8}",0.645,0.6240450441001976,"{'C': np.float64(2.6366508987303554), 'class_weight': 'balanced', 'dual': False, 'fit_intercept': True, 'intercept_scaling': 1, 'l1_ratio': None, 'max_iter': 100, 'multi_class': 'deprecated', 'n_jobs': None, 'penalty': 'l1', 'random_state': 42, 'solver': 'saga', 'tol': 0.0001, 'verbose': 0, 'warm_start': False}",0.5063104629516602
Coffee,10,20,1,5,KNN,Time_Warping,1,"{'sigma': 0.2, 'knot': 4}",0.895,0.8992044270182465,"{'algorithm': 'auto', 'leaf_size': 30, 'metric': 'euclidean', 'metric_params': None, 'n_jobs': None, 'n_neighbors': np.int64(15), 'p': 2, 'weights': 'distance'}",0.06076359748840332
Coffee,10,20,1,5,RandomForest,Time_Warping,1,"{'sigma': 0.2, 'knot': 4}",0.8483333333333334,0.8495417120296468,"{'bootstrap': True, 'ccp_alpha': 0.0, 'class_weight': None, 'criterion': 'gini', 'max_depth': None, 'max_features': 'sqrt', 'max_leaf_nodes': None, 'max_samples': None, 'min_impurity_decrease': 0.0, 'min_samples_leaf': 4, 'min_samples_split': 2, 'min_weight_fraction_leaf': 0.0, 'monotonic_cst': None, 'n_estimators': 50, 'n_jobs': None, 'oob_score': False, 'random_state': 42, 'verbose': 0, 'warm_start': False}",1.8411271572113037
Coffee,10,20,1,5,LinearSVC,Time_Warping,1,"{'sigma': 0.2, 'knot': 4}",0.645,0.6251602499951244,"{'C': np.float64(1000.0), 'class_weight': 'balanced', 'dual': False, 'fit_intercept': True, 'intercept_scaling': 1, 'loss': 'squared_hinge', 'max_iter': 100, 'multi_class': 'ovr', 'penalty': 'l2', 'random_state': 42, 'tol': 0.001, 'verbose': 0}",0.04483675956726074
Coffee,10,20,1,5,LogisticRegression,Time_Warping,1,"{'sigma': 0.2, 'knot': 4}",0.645,0.55169268618562,"{'C': np.float64(0.000545559478116852), 'class_weight': None, 'dual': False, 'fit_intercept': True, 'intercept_scaling': 1, 'l1_ratio': None, 'max_iter': 100, 'multi_class': 'deprecated', 'n_jobs': None, 'penalty': 'l2', 'random_state': 42, 'solver': 'saga', 'tol': 0.0001, 'verbose': 0, 'warm_start': False}",0.1261293888092041
Coffee,10,20,1,5,KNN,Time_Warping,2,"{'sigma': 0.2, 'knot': 3}",0.8916666666666667,0.8957364723522191,"{'algorithm': 'auto', 'leaf_size': 30, 'metric': 'euclidean', 'metric_params': None, 'n_jobs': None, 'n_neighbors': np.int64(15), 'p': 2, 'weights': 'distance'}",0.05534863471984863
Coffee,10,20,1,5,RandomForest,Time_Warping,2,"{'sigma': 0.2, 'knot': 3}",0.8116666666666666,0.8087983384411559,"{'bootstrap': True, 'ccp_alpha': 0.0, 'class_weight': None, 'criterion': 'gini', 'max_depth': None, 'max_features': 'sqrt', 'max_leaf_nodes': None, 'max_samples': None, 'min_impurity_decrease': 0.0, 'min_samples_leaf': 4, 'min_samples_split': 2, 'min_weight_fraction_leaf': 0.0, 'monotonic_cst': None, 'n_estimators': 50, 'n_jobs': None, 'oob_score': False, 'random_state': 42, 'verbose': 0, 'warm_start': False}",2.075725793838501
Coffee,10,20,1,5,LinearSVC,Time_Warping,2,"{'sigma': 0.2, 'knot': 3}",0.6433333333333333,0.6237874779541447,"{'C': np.float64(1000.0), 'class_weight': 'balanced', 'dual': False, 'fit_intercept': True, 'intercept_scaling': 1, 'loss': 'squared_hinge', 'max_iter': 100, 'multi_class': 'ovr', 'penalty': 'l2', 'random_state': 42, 'tol': 0.001, 'verbose': 0}",0.04990100860595703
Coffee,10,20,1,5,LogisticRegression,Time_Warping,2,"{'sigma': 0.2, 'knot': 3}",0.6433333333333333,0.5506091524792457,"{'C': np.float64(0.000545559478116852), 'class_weight': None, 'dual': False, 'fit_intercept': True, 'intercept_scaling': 1, 'l1_ratio': None, 'max_iter': 100, 'multi_class': 'deprecated', 'n_jobs': None, 'penalty': 'l2', 'random_state': 42, 'solver': 'saga', 'tol': 0.0001, 'verbose': 0, 'warm_start': False}",0.09725570678710938
Coffee,10,20,1,5,KNN,Time_Warping,3,"{'sigma': 0.5, 'knot': 4}",0.875,0.8792066737557087,"{'algorithm': 'auto', 'leaf_size': 30, 'metric': 'euclidean', 'metric_params': None, 'n_jobs': None, 'n_neighbors': np.int64(15), 'p': 2, 'weights': 'distance'}",0.04634404182434082
Coffee,10,20,1,5,RandomForest,Time_Warping,3,"{'sigma': 0.5, 'knot': 4}",0.8416666666666667,0.8443766932139025,"{'bootstrap': True, 'ccp_alpha': 0.0, 'class_weight': None, 'criterion': 'gini', 'max_depth': None, 'max_features': 'sqrt', 'max_leaf_nodes': None, 'max_samples': None, 'min_impurity_decrease': 0.0, 'min_samples_leaf': 4, 'min_samples_split': 2, 'min_weight_fraction_leaf': 0.0, 'monotonic_cst': None, 'n_estimators': 50, 'n_jobs': None, 'oob_score': False, 'random_state': 42, 'verbose': 0, 'warm_start': False}",2.0886929035186768
Coffee,10,20,1,5,LinearSVC,Time_Warping,3,"{'sigma': 0.5, 'knot': 4}",0.6466666666666666,0.6278659611992945,"{'C': np.float64(1000.0), 'class_weight': 'balanced', 'dual': False, 'fit_intercept': True, 'intercept_scaling': 1, 'loss': 'squared_hinge', 'max_iter': 100, 'multi_class': 'ovr', 'penalty': 'l2', 'random_state': 42, 'tol': 0.001, 'verbose': 0}",0.05114102363586426
Coffee,10,20,1,5,LogisticRegression,Time_Warping,3,"{'sigma': 0.5, 'knot': 4}",0.6366666666666667,0.5462891167207529,"{'C': np.float64(0.000545559478116852), 'class_weight': None, 'dual': False, 'fit_intercept': True, 'intercept_scaling': 1, 'l1_ratio': None, 'max_iter': 100, 'multi_class': 'deprecated', 'n_jobs': None, 'penalty': 'l2', 'random_state': 42, 'solver': 'saga', 'tol': 0.0001, 'verbose': 0, 'warm_start': False}",0.10348749160766602
Coffee,10,20,1,5,KNN,Time_Warping,4,"{'sigma': 0.05, 'knot': 8}",0.9316666666666666,0.9335945399946646,"{'algorithm': 'auto', 'leaf_size': 30, 'metric': 'manhattan', 'metric_params': None, 'n_jobs': None, 'n_neighbors': np.int64(5), 'p': 2, 'weights': 'distance'}",0.040744781494140625
Coffee,10,20,1,5,RandomForest,Time_Warping,4,"{'sigma': 0.05, 'knot': 8}",0.86,0.8647114185155483,"{'bootstrap': True, 'ccp_alpha': 0.0, 'class_weight': None, 'criterion': 'gini', 'max_depth': None, 'max_features': 'sqrt', 'max_leaf_nodes': None, 'max_samples': None, 'min_impurity_decrease': 0.0, 'min_samples_leaf': 4, 'min_samples_split': 2, 'min_weight_fraction_leaf': 0.0, 'monotonic_cst': None, 'n_estimators': 50, 'n_jobs': None, 'oob_score': False, 'random_state': 42, 'verbose': 0, 'warm_start': False}",1.7299678325653076
Coffee,10,20,1,5,LinearSVC,Time_Warping,4,"{'sigma': 0.05, 'knot': 8}",0.7283333333333334,0.7230173972618125,"{'C': np.float64(2.6366508987303554), 'class_weight': 'balanced', 'dual': False, 'fit_intercept': True, 'intercept_scaling': 1, 'loss': 'squared_hinge', 'max_iter': 100, 'multi_class': 'ovr', 'penalty': 'l1', 'random_state': 42, 'tol': 0.0001, 'verbose': 0}",0.16771554946899414
Coffee,10,20,1,5,LogisticRegression,Time_Warping,4,"{'sigma': 0.05, 'knot': 8}",0.645,0.55169268618562,"{'C': np.float64(0.000545559478116852), 'class_weight': None, 'dual': False, 'fit_intercept': True, 'intercept_scaling': 1, 'l1_ratio': None, 'max_iter': 100, 'multi_class': 'deprecated', 'n_jobs': None, 'penalty': 'l2', 'random_state': 42, 'solver': 'saga', 'tol': 0.0001, 'verbose': 0, 'warm_start': False}",0.09777235984802246
Coffee,10,20,1,5,KNN,Time_Warping,5,"{'sigma': 0.1, 'knot': 4}",0.9166666666666666,0.9190460441700656,"{'algorithm': 'auto', 'leaf_size': 30, 'metric': 'manhattan', 'metric_params': None, 'n_jobs': None, 'n_neighbors': np.int64(5), 'p': 2, 'weights': 'distance'}",0.06145477294921875
Coffee,10,20,1,5,RandomForest,Time_Warping,5,"{'sigma': 0.1, 'knot': 4}",0.8566666666666667,0.8555228566670215,"{'bootstrap': True, 'ccp_alpha': 0.0, 'class_weight': None, 'criterion': 'gini', 'max_depth': None, 'max_features': 'sqrt', 'max_leaf_nodes': None, 'max_samples': None, 'min_impurity_decrease': 0.0, 'min_samples_leaf': 4, 'min_samples_split': 2, 'min_weight_fraction_leaf': 0.0, 'monotonic_cst': None, 'n_estimators': 50, 'n_jobs': None, 'oob_score': False, 'random_state': 42, 'verbose': 0, 'warm_start': False}",1.8440823554992676
Coffee,10,20,1,5,LinearSVC,Time_Warping,5,"{'sigma': 0.1, 'knot': 4}",0.6466666666666666,0.6257014513416685,"{'C': np.float64(1000.0), 'class_weight': 'balanced', 'dual': False, 'fit_intercept': True, 'intercept_scaling': 1, 'loss': 'squared_hinge', 'max_iter': 100, 'multi_class': 'ovr', 'penalty': 'l2', 'random_state': 42, 'tol': 0.001, 'verbose': 0}",0.053012847900390625
Coffee,10,20,1,5,LogisticRegression,Time_Warping,5,"{'sigma': 0.1, 'knot': 4}",0.645,0.55169268618562,"{'C': np.float64(0.000545559478116852), 'class_weight': None, 'dual': False, 'fit_intercept': True, 'intercept_scaling': 1, 'l1_ratio': None, 'max_iter': 100, 'multi_class': 'deprecated', 'n_jobs': None, 'penalty': 'l2', 'random_state': 42, 'solver': 'saga', 'tol': 0.0001, 'verbose': 0, 'warm_start': False}",0.12442493438720703
Coffee,10,20,1,5,KNN,Time_Warping,6,"{'sigma': 0.3, 'knot': 6}",0.88,0.8850062506519238,"{'algorithm': 'auto', 'leaf_size': 30, 'metric': 'euclidean', 'metric_params': None, 'n_jobs': None, 'n_neighbors': np.int64(15), 'p': 2, 'weights': 'distance'}",0.05836081504821777
Coffee,10,20,1,5,RandomForest,Time_Warping,6,"{'sigma': 0.3, 'knot': 6}",0.8316666666666667,0.8323472671067675,"{'bootstrap': True, 'ccp_alpha': 0.0, 'class_weight': None, 'criterion': 'gini', 'max_depth': None, 'max_features': 'sqrt', 'max_leaf_nodes': None, 'max_samples': None, 'min_impurity_decrease': 0.0, 'min_samples_leaf': 4, 'min_samples_split': 2, 'min_weight_fraction_leaf': 0.0, 'monotonic_cst': None, 'n_estimators': 50, 'n_jobs': None, 'oob_score': False, 'random_state': 42, 'verbose': 0, 'warm_start': False}",2.272752046585083
Coffee,10,20,1,5,LinearSVC,Time_Warping,6,"{'sigma': 0.3, 'knot': 6}",0.4766666666666667,0.5012077395009449,"{'C': np.float64(0.08858667904100823), 'class_weight': None, 'dual': False, 'fit_intercept': False, 'intercept_scaling': 1, 'loss': 'squared_hinge', 'max_iter': 100, 'multi_class': 'ovr', 'penalty': 'l1', 'random_state': 42, 'tol': 0.0001, 'verbose': 0}",0.06322503089904785
Coffee,10,20,1,5,LogisticRegression,Time_Warping,6,"{'sigma': 0.3, 'knot': 6}",0.645,0.55169268618562,"{'C': np.float64(0.000545559478116852), 'class_weight': None, 'dual': False, 'fit_intercept': True, 'intercept_scaling': 1, 'l1_ratio': None, 'max_iter': 100, 'multi_class': 'deprecated', 'n_jobs': None, 'penalty': 'l2', 'random_state': 42, 'solver': 'saga', 'tol': 0.0001, 'verbose': 0, 'warm_start': False}",0.13097095489501953
Coffee,10,20,1,5,KNN,Time_Warping,7,"{'sigma': 0.05, 'knot': 6}",0.905,0.9093302771771357,"{'algorithm': 'auto', 'leaf_size': 30, 'metric': 'manhattan', 'metric_params': None, 'n_jobs': None, 'n_neighbors': np.int64(5), 'p': 2, 'weights': 'distance'}",0.041665077209472656
Coffee,10,20,1,5,RandomForest,Time_Warping,7,"{'sigma': 0.05, 'knot': 6}",0.8583333333333333,0.8644391206492846,"{'bootstrap': True, 'ccp_alpha': 0.0, 'class_weight': None, 'criterion': 'gini', 'max_depth': None, 'max_features': 'sqrt', 'max_leaf_nodes': None, 'max_samples': None, 'min_impurity_decrease': 0.0, 'min_samples_leaf': 4, 'min_samples_split': 10, 'min_weight_fraction_leaf': 0.0, 'monotonic_cst': None, 'n_estimators': 50, 'n_jobs': None, 'oob_score': False, 'random_state': 42, 'verbose': 0, 'warm_start': False}",1.7308385372161865
Coffee,10,20,1,5,LinearSVC,Time_Warping,7,"{'sigma': 0.05, 'knot': 6}",0.6966666666666667,0.6741178812673551,"{'C': np.float64(33.59818286283781), 'class_weight': 'balanced', 'dual': False, 'fit_intercept': True, 'intercept_scaling': 1, 'loss': 'squared_hinge', 'max_iter': 100, 'multi_class': 'ovr', 'penalty': 'l1', 'random_state': 42, 'tol': 0.001, 'verbose': 0}",0.1847059726715088
Coffee,10,20,1,5,LogisticRegression,Time_Warping,7,"{'sigma': 0.05, 'knot': 6}",0.645,0.55169268618562,"{'C': np.float64(0.000545559478116852), 'class_weight': None, 'dual': False, 'fit_intercept': True, 'intercept_scaling': 1, 'l1_ratio': None, 'max_iter': 100, 'multi_class': 'deprecated', 'n_jobs': None, 'penalty': 'l2', 'random_state': 42, 'solver': 'saga', 'tol': 0.0001, 'verbose': 0, 'warm_start': False}",0.1170034408569336
Coffee,10,20,1,5,KNN,Time_Warping,8,"{'sigma': 0.3, 'knot': 6}",0.915,0.9175027898835681,"{'algorithm': 'auto', 'leaf_size': 30, 'metric': 'manhattan', 'metric_params': None, 'n_jobs': None, 'n_neighbors': np.int64(5), 'p': 2, 'weights': 'distance'}",0.053984880447387695
Coffee,10,20,1,5,RandomForest,Time_Warping,8,"{'sigma': 0.3, 'knot': 6}",0.8383333333333334,0.8399264027562414,"{'bootstrap': True, 'ccp_alpha': 0.0, 'class_weight': None, 'criterion': 'gini', 'max_depth': None, 'max_features': 'sqrt', 'max_leaf_nodes': None, 'max_samples': None, 'min_impurity_decrease': 0.0, 'min_samples_leaf': 4, 'min_samples_split': 2, 'min_weight_fraction_leaf': 0.0, 'monotonic_cst': None, 'n_estimators': 50, 'n_jobs': None, 'oob_score': False, 'random_state': 42, 'verbose': 0, 'warm_start': False}",1.91259765625
Coffee,10,20,1,5,LinearSVC,Time_Warping,8,"{'sigma': 0.3, 'knot': 6}",0.64,0.6210096644276526,"{'C': np.float64(183.29807108324337), 'class_weight': 'balanced', 'dual': False, 'fit_intercept': True, 'intercept_scaling': 1, 'loss': 'squared_hinge', 'max_iter': 100, 'multi_class': 'ovr', 'penalty': 'l1', 'random_state': 42, 'tol': 0.0001, 'verbose': 0}",0.09769845008850098
Coffee,10,20,1,5,LogisticRegression,Time_Warping,8,"{'sigma': 0.3, 'knot': 6}",0.645,0.55169268618562,"{'C': np.float64(0.000545559478116852), 'class_weight': None, 'dual': False, 'fit_intercept': True, 'intercept_scaling': 1, 'l1_ratio': None, 'max_iter': 100, 'multi_class': 'deprecated', 'n_jobs': None, 'penalty': 'l2', 'random_state': 42, 'solver': 'saga', 'tol': 0.0001, 'verbose': 0, 'warm_start': False}",0.11994004249572754
Coffee,10,20,1,5,KNN,Time_Warping,9,"{'sigma': 0.1, 'knot': 6}",0.9166666666666666,0.9190667488539828,"{'algorithm': 'auto', 'leaf_size': 30, 'metric': 'manhattan', 'metric_params': None, 'n_jobs': None, 'n_neighbors': np.int64(5), 'p': 2, 'weights': 'distance'}",0.05796074867248535
Coffee,10,20,1,5,RandomForest,Time_Warping,9,"{'sigma': 0.1, 'knot': 6}",0.85,0.851775675305087,"{'bootstrap': True, 'ccp_alpha': 0.0, 'class_weight': 'balanced', 'criterion': 'gini', 'max_depth': None, 'max_features': 'sqrt', 'max_leaf_nodes': None, 'max_samples': None, 'min_impurity_decrease': 0.0, 'min_samples_leaf': 2, 'min_samples_split': 20, 'min_weight_fraction_leaf': 0.0, 'monotonic_cst': None, 'n_estimators': 150, 'n_jobs': None, 'oob_score': False, 'random_state': 42, 'verbose': 0, 'warm_start': False}",5.512145757675171
Coffee,10,20,1,5,LinearSVC,Time_Warping,9,"{'sigma': 0.1, 'knot': 6}",0.6416666666666667,0.6231138981138982,"{'C': np.float64(0.08858667904100823), 'class_weight': None, 'dual': False, 'fit_intercept': False, 'intercept_scaling': 1, 'loss': 'squared_hinge', 'max_iter': 100, 'multi_class': 'ovr', 'penalty': 'l1', 'random_state': 42, 'tol': 0.0001, 'verbose': 0}",0.1470935344696045
Coffee,10,20,1,5,LogisticRegression,Time_Warping,9,"{'sigma': 0.1, 'knot': 6}",0.6466666666666666,0.5543483587677772,"{'C': np.float64(0.000545559478116852), 'class_weight': None, 'dual': False, 'fit_intercept': True, 'intercept_scaling': 1, 'l1_ratio': None, 'max_iter': 100, 'multi_class': 'deprecated', 'n_jobs': None, 'penalty': 'l2', 'random_state': 42, 'solver': 'saga', 'tol': 0.0001, 'verbose': 0, 'warm_start': False}",0.0973660945892334
Coffee,10,20,1,5,KNN,Time_Warping,10,"{'sigma': 0.1, 'knot': 8}",0.9016666666666666,0.9059220586146205,"{'algorithm': 'auto', 'leaf_size': 30, 'metric': 'manhattan', 'metric_params': None, 'n_jobs': None, 'n_neighbors': np.int64(5), 'p': 2, 'weights': 'distance'}",0.04582405090332031
Coffee,10,20,1,5,RandomForest,Time_Warping,10,"{'sigma': 0.1, 'knot': 8}",0.8783333333333333,0.8827697406203918,"{'bootstrap': True, 'ccp_alpha': 0.0, 'class_weight': 'balanced', 'criterion': 'gini', 'max_depth': None, 'max_features': 'sqrt', 'max_leaf_nodes': None, 'max_samples': None, 'min_impurity_decrease': 0.0, 'min_samples_leaf': 2, 'min_samples_split': 20, 'min_weight_fraction_leaf': 0.0, 'monotonic_cst': None, 'n_estimators': 150, 'n_jobs': None, 'oob_score': False, 'random_state': 42, 'verbose': 0, 'warm_start': False}",5.7596518993377686
Coffee,10,20,1,5,LinearSVC,Time_Warping,10,"{'sigma': 0.1, 'knot': 8}",0.6516666666666666,0.6300701566139524,"{'C': np.float64(33.59818286283781), 'class_weight': 'balanced', 'dual': False, 'fit_intercept': True, 'intercept_scaling': 1, 'loss': 'squared_hinge', 'max_iter': 100, 'multi_class': 'ovr', 'penalty': 'l1', 'random_state': 42, 'tol': 0.001, 'verbose': 0}",0.16288042068481445
Coffee,10,20,1,5,LogisticRegression,Time_Warping,10,"{'sigma': 0.1, 'knot': 8}",0.645,0.55169268618562,"{'C': np.float64(0.000545559478116852), 'class_weight': None, 'dual': False, 'fit_intercept': True, 'intercept_scaling': 1, 'l1_ratio': None, 'max_iter': 100, 'multi_class': 'deprecated', 'n_jobs': None, 'penalty': 'l2', 'random_state': 42, 'solver': 'saga', 'tol': 0.0001, 'verbose': 0, 'warm_start': False}",0.09755635261535645
Coffee,10,20,1,10,KNN,Time_Warping,1,"{'sigma': 0.2, 'knot': 4}",0.9083333333333333,0.9110541391697922,"{'algorithm': 'auto', 'leaf_size': 30, 'metric': 'minkowski', 'metric_params': None, 'n_jobs': None, 'n_neighbors': 5, 'p': 2, 'weights': 'uniform'}",0.1032266616821289
Coffee,10,20,1,10,RandomForest,Time_Warping,1,"{'sigma': 0.2, 'knot': 4}",0.8133333333333334,0.8163879271725822,"{'bootstrap': True, 'ccp_alpha': 0.0, 'class_weight': None, 'criterion': 'gini', 'max_depth': None, 'max_features': 'sqrt', 'max_leaf_nodes': None, 'max_samples': None, 'min_impurity_decrease': 0.0, 'min_samples_leaf': 1, 'min_samples_split': 2, 'min_weight_fraction_leaf': 0.0, 'monotonic_cst': None, 'n_estimators': 100, 'n_jobs': None, 'oob_score': False, 'random_state': 42, 'verbose': 0, 'warm_start': False}",8.3709557056427
Coffee,10,20,1,10,LinearSVC,Time_Warping,1,"{'sigma': 0.2, 'knot': 4}",0.615,0.5979688900315134,"{'C': 1.0, 'class_weight': None, 'dual': False, 'fit_intercept': True, 'intercept_scaling': 1, 'loss': 'squared_hinge', 'max_iter': 100, 'multi_class': 'ovr', 'penalty': 'l2', 'random_state': 42, 'tol': 0.0001, 'verbose': 0}",0.10575270652770996
Coffee,10,20,1,10,LogisticRegression,Time_Warping,1,"{'sigma': 0.2, 'knot': 4}",0.63,0.6112935189247154,"{'C': 1.0, 'class_weight': None, 'dual': False, 'fit_intercept': True, 'intercept_scaling': 1, 'l1_ratio': None, 'max_iter': 100, 'multi_class': 'deprecated', 'n_jobs': None, 'penalty': 'l2', 'random_state': 42, 'solver': 'lbfgs', 'tol': 0.0001, 'verbose': 0, 'warm_start': False}",0.5862548351287842
Coffee,10,20,1,10,KNN,Time_Warping,2,"{'sigma': 0.2, 'knot': 3}",0.9033333333333333,0.9057351348508875,"{'algorithm': 'auto', 'leaf_size': 30, 'metric': 'minkowski', 'metric_params': None, 'n_jobs': None, 'n_neighbors': 5, 'p': 2, 'weights': 'uniform'}",0.12903451919555664
Coffee,10,20,1,10,RandomForest,Time_Warping,2,"{'sigma': 0.2, 'knot': 3}",0.8066666666666666,0.8052016625869989,"{'bootstrap': True, 'ccp_alpha': 0.0, 'class_weight': None, 'criterion': 'gini', 'max_depth': None, 'max_features': 'sqrt', 'max_leaf_nodes': None, 'max_samples': None, 'min_impurity_decrease': 0.0, 'min_samples_leaf': 1, 'min_samples_split': 2, 'min_weight_fraction_leaf': 0.0, 'monotonic_cst': None, 'n_estimators': 100, 'n_jobs': None, 'oob_score': False, 'random_state': 42, 'verbose': 0, 'warm_start': False}",8.747700929641724
Coffee,10,20,1,10,LinearSVC,Time_Warping,2,"{'sigma': 0.2, 'knot': 3}",0.6016666666666667,0.5854349475364268,"{'C': 1.0, 'class_weight': None, 'dual': False, 'fit_intercept': True, 'intercept_scaling': 1, 'loss': 'squared_hinge', 'max_iter': 100, 'multi_class': 'ovr', 'penalty': 'l2', 'random_state': 42, 'tol': 0.0001, 'verbose': 0}",0.09456562995910645
Coffee,10,20,1,10,LogisticRegression,Time_Warping,2,"{'sigma': 0.2, 'knot': 3}",0.625,0.6070629160495872,"{'C': 1.0, 'class_weight': None, 'dual': False, 'fit_intercept': True, 'intercept_scaling': 1, 'l1_ratio': None, 'max_iter': 100, 'multi_class': 'deprecated', 'n_jobs': None, 'penalty': 'l2', 'random_state': 42, 'solver': 'lbfgs', 'tol': 0.0001, 'verbose': 0, 'warm_start': False}",0.16295719146728516
Coffee,10,20,1,10,KNN,Time_Warping,3,"{'sigma': 0.5, 'knot': 4}",0.9183333333333333,0.9205705132549606,"{'algorithm': 'auto', 'leaf_size': 30, 'metric': 'minkowski', 'metric_params': None, 'n_jobs': None, 'n_neighbors': 5, 'p': 2, 'weights': 'uniform'}",0.10636305809020996
Coffee,10,20,1,10,RandomForest,Time_Warping,3,"{'sigma': 0.5, 'knot': 4}",0.8233333333333334,0.8182280882854418,"{'bootstrap': True, 'ccp_alpha': 0.0, 'class_weight': None, 'criterion': 'gini', 'max_depth': None, 'max_features': 'sqrt', 'max_leaf_nodes': None, 'max_samples': None, 'min_impurity_decrease': 0.0, 'min_samples_leaf': 1, 'min_samples_split': 2, 'min_weight_fraction_leaf': 0.0, 'monotonic_cst': None, 'n_estimators': 100, 'n_jobs': None, 'oob_score': False, 'random_state': 42, 'verbose': 0, 'warm_start': False}",8.92935848236084
Coffee,10,20,1,10,LinearSVC,Time_Warping,3,"{'sigma': 0.5, 'knot': 4}",0.62,0.601801374133255,"{'C': 1.0, 'class_weight': None, 'dual': False, 'fit_intercept': True, 'intercept_scaling': 1, 'loss': 'squared_hinge', 'max_iter': 100, 'multi_class': 'ovr', 'penalty': 'l2', 'random_state': 42, 'tol': 0.0001, 'verbose': 0}",0.08918523788452148
Coffee,10,20,1,10,LogisticRegression,Time_Warping,3,"{'sigma': 0.5, 'knot': 4}",0.63,0.6114730997045641,"{'C': 1.0, 'class_weight': None, 'dual': False, 'fit_intercept': True, 'intercept_scaling': 1, 'l1_ratio': None, 'max_iter': 100, 'multi_class': 'deprecated', 'n_jobs': None, 'penalty': 'l2', 'random_state': 42, 'solver': 'lbfgs', 'tol': 0.0001, 'verbose': 0, 'warm_start': False}",0.15887188911437988
Coffee,10,20,1,10,KNN,Time_Warping,4,"{'sigma': 0.05, 'knot': 8}",0.9316666666666666,0.9337735951370802,"{'algorithm': 'auto', 'leaf_size': 30, 'metric': 'minkowski', 'metric_params': None, 'n_jobs': None, 'n_neighbors': 5, 'p': 2, 'weights': 'uniform'}",0.10934877395629883
Coffee,10,20,1,10,RandomForest,Time_Warping,4,"{'sigma': 0.05, 'knot': 8}",0.855,0.860326046127263,"{'bootstrap': True, 'ccp_alpha': 0.0, 'class_weight': None, 'criterion': 'gini', 'max_depth': None, 'max_features': 'sqrt', 'max_leaf_nodes': None, 'max_samples': None, 'min_impurity_decrease': 0.0, 'min_samples_leaf': 1, 'min_samples_split': 2, 'min_weight_fraction_leaf': 0.0, 'monotonic_cst': None, 'n_estimators': 100, 'n_jobs': None, 'oob_score': False, 'random_state': 42, 'verbose': 0, 'warm_start': False}",8.333394527435303
Coffee,10,20,1,10,LinearSVC,Time_Warping,4,"{'sigma': 0.05, 'knot': 8}",0.8283333333333334,0.8112810346836935,"{'C': 1.0, 'class_weight': None, 'dual': False, 'fit_intercept': True, 'intercept_scaling': 1, 'loss': 'squared_hinge', 'max_iter': 100, 'multi_class': 'ovr', 'penalty': 'l2', 'random_state': 42, 'tol': 0.0001, 'verbose': 0}",0.12458491325378418
Coffee,10,20,1,10,LogisticRegression,Time_Warping,4,"{'sigma': 0.05, 'knot': 8}",0.81,0.8187499624987249,"{'C': 1.0, 'class_weight': None, 'dual': False, 'fit_intercept': True, 'intercept_scaling': 1, 'l1_ratio': None, 'max_iter': 100, 'multi_class': 'deprecated', 'n_jobs': None, 'penalty': 'l2', 'random_state': 42, 'solver': 'lbfgs', 'tol': 0.0001, 'verbose': 0, 'warm_start': False}",0.5303752422332764
Coffee,10,20,1,10,KNN,Time_Warping,5,"{'sigma': 0.1, 'knot': 4}",0.9166666666666666,0.9190460441700656,"{'algorithm': 'auto', 'leaf_size': 30, 'metric': 'minkowski', 'metric_params': None, 'n_jobs': None, 'n_neighbors': 5, 'p': 2, 'weights': 'uniform'}",0.09329032897949219
Coffee,10,20,1,10,RandomForest,Time_Warping,5,"{'sigma': 0.1, 'knot': 4}",0.8416666666666667,0.8428477529456077,"{'bootstrap': True, 'ccp_alpha': 0.0, 'class_weight': None, 'criterion': 'gini', 'max_depth': None, 'max_features': 'sqrt', 'max_leaf_nodes': None, 'max_samples': None, 'min_impurity_decrease': 0.0, 'min_samples_leaf': 1, 'min_samples_split': 2, 'min_weight_fraction_leaf': 0.0, 'monotonic_cst': None, 'n_estimators': 100, 'n_jobs': None, 'oob_score': False, 'random_state': 42, 'verbose': 0, 'warm_start': False}",8.288734674453735
Coffee,10,20,1,10,LinearSVC,Time_Warping,5,"{'sigma': 0.1, 'knot': 4}",0.6433333333333333,0.6231322896729974,"{'C': 1.0, 'class_weight': None, 'dual': False, 'fit_intercept': True, 'intercept_scaling': 1, 'loss': 'squared_hinge', 'max_iter': 100, 'multi_class': 'ovr', 'penalty': 'l2', 'random_state': 42, 'tol': 0.0001, 'verbose': 0}",0.11450719833374023
Coffee,10,20,1,10,LogisticRegression,Time_Warping,5,"{'sigma': 0.1, 'knot': 4}",0.6416666666666667,0.6214203202837432,"{'C': 1.0, 'class_weight': None, 'dual': False, 'fit_intercept': True, 'intercept_scaling': 1, 'l1_ratio': None, 'max_iter': 100, 'multi_class': 'deprecated', 'n_jobs': None, 'penalty': 'l2', 'random_state': 42, 'solver': 'lbfgs', 'tol': 0.0001, 'verbose': 0, 'warm_start': False}",0.3895127773284912
Coffee,10,20,1,10,KNN,Time_Warping,6,"{'sigma': 0.3, 'knot': 6}",0.91,0.912974979404687,"{'algorithm': 'auto', 'leaf_size': 30, 'metric': 'minkowski', 'metric_params': None, 'n_jobs': None, 'n_neighbors': 5, 'p': 2, 'weights': 'uniform'}",0.09923577308654785
Coffee,10,20,1,10,RandomForest,Time_Warping,6,"{'sigma': 0.3, 'knot': 6}",0.845,0.8446387944412915,"{'bootstrap': True, 'ccp_alpha': 0.0, 'class_weight': None, 'criterion': 'gini', 'max_depth': None, 'max_features': 'sqrt', 'max_leaf_nodes': None, 'max_samples': None, 'min_impurity_decrease': 0.0, 'min_samples_leaf': 1, 'min_samples_split': 2, 'min_weight_fraction_leaf': 0.0, 'monotonic_cst': None, 'n_estimators': 100, 'n_jobs': None, 'oob_score': False, 'random_state': 42, 'verbose': 0, 'warm_start': False}",8.529244184494019
Coffee,10,20,1,10,LinearSVC,Time_Warping,6,"{'sigma': 0.3, 'knot': 6}",0.5866666666666667,0.5727442454175091,"{'C': 1.0, 'class_weight': None, 'dual': False, 'fit_intercept': True, 'intercept_scaling': 1, 'loss': 'squared_hinge', 'max_iter': 100, 'multi_class': 'ovr', 'penalty': 'l2', 'random_state': 42, 'tol': 0.0001, 'verbose': 0}",0.13259243965148926
Coffee,10,20,1,10,LogisticRegression,Time_Warping,6,"{'sigma': 0.3, 'knot': 6}",0.6133333333333333,0.5984043961077383,"{'C': 1.0, 'class_weight': None, 'dual': False, 'fit_intercept': True, 'intercept_scaling': 1, 'l1_ratio': None, 'max_iter': 100, 'multi_class': 'deprecated', 'n_jobs': None, 'penalty': 'l2', 'random_state': 42, 'solver': 'lbfgs', 'tol': 0.0001, 'verbose': 0, 'warm_start': False}",0.37441062927246094
Coffee,10,20,1,10,KNN,Time_Warping,7,"{'sigma': 0.05, 'knot': 6}",0.9416666666666667,0.9430141891300597,"{'algorithm': 'auto', 'leaf_size': 30, 'metric': 'minkowski', 'metric_params': None, 'n_jobs': None, 'n_neighbors': 5, 'p': 2, 'weights': 'uniform'}",0.09305477142333984
Coffee,10,20,1,10,RandomForest,Time_Warping,7,"{'sigma': 0.05, 'knot': 6}",0.8466666666666667,0.8493579528695778,"{'bootstrap': True, 'ccp_alpha': 0.0, 'class_weight': None, 'criterion': 'gini', 'max_depth': None, 'max_features': 'sqrt', 'max_leaf_nodes': None, 'max_samples': None, 'min_impurity_decrease': 0.0, 'min_samples_leaf': 1, 'min_samples_split': 2, 'min_weight_fraction_leaf': 0.0, 'monotonic_cst': None, 'n_estimators': 100, 'n_jobs': None, 'oob_score': False, 'random_state': 42, 'verbose': 0, 'warm_start': False}",7.935901641845703
Coffee,10,20,1,10,LinearSVC,Time_Warping,7,"{'sigma': 0.05, 'knot': 6}",0.7966666666666666,0.765136571060349,"{'C': 1.0, 'class_weight': None, 'dual': False, 'fit_intercept': True, 'intercept_scaling': 1, 'loss': 'squared_hinge', 'max_iter': 100, 'multi_class': 'ovr', 'penalty': 'l2', 'random_state': 42, 'tol': 0.0001, 'verbose': 0}",0.12747764587402344
Coffee,10,20,1,10,LogisticRegression,Time_Warping,7,"{'sigma': 0.05, 'knot': 6}",0.755,0.7578207281372225,"{'C': 1.0, 'class_weight': None, 'dual': False, 'fit_intercept': True, 'intercept_scaling': 1, 'l1_ratio': None, 'max_iter': 100, 'multi_class': 'deprecated', 'n_jobs': None, 'penalty': 'l2', 'random_state': 42, 'solver': 'lbfgs', 'tol': 0.0001, 'verbose': 0, 'warm_start': False}",0.4063558578491211
Coffee,10,20,1,10,KNN,Time_Warping,8,"{'sigma': 0.3, 'knot': 6}",0.9133333333333333,0.9157183345044199,"{'algorithm': 'auto', 'leaf_size': 30, 'metric': 'minkowski', 'metric_params': None, 'n_jobs': None, 'n_neighbors': 5, 'p': 2, 'weights': 'uniform'}",0.10427069664001465
Coffee,10,20,1,10,RandomForest,Time_Warping,8,"{'sigma': 0.3, 'knot': 6}",0.8383333333333334,0.8404800674739324,"{'bootstrap': True, 'ccp_alpha': 0.0, 'class_weight': None, 'criterion': 'gini', 'max_depth': None, 'max_features': 'sqrt', 'max_leaf_nodes': None, 'max_samples': None, 'min_impurity_decrease': 0.0, 'min_samples_leaf': 1, 'min_samples_split': 2, 'min_weight_fraction_leaf': 0.0, 'monotonic_cst': None, 'n_estimators': 100, 'n_jobs': None, 'oob_score': False, 'random_state': 42, 'verbose': 0, 'warm_start': False}",8.413231611251831
Coffee,10,20,1,10,LinearSVC,Time_Warping,8,"{'sigma': 0.3, 'knot': 6}",0.6133333333333333,0.5956398763455131,"{'C': 1.0, 'class_weight': None, 'dual': False, 'fit_intercept': True, 'intercept_scaling': 1, 'loss': 'squared_hinge', 'max_iter': 100, 'multi_class': 'ovr', 'penalty': 'l2', 'random_state': 42, 'tol': 0.0001, 'verbose': 0}",0.08817386627197266
Coffee,10,20,1,10,LogisticRegression,Time_Warping,8,"{'sigma': 0.3, 'knot': 6}",0.6266666666666667,0.6085333694573539,"{'C': 1.0, 'class_weight': None, 'dual': False, 'fit_intercept': True, 'intercept_scaling': 1, 'l1_ratio': None, 'max_iter': 100, 'multi_class': 'deprecated', 'n_jobs': None, 'penalty': 'l2', 'random_state': 42, 'solver': 'lbfgs', 'tol': 0.0001, 'verbose': 0, 'warm_start': False}",0.1726512908935547
Coffee,10,20,1,10,KNN,Time_Warping,9,"{'sigma': 0.1, 'knot': 6}",0.91,0.9127472201001613,"{'algorithm': 'auto', 'leaf_size': 30, 'metric': 'minkowski', 'metric_params': None, 'n_jobs': None, 'n_neighbors': 5, 'p': 2, 'weights': 'uniform'}",0.09428191184997559
Coffee,10,20,1,10,RandomForest,Time_Warping,9,"{'sigma': 0.1, 'knot': 6}",0.8383333333333334,0.8415495124855898,"{'bootstrap': True, 'ccp_alpha': 0.0, 'class_weight': None, 'criterion': 'gini', 'max_depth': None, 'max_features': 'sqrt', 'max_leaf_nodes': None, 'max_samples': None, 'min_impurity_decrease': 0.0, 'min_samples_leaf': 1, 'min_samples_split': 2, 'min_weight_fraction_leaf': 0.0, 'monotonic_cst': None, 'n_estimators': 100, 'n_jobs': None, 'oob_score': False, 'random_state': 42, 'verbose': 0, 'warm_start': False}",7.972503185272217
Coffee,10,20,1,10,LinearSVC,Time_Warping,9,"{'sigma': 0.1, 'knot': 6}",0.71,0.6824284911592995,"{'C': 1.0, 'class_weight': None, 'dual': False, 'fit_intercept': True, 'intercept_scaling': 1, 'loss': 'squared_hinge', 'max_iter': 100, 'multi_class': 'ovr', 'penalty': 'l2', 'random_state': 42, 'tol': 0.0001, 'verbose': 0}",0.10593605041503906
Coffee,10,20,1,10,LogisticRegression,Time_Warping,9,"{'sigma': 0.1, 'knot': 6}",0.6533333333333333,0.6317985937777225,"{'C': 1.0, 'class_weight': None, 'dual': False, 'fit_intercept': True, 'intercept_scaling': 1, 'l1_ratio': None, 'max_iter': 100, 'multi_class': 'deprecated', 'n_jobs': None, 'penalty': 'l2', 'random_state': 42, 'solver': 'lbfgs', 'tol': 0.0001, 'verbose': 0, 'warm_start': False}",0.26061081886291504
Coffee,10,20,1,10,KNN,Time_Warping,10,"{'sigma': 0.1, 'knot': 8}",0.9083333333333333,0.9116881451453643,"{'algorithm': 'auto', 'leaf_size': 30, 'metric': 'minkowski', 'metric_params': None, 'n_jobs': None, 'n_neighbors': 5, 'p': 2, 'weights': 'uniform'}",0.10828709602355957
Coffee,10,20,1,10,RandomForest,Time_Warping,10,"{'sigma': 0.1, 'knot': 8}",0.8366666666666667,0.8420904520856102,"{'bootstrap': True, 'ccp_alpha': 0.0, 'class_weight': None, 'criterion': 'gini', 'max_depth': None, 'max_features': 'sqrt', 'max_leaf_nodes': None, 'max_samples': None, 'min_impurity_decrease': 0.0, 'min_samples_leaf': 1, 'min_samples_split': 2, 'min_weight_fraction_leaf': 0.0, 'monotonic_cst': None, 'n_estimators': 100, 'n_jobs': None, 'oob_score': False, 'random_state': 42, 'verbose': 0, 'warm_start': False}",8.021241664886475
Coffee,10,20,1,10,LinearSVC,Time_Warping,10,"{'sigma': 0.1, 'knot': 8}",0.7316666666666667,0.7021808881216791,"{'C': 1.0, 'class_weight': None, 'dual': False, 'fit_intercept': True, 'intercept_scaling': 1, 'loss': 'squared_hinge', 'max_iter': 100, 'multi_class': 'ovr', 'penalty': 'l2', 'random_state': 42, 'tol': 0.0001, 'verbose': 0}",0.10364437103271484
Coffee,10,20,1,10,LogisticRegression,Time_Warping,10,"{'sigma': 0.1, 'knot': 8}",0.6683333333333333,0.6449359755555641,"{'C': 1.0, 'class_weight': None, 'dual': False, 'fit_intercept': True, 'intercept_scaling': 1, 'l1_ratio': None, 'max_iter': 100, 'multi_class': 'deprecated', 'n_jobs': None, 'penalty': 'l2', 'random_state': 42, 'solver': 'lbfgs', 'tol': 0.0001, 'verbose': 0, 'warm_start': False}",0.3177354335784912
Coffee,10,20,2,1,KNN,Baseline,N/A,N/A,0.9266666666666666,0.9284045785055202,"{'algorithm': 'auto', 'leaf_size': 30, 'metric': 'minkowski', 'metric_params': None, 'n_jobs': None, 'n_neighbors': 5, 'p': 2, 'weights': 'uniform'}",0.029740333557128906
Coffee,10,20,2,1,KNN,Tuned_Baseline,N/A,N/A,0.885,0.8908105323802827,"{'algorithm': 'auto', 'leaf_size': 30, 'metric': 'minkowski', 'metric_params': None, 'n_jobs': None, 'n_neighbors': np.int64(13), 'p': 4, 'weights': 'distance'}",0.03139352798461914
Coffee,10,20,2,1,RandomForest,Baseline,N/A,N/A,0.8566666666666667,0.856611793837449,"{'bootstrap': True, 'ccp_alpha': 0.0, 'class_weight': None, 'criterion': 'gini', 'max_depth': None, 'max_features': 'sqrt', 'max_leaf_nodes': None, 'max_samples': None, 'min_impurity_decrease': 0.0, 'min_samples_leaf': 1, 'min_samples_split': 2, 'min_weight_fraction_leaf': 0.0, 'monotonic_cst': None, 'n_estimators': 100, 'n_jobs': None, 'oob_score': False, 'random_state': 42, 'verbose': 0, 'warm_start': False}",0.6787889003753662
Coffee,10,20,2,1,RandomForest,Tuned_Baseline,N/A,N/A,0.8583333333333333,0.8580887543454674,"{'bootstrap': True, 'ccp_alpha': 0.0, 'class_weight': 'balanced', 'criterion': 'gini', 'max_depth': None, 'max_features': 'sqrt', 'max_leaf_nodes': None, 'max_samples': None, 'min_impurity_decrease': 0.0, 'min_samples_leaf': 1, 'min_samples_split': 2, 'min_weight_fraction_leaf': 0.0, 'monotonic_cst': None, 'n_estimators': 50, 'n_jobs': None, 'oob_score': False, 'random_state': 42, 'verbose': 0, 'warm_start': False}",0.0033659934997558594
Coffee,10,20,2,1,LinearSVC,Baseline,N/A,N/A,0.7883333333333333,0.7952524887263926,"{'C': 1.0, 'class_weight': None, 'dual': False, 'fit_intercept': True, 'intercept_scaling': 1, 'loss': 'squared_hinge', 'max_iter': 100, 'multi_class': 'ovr', 'penalty': 'l2', 'random_state': 42, 'tol': 0.0001, 'verbose': 0}",0.01315164566040039
Coffee,10,20,2,1,LinearSVC,Tuned_Baseline,N/A,N/A,0.7366666666666667,0.7448708467365185,"{'C': np.float64(33.59818286283781), 'class_weight': 'balanced', 'dual': False, 'fit_intercept': True, 'intercept_scaling': 1, 'loss': 'squared_hinge', 'max_iter': 100, 'multi_class': 'ovr', 'penalty': 'l1', 'random_state': 42, 'tol': 0.0001, 'verbose': 0}",0.00018644332885742188
Coffee,10,20,2,1,LogisticRegression,Baseline,N/A,N/A,0.75,0.7624956328520327,"{'C': 1.0, 'class_weight': None, 'dual': False, 'fit_intercept': True, 'intercept_scaling': 1, 'l1_ratio': None, 'max_iter': 100, 'multi_class': 'deprecated', 'n_jobs': None, 'penalty': 'l2', 'random_state': 42, 'solver': 'lbfgs', 'tol': 0.0001, 'verbose': 0, 'warm_start': False}",0.08118700981140137
Coffee,10,20,2,1,LogisticRegression,Tuned_Baseline,N/A,N/A,0.7466666666666667,0.7587711706130481,"{'C': np.float64(6.1584821106602545), 'class_weight': None, 'dual': False, 'fit_intercept': True, 'intercept_scaling': 1, 'l1_ratio': None, 'max_iter': 100, 'multi_class': 'deprecated', 'n_jobs': None, 'penalty': 'l2', 'random_state': 42, 'solver': 'lbfgs', 'tol': 0.0001, 'verbose': 0, 'warm_start': False}",0.0002918243408203125
Coffee,10,20,2,1,RNN,Tuned_Baseline,N/A,N/A,0.16666666666666666,0.047619047619047616,"{'hidden_size': 64, 'epochs': 10, 'batch_size': 32, 'lr': 0.001}",2.8848648071289062e-05
Coffee,10,20,2,2,KNN,Time_Warping,1,"{'sigma': 0.2, 'knot': 4}",0.9116666666666666,0.9144888703980754,"{'algorithm': 'auto', 'leaf_size': 30, 'metric': 'euclidean', 'metric_params': None, 'n_jobs': None, 'n_neighbors': np.int64(9), 'p': 2, 'weights': 'distance'}",0.01996135711669922
Coffee,10,20,2,2,RandomForest,Time_Warping,1,"{'sigma': 0.2, 'knot': 4}",0.845,0.8457750064691691,"{'bootstrap': True, 'ccp_alpha': 0.0, 'class_weight': 'balanced', 'criterion': 'gini', 'max_depth': 30, 'max_features': 'sqrt', 'max_leaf_nodes': None, 'max_samples': None, 'min_impurity_decrease': 0.0, 'min_samples_leaf': 1, 'min_samples_split': 2, 'min_weight_fraction_leaf': 0.0, 'monotonic_cst': None, 'n_estimators': 150, 'n_jobs': None, 'oob_score': False, 'random_state': 42, 'verbose': 0, 'warm_start': False}",2.04325270652771
Coffee,10,20,2,2,LinearSVC,Time_Warping,1,"{'sigma': 0.2, 'knot': 4}",0.645,0.6241200026109734,"{'C': np.float64(2.6366508987303554), 'class_weight': 'balanced', 'dual': False, 'fit_intercept': True, 'intercept_scaling': 1, 'loss': 'squared_hinge', 'max_iter': 100, 'multi_class': 'ovr', 'penalty': 'l1', 'random_state': 42, 'tol': 0.0001, 'verbose': 0}",0.05567598342895508
Coffee,10,20,2,2,LogisticRegression,Time_Warping,1,"{'sigma': 0.2, 'knot': 4}",0.6416666666666667,0.6211428691176885,"{'C': np.float64(1000.0), 'class_weight': 'balanced', 'dual': False, 'fit_intercept': True, 'intercept_scaling': 1, 'l1_ratio': None, 'max_iter': 100, 'multi_class': 'deprecated', 'n_jobs': None, 'penalty': 'l2', 'random_state': 42, 'solver': 'sag', 'tol': 0.0001, 'verbose': 0, 'warm_start': False}",0.06257224082946777
Coffee,10,20,2,2,KNN,Time_Warping,2,"{'sigma': 0.2, 'knot': 3}",0.9116666666666666,0.9144888703980754,"{'algorithm': 'auto', 'leaf_size': 30, 'metric': 'euclidean', 'metric_params': None, 'n_jobs': None, 'n_neighbors': np.int64(9), 'p': 2, 'weights': 'distance'}",0.021932125091552734
Coffee,10,20,2,2,RandomForest,Time_Warping,2,"{'sigma': 0.2, 'knot': 3}",0.8233333333333334,0.8105920301042252,"{'bootstrap': True, 'ccp_alpha': 0.0, 'class_weight': 'balanced', 'criterion': 'gini', 'max_depth': None, 'max_features': 'sqrt', 'max_leaf_nodes': None, 'max_samples': None, 'min_impurity_decrease': 0.0, 'min_samples_leaf': 1, 'min_samples_split': 2, 'min_weight_fraction_leaf': 0.0, 'monotonic_cst': None, 'n_estimators': 50, 'n_jobs': None, 'oob_score': False, 'random_state': 42, 'verbose': 0, 'warm_start': False}",0.6877617835998535
Coffee,10,20,2,2,LinearSVC,Time_Warping,2,"{'sigma': 0.2, 'knot': 3}",0.645,0.6264941167188031,"{'C': np.float64(1000.0), 'class_weight': 'balanced', 'dual': False, 'fit_intercept': True, 'intercept_scaling': 1, 'loss': 'squared_hinge', 'max_iter': 100, 'multi_class': 'ovr', 'penalty': 'l2', 'random_state': 42, 'tol': 0.001, 'verbose': 0}",0.019992828369140625
Coffee,10,20,2,2,LogisticRegression,Time_Warping,2,"{'sigma': 0.2, 'knot': 3}",0.6433333333333333,0.6237783228275813,"{'C': np.float64(2.6366508987303554), 'class_weight': 'balanced', 'dual': False, 'fit_intercept': True, 'intercept_scaling': 1, 'l1_ratio': None, 'max_iter': 100, 'multi_class': 'deprecated', 'n_jobs': None, 'penalty': 'l1', 'random_state': 42, 'solver': 'saga', 'tol': 0.0001, 'verbose': 0, 'warm_start': False}",0.2876930236816406
Coffee,10,20,2,2,KNN,Time_Warping,3,"{'sigma': 0.5, 'knot': 4}",0.9116666666666666,0.9144888703980754,"{'algorithm': 'auto', 'leaf_size': 30, 'metric': 'euclidean', 'metric_params': None, 'n_jobs': None, 'n_neighbors': np.int64(9), 'p': 2, 'weights': 'distance'}",0.02055501937866211
Coffee,10,20,2,2,RandomForest,Time_Warping,3,"{'sigma': 0.5, 'knot': 4}",0.84,0.8384254223844225,"{'bootstrap': True, 'ccp_alpha': 0.0, 'class_weight': 'balanced', 'criterion': 'gini', 'max_depth': None, 'max_features': 'sqrt', 'max_leaf_nodes': None, 'max_samples': None, 'min_impurity_decrease': 0.0, 'min_samples_leaf': 1, 'min_samples_split': 2, 'min_weight_fraction_leaf': 0.0, 'monotonic_cst': None, 'n_estimators': 50, 'n_jobs': None, 'oob_score': False, 'random_state': 42, 'verbose': 0, 'warm_start': False}",0.8420257568359375
Coffee,10,20,2,2,LinearSVC,Time_Warping,3,"{'sigma': 0.5, 'knot': 4}",0.6466666666666666,0.6237019285632773,"{'C': np.float64(183.29807108324337), 'class_weight': 'balanced', 'dual': False, 'fit_intercept': True, 'intercept_scaling': 1, 'loss': 'squared_hinge', 'max_iter': 100, 'multi_class': 'ovr', 'penalty': 'l1', 'random_state': 42, 'tol': 0.0001, 'verbose': 0}",0.04280972480773926
Coffee,10,20,2,2,LogisticRegression,Time_Warping,3,"{'sigma': 0.5, 'knot': 4}",0.645,0.62232805531569,"{'C': np.float64(33.59818286283781), 'class_weight': None, 'dual': False, 'fit_intercept': True, 'intercept_scaling': 1, 'l1_ratio': None, 'max_iter': 100, 'multi_class': 'deprecated', 'n_jobs': None, 'penalty': 'l2', 'random_state': 42, 'solver': 'saga', 'tol': 0.0001, 'verbose': 0, 'warm_start': False}",0.03551650047302246
Coffee,10,20,2,2,KNN,Time_Warping,4,"{'sigma': 0.05, 'knot': 8}",0.9116666666666666,0.9147034520339831,"{'algorithm': 'auto', 'leaf_size': 30, 'metric': 'euclidean', 'metric_params': None, 'n_jobs': None, 'n_neighbors': np.int64(9), 'p': 2, 'weights': 'distance'}",0.016576766967773438
Coffee,10,20,2,2,RandomForest,Time_Warping,4,"{'sigma': 0.05, 'knot': 8}",0.8483333333333334,0.8475782127089445,"{'bootstrap': True, 'ccp_alpha': 0.0, 'class_weight': 'balanced', 'criterion': 'gini', 'max_depth': 10, 'max_features': 'sqrt', 'max_leaf_nodes': None, 'max_samples': None, 'min_impurity_decrease': 0.0, 'min_samples_leaf': 1, 'min_samples_split': 2, 'min_weight_fraction_leaf': 0.0, 'monotonic_cst': None, 'n_estimators': 100, 'n_jobs': None, 'oob_score': False, 'random_state': 42, 'verbose': 0, 'warm_start': False}",1.2585620880126953
Coffee,10,20,2,2,LinearSVC,Time_Warping,4,"{'sigma': 0.05, 'knot': 8}",0.8466666666666667,0.8481592075429808,"{'C': np.float64(33.59818286283781), 'class_weight': None, 'dual': False, 'fit_intercept': True, 'intercept_scaling': 1, 'loss': 'squared_hinge', 'max_iter': 100, 'multi_class': 'ovr', 'penalty': 'l1', 'random_state': 42, 'tol': 0.001, 'verbose': 0}",0.06968092918395996
Coffee,10,20,2,2,LogisticRegression,Time_Warping,4,"{'sigma': 0.05, 'knot': 8}",0.7583333333333333,0.7711493039488945,"{'C': np.float64(183.29807108324337), 'class_weight': None, 'dual': False, 'fit_intercept': True, 'intercept_scaling': 1, 'l1_ratio': None, 'max_iter': 100, 'multi_class': 'deprecated', 'n_jobs': None, 'penalty': 'l2', 'random_state': 42, 'solver': 'saga', 'tol': 0.0001, 'verbose': 0, 'warm_start': False}",0.10249972343444824
Coffee,10,20,2,2,KNN,Time_Warping,5,"{'sigma': 0.1, 'knot': 4}",0.8983333333333333,0.9024428623021601,"{'algorithm': 'auto', 'leaf_size': 30, 'metric': 'euclidean', 'metric_params': None, 'n_jobs': None, 'n_neighbors': np.int64(9), 'p': 2, 'weights': 'distance'}",0.019538164138793945
Coffee,10,20,2,2,RandomForest,Time_Warping,5,"{'sigma': 0.1, 'knot': 4}",0.855,0.8556647419952008,"{'bootstrap': True, 'ccp_alpha': 0.0, 'class_weight': 'balanced', 'criterion': 'gini', 'max_depth': 30, 'max_features': 'sqrt', 'max_leaf_nodes': None, 'max_samples': None, 'min_impurity_decrease': 0.0, 'min_samples_leaf': 1, 'min_samples_split': 2, 'min_weight_fraction_leaf': 0.0, 'monotonic_cst': None, 'n_estimators': 150, 'n_jobs': None, 'oob_score': False, 'random_state': 42, 'verbose': 0, 'warm_start': False}",1.9745643138885498
Coffee,10,20,2,2,LinearSVC,Time_Warping,5,"{'sigma': 0.1, 'knot': 4}",0.6533333333333333,0.635152376786235,"{'C': np.float64(183.29807108324337), 'class_weight': 'balanced', 'dual': False, 'fit_intercept': True, 'intercept_scaling': 1, 'loss': 'squared_hinge', 'max_iter': 100, 'multi_class': 'ovr', 'penalty': 'l1', 'random_state': 42, 'tol': 0.0001, 'verbose': 0}",0.0682823657989502
Coffee,10,20,2,2,LogisticRegression,Time_Warping,5,"{'sigma': 0.1, 'knot': 4}",0.7133333333333334,0.7178701514999833,"{'C': np.float64(33.59818286283781), 'class_weight': None, 'dual': False, 'fit_intercept': True, 'intercept_scaling': 1, 'l1_ratio': None, 'max_iter': 100, 'multi_class': 'deprecated', 'n_jobs': None, 'penalty': 'l2', 'random_state': 42, 'solver': 'saga', 'tol': 0.0001, 'verbose': 0, 'warm_start': False}",0.04039430618286133
Coffee,10,20,2,2,KNN,Time_Warping,6,"{'sigma': 0.3, 'knot': 6}",0.9066666666666666,0.9099545188308154,"{'algorithm': 'auto', 'leaf_size': 30, 'metric': 'euclidean', 'metric_params': None, 'n_jobs': None, 'n_neighbors': np.int64(9), 'p': 2, 'weights': 'distance'}",0.0221555233001709
Coffee,10,20,2,2,RandomForest,Time_Warping,6,"{'sigma': 0.3, 'knot': 6}",0.8583333333333333,0.8601177824421478,"{'bootstrap': True, 'ccp_alpha': 0.0, 'class_weight': 'balanced', 'criterion': 'gini', 'max_depth': 20, 'max_features': 'sqrt', 'max_leaf_nodes': None, 'max_samples': None, 'min_impurity_decrease': 0.0, 'min_samples_leaf': 1, 'min_samples_split': 2, 'min_weight_fraction_leaf': 0.0, 'monotonic_cst': None, 'n_estimators': 50, 'n_jobs': None, 'oob_score': False, 'random_state': 42, 'verbose': 0, 'warm_start': False}",0.6886680126190186
Coffee,10,20,2,2,LinearSVC,Time_Warping,6,"{'sigma': 0.3, 'knot': 6}",0.6483333333333333,0.6295936641334089,"{'C': np.float64(1000.0), 'class_weight': 'balanced', 'dual': False, 'fit_intercept': True, 'intercept_scaling': 1, 'loss': 'squared_hinge', 'max_iter': 100, 'multi_class': 'ovr', 'penalty': 'l2', 'random_state': 42, 'tol': 0.001, 'verbose': 0}",0.02555060386657715
Coffee,10,20,2,2,LogisticRegression,Time_Warping,6,"{'sigma': 0.3, 'knot': 6}",0.6466666666666666,0.6265334605109403,"{'C': np.float64(2.6366508987303554), 'class_weight': 'balanced', 'dual': False, 'fit_intercept': True, 'intercept_scaling': 1, 'l1_ratio': None, 'max_iter': 100, 'multi_class': 'deprecated', 'n_jobs': None, 'penalty': 'l1', 'random_state': 42, 'solver': 'saga', 'tol': 0.0001, 'verbose': 0, 'warm_start': False}",0.3685572147369385
Coffee,10,20,2,2,KNN,Time_Warping,7,"{'sigma': 0.05, 'knot': 6}",0.9433333333333334,0.9440542859755283,"{'algorithm': 'auto', 'leaf_size': 30, 'metric': 'euclidean', 'metric_params': None, 'n_jobs': None, 'n_neighbors': np.int64(9), 'p': 2, 'weights': 'distance'}",0.018264055252075195
Coffee,10,20,2,2,RandomForest,Time_Warping,7,"{'sigma': 0.05, 'knot': 6}",0.8683333333333333,0.8675077188708773,"{'bootstrap': True, 'ccp_alpha': 0.0, 'class_weight': 'balanced', 'criterion': 'gini', 'max_depth': 20, 'max_features': 'sqrt', 'max_leaf_nodes': None, 'max_samples': None, 'min_impurity_decrease': 0.0, 'min_samples_leaf': 1, 'min_samples_split': 2, 'min_weight_fraction_leaf': 0.0, 'monotonic_cst': None, 'n_estimators': 50, 'n_jobs': None, 'oob_score': False, 'random_state': 42, 'verbose': 0, 'warm_start': False}",0.6571543216705322
Coffee,10,20,2,2,LinearSVC,Time_Warping,7,"{'sigma': 0.05, 'knot': 6}",0.7066666666666667,0.7026403242147924,"{'C': np.float64(33.59818286283781), 'class_weight': 'balanced', 'dual': False, 'fit_intercept': True, 'intercept_scaling': 1, 'loss': 'squared_hinge', 'max_iter': 100, 'multi_class': 'ovr', 'penalty': 'l1', 'random_state': 42, 'tol': 0.001, 'verbose': 0}",0.06651139259338379
Coffee,10,20,2,2,LogisticRegression,Time_Warping,7,"{'sigma': 0.05, 'knot': 6}",0.7816666666666666,0.7921776401952614,"{'C': np.float64(1000.0), 'class_weight': 'balanced', 'dual': False, 'fit_intercept': True, 'intercept_scaling': 1, 'l1_ratio': None, 'max_iter': 100, 'multi_class': 'deprecated', 'n_jobs': None, 'penalty': 'l2', 'random_state': 42, 'solver': 'sag', 'tol': 0.0001, 'verbose': 0, 'warm_start': False}",0.07234764099121094
Coffee,10,20,2,2,KNN,Time_Warping,8,"{'sigma': 0.3, 'knot': 6}",0.9133333333333333,0.9162149329428743,"{'algorithm': 'auto', 'leaf_size': 30, 'metric': 'euclidean', 'metric_params': None, 'n_jobs': None, 'n_neighbors': np.int64(9), 'p': 2, 'weights': 'distance'}",0.021083354949951172
Coffee,10,20,2,2,RandomForest,Time_Warping,8,"{'sigma': 0.3, 'knot': 6}",0.8466666666666667,0.8461076195847769,"{'bootstrap': True, 'ccp_alpha': 0.0, 'class_weight': 'balanced', 'criterion': 'gini', 'max_depth': None, 'max_features': 'sqrt', 'max_leaf_nodes': None, 'max_samples': None, 'min_impurity_decrease': 0.0, 'min_samples_leaf': 1, 'min_samples_split': 2, 'min_weight_fraction_leaf': 0.0, 'monotonic_cst': None, 'n_estimators': 50, 'n_jobs': None, 'oob_score': False, 'random_state': 42, 'verbose': 0, 'warm_start': False}",0.787797212600708
Coffee,10,20,2,2,LinearSVC,Time_Warping,8,"{'sigma': 0.3, 'knot': 6}",0.6516666666666666,0.6391841877313174,"{'C': np.float64(33.59818286283781), 'class_weight': 'balanced', 'dual': False, 'fit_intercept': True, 'intercept_scaling': 1, 'loss': 'squared_hinge', 'max_iter': 100, 'multi_class': 'ovr', 'penalty': 'l1', 'random_state': 42, 'tol': 0.001, 'verbose': 0}",0.041286468505859375
Coffee,10,20,2,2,LogisticRegression,Time_Warping,8,"{'sigma': 0.3, 'knot': 6}",0.6433333333333333,0.6250943723782647,"{'C': np.float64(183.29807108324337), 'class_weight': 'balanced', 'dual': False, 'fit_intercept': True, 'intercept_scaling': 1, 'l1_ratio': None, 'max_iter': 100, 'multi_class': 'deprecated', 'n_jobs': None, 'penalty': 'l1', 'random_state': 42, 'solver': 'saga', 'tol': 0.0001, 'verbose': 0, 'warm_start': False}",0.0604708194732666
Coffee,10,20,2,2,KNN,Time_Warping,9,"{'sigma': 0.1, 'knot': 6}",0.9366666666666666,0.9375438713787986,"{'algorithm': 'auto', 'leaf_size': 30, 'metric': 'euclidean', 'metric_params': None, 'n_jobs': None, 'n_neighbors': np.int64(9), 'p': 2, 'weights': 'distance'}",0.022948503494262695
Coffee,10,20,2,2,RandomForest,Time_Warping,9,"{'sigma': 0.1, 'knot': 6}",0.8883333333333333,0.8909496365989238,"{'bootstrap': True, 'ccp_alpha': 0.0, 'class_weight': 'balanced', 'criterion': 'gini', 'max_depth': 20, 'max_features': 'sqrt', 'max_leaf_nodes': None, 'max_samples': None, 'min_impurity_decrease': 0.0, 'min_samples_leaf': 1, 'min_samples_split': 2, 'min_weight_fraction_leaf': 0.0, 'monotonic_cst': None, 'n_estimators': 50, 'n_jobs': None, 'oob_score': False, 'random_state': 42, 'verbose': 0, 'warm_start': False}",0.6610465049743652
Coffee,10,20,2,2,LinearSVC,Time_Warping,9,"{'sigma': 0.1, 'knot': 6}",0.6733333333333333,0.6507722158080892,"{'C': np.float64(183.29807108324337), 'class_weight': 'balanced', 'dual': False, 'fit_intercept': True, 'intercept_scaling': 1, 'loss': 'squared_hinge', 'max_iter': 100, 'multi_class': 'ovr', 'penalty': 'l1', 'random_state': 42, 'tol': 0.0001, 'verbose': 0}",0.06713700294494629
Coffee,10,20,2,2,LogisticRegression,Time_Warping,9,"{'sigma': 0.1, 'knot': 6}",0.76,0.7644593430743645,"{'C': np.float64(183.29807108324337), 'class_weight': None, 'dual': False, 'fit_intercept': True, 'intercept_scaling': 1, 'l1_ratio': None, 'max_iter': 100, 'multi_class': 'deprecated', 'n_jobs': None, 'penalty': 'l2', 'random_state': 42, 'solver': 'saga', 'tol': 0.0001, 'verbose': 0, 'warm_start': False}",0.051941633224487305
Coffee,10,20,2,2,KNN,Time_Warping,10,"{'sigma': 0.1, 'knot': 8}",0.9116666666666666,0.9144888703980754,"{'algorithm': 'auto', 'leaf_size': 30, 'metric': 'euclidean', 'metric_params': None, 'n_jobs': None, 'n_neighbors': np.int64(9), 'p': 2, 'weights': 'distance'}",0.019186735153198242
Coffee,10,20,2,2,RandomForest,Time_Warping,10,"{'sigma': 0.1, 'knot': 8}",0.8416666666666667,0.8398934820218851,"{'bootstrap': True, 'ccp_alpha': 0.0, 'class_weight': 'balanced', 'criterion': 'gini', 'max_depth': None, 'max_features': 'sqrt', 'max_leaf_nodes': None, 'max_samples': None, 'min_impurity_decrease': 0.0, 'min_samples_leaf': 1, 'min_samples_split': 2, 'min_weight_fraction_leaf': 0.0, 'monotonic_cst': None, 'n_estimators': 50, 'n_jobs': None, 'oob_score': False, 'random_state': 42, 'verbose': 0, 'warm_start': False}",0.6743285655975342
Coffee,10,20,2,2,LinearSVC,Time_Warping,10,"{'sigma': 0.1, 'knot': 8}",0.6466666666666666,0.6266588369376026,"{'C': np.float64(1000.0), 'class_weight': 'balanced', 'dual': False, 'fit_intercept': True, 'intercept_scaling': 1, 'loss': 'squared_hinge', 'max_iter': 100, 'multi_class': 'ovr', 'penalty': 'l2', 'random_state': 42, 'tol': 0.001, 'verbose': 0}",0.027172088623046875
Coffee,10,20,2,2,LogisticRegression,Time_Warping,10,"{'sigma': 0.1, 'knot': 8}",0.6683333333333333,0.659092613652457,"{'C': np.float64(33.59818286283781), 'class_weight': 'balanced', 'dual': False, 'fit_intercept': True, 'intercept_scaling': 1, 'l1_ratio': None, 'max_iter': 100, 'multi_class': 'deprecated', 'n_jobs': None, 'penalty': 'l2', 'random_state': 42, 'solver': 'saga', 'tol': 0.0001, 'verbose': 0, 'warm_start': False}",0.05854654312133789
Coffee,10,20,2,3,KNN,Time_Warping,1,"{'sigma': 0.2, 'knot': 4}",0.9166666666666666,0.9188598783972963,"{'algorithm': 'auto', 'leaf_size': 30, 'metric': 'euclidean', 'metric_params': None, 'n_jobs': None, 'n_neighbors': np.int64(9), 'p': 2, 'weights': 'distance'}",0.029134750366210938
Coffee,10,20,2,3,RandomForest,Time_Warping,1,"{'sigma': 0.2, 'knot': 4}",0.85,0.850177937540109,"{'bootstrap': True, 'ccp_alpha': 0.0, 'class_weight': 'balanced', 'criterion': 'gini', 'max_depth': 30, 'max_features': 'sqrt', 'max_leaf_nodes': None, 'max_samples': None, 'min_impurity_decrease': 0.0, 'min_samples_leaf': 1, 'min_samples_split': 2, 'min_weight_fraction_leaf': 0.0, 'monotonic_cst': None, 'n_estimators': 150, 'n_jobs': None, 'oob_score': False, 'random_state': 42, 'verbose': 0, 'warm_start': False}",3.9029603004455566
Coffee,10,20,2,3,LinearSVC,Time_Warping,1,"{'sigma': 0.2, 'knot': 4}",0.6466666666666666,0.6267614792345856,"{'C': np.float64(33.59818286283781), 'class_weight': 'balanced', 'dual': False, 'fit_intercept': True, 'intercept_scaling': 1, 'loss': 'squared_hinge', 'max_iter': 100, 'multi_class': 'ovr', 'penalty': 'l1', 'random_state': 42, 'tol': 0.001, 'verbose': 0}",0.06720471382141113
Coffee,10,20,2,3,LogisticRegression,Time_Warping,1,"{'sigma': 0.2, 'knot': 4}",0.645,0.6237864304469299,"{'C': np.float64(33.59818286283781), 'class_weight': 'balanced', 'dual': False, 'fit_intercept': True, 'intercept_scaling': 1, 'l1_ratio': None, 'max_iter': 100, 'multi_class': 'deprecated', 'n_jobs': None, 'penalty': 'l2', 'random_state': 42, 'solver': 'saga', 'tol': 0.0001, 'verbose': 0, 'warm_start': False}",0.07837533950805664
Coffee,10,20,2,3,KNN,Time_Warping,2,"{'sigma': 0.2, 'knot': 3}",0.9066666666666666,0.9099545188308154,"{'algorithm': 'auto', 'leaf_size': 30, 'metric': 'euclidean', 'metric_params': None, 'n_jobs': None, 'n_neighbors': np.int64(9), 'p': 2, 'weights': 'distance'}",0.03353548049926758
Coffee,10,20,2,3,RandomForest,Time_Warping,2,"{'sigma': 0.2, 'knot': 3}",0.8416666666666667,0.8365866890408582,"{'bootstrap': True, 'ccp_alpha': 0.0, 'class_weight': 'balanced', 'criterion': 'gini', 'max_depth': 30, 'max_features': 'sqrt', 'max_leaf_nodes': None, 'max_samples': None, 'min_impurity_decrease': 0.0, 'min_samples_leaf': 1, 'min_samples_split': 2, 'min_weight_fraction_leaf': 0.0, 'monotonic_cst': None, 'n_estimators': 150, 'n_jobs': None, 'oob_score': False, 'random_state': 42, 'verbose': 0, 'warm_start': False}",3.1839983463287354
Coffee,10,20,2,3,LinearSVC,Time_Warping,2,"{'sigma': 0.2, 'knot': 3}",0.6466666666666666,0.6278659611992945,"{'C': np.float64(1000.0), 'class_weight': 'balanced', 'dual': False, 'fit_intercept': True, 'intercept_scaling': 1, 'loss': 'squared_hinge', 'max_iter': 100, 'multi_class': 'ovr', 'penalty': 'l2', 'random_state': 42, 'tol': 0.001, 'verbose': 0}",0.025877952575683594
Coffee,10,20,2,3,LogisticRegression,Time_Warping,2,"{'sigma': 0.2, 'knot': 3}",0.6466666666666666,0.6265334605109403,"{'C': np.float64(33.59818286283781), 'class_weight': 'balanced', 'dual': False, 'fit_intercept': True, 'intercept_scaling': 1, 'l1_ratio': None, 'max_iter': 100, 'multi_class': 'deprecated', 'n_jobs': None, 'penalty': 'l2', 'random_state': 42, 'solver': 'saga', 'tol': 0.0001, 'verbose': 0, 'warm_start': False}",0.07300686836242676
Coffee,10,20,2,3,KNN,Time_Warping,3,"{'sigma': 0.5, 'knot': 4}",0.9083333333333333,0.9119252735851774,"{'algorithm': 'auto', 'leaf_size': 30, 'metric': 'euclidean', 'metric_params': None, 'n_jobs': None, 'n_neighbors': np.int64(9), 'p': 2, 'weights': 'distance'}",0.03502321243286133
Coffee,10,20,2,3,RandomForest,Time_Warping,3,"{'sigma': 0.5, 'knot': 4}",0.825,0.8173185216791613,"{'bootstrap': True, 'ccp_alpha': 0.0, 'class_weight': 'balanced', 'criterion': 'gini', 'max_depth': 30, 'max_features': 'sqrt', 'max_leaf_nodes': None, 'max_samples': None, 'min_impurity_decrease': 0.0, 'min_samples_leaf': 1, 'min_samples_split': 2, 'min_weight_fraction_leaf': 0.0, 'monotonic_cst': None, 'n_estimators': 150, 'n_jobs': None, 'oob_score': False, 'random_state': 42, 'verbose': 0, 'warm_start': False}",3.285937547683716
Coffee,10,20,2,3,LinearSVC,Time_Warping,3,"{'sigma': 0.5, 'knot': 4}",0.6433333333333333,0.6237874779541447,"{'C': np.float64(1000.0), 'class_weight': 'balanced', 'dual': False, 'fit_intercept': True, 'intercept_scaling': 1, 'loss': 'squared_hinge', 'max_iter': 100, 'multi_class': 'ovr', 'penalty': 'l2', 'random_state': 42, 'tol': 0.001, 'verbose': 0}",0.025557279586791992
Coffee,10,20,2,3,LogisticRegression,Time_Warping,3,"{'sigma': 0.5, 'knot': 4}",0.645,0.6237864304469299,"{'C': np.float64(33.59818286283781), 'class_weight': 'balanced', 'dual': False, 'fit_intercept': True, 'intercept_scaling': 1, 'l1_ratio': None, 'max_iter': 100, 'multi_class': 'deprecated', 'n_jobs': None, 'penalty': 'l2', 'random_state': 42, 'solver': 'saga', 'tol': 0.0001, 'verbose': 0, 'warm_start': False}",0.07017183303833008
Coffee,10,20,2,3,KNN,Time_Warping,4,"{'sigma': 0.05, 'knot': 8}",0.9183333333333333,0.9207649325338938,"{'algorithm': 'auto', 'leaf_size': 30, 'metric': 'minkowski', 'metric_params': None, 'n_jobs': None, 'n_neighbors': np.int64(13), 'p': 4, 'weights': 'distance'}",0.07005929946899414
Coffee,10,20,2,3,RandomForest,Time_Warping,4,"{'sigma': 0.05, 'knot': 8}",0.8516666666666667,0.8499436427706386,"{'bootstrap': True, 'ccp_alpha': 0.0, 'class_weight': 'balanced', 'criterion': 'gini', 'max_depth': 30, 'max_features': 'sqrt', 'max_leaf_nodes': None, 'max_samples': None, 'min_impurity_decrease': 0.0, 'min_samples_leaf': 1, 'min_samples_split': 2, 'min_weight_fraction_leaf': 0.0, 'monotonic_cst': None, 'n_estimators': 150, 'n_jobs': None, 'oob_score': False, 'random_state': 42, 'verbose': 0, 'warm_start': False}",3.215013027191162
Coffee,10,20,2,3,LinearSVC,Time_Warping,4,"{'sigma': 0.05, 'knot': 8}",0.7566666666666667,0.7612721968217219,"{'C': np.float64(1000.0), 'class_weight': 'balanced', 'dual': False, 'fit_intercept': True, 'intercept_scaling': 1, 'loss': 'squared_hinge', 'max_iter': 100, 'multi_class': 'ovr', 'penalty': 'l2', 'random_state': 42, 'tol': 0.001, 'verbose': 0}",0.040232181549072266
Coffee,10,20,2,3,LogisticRegression,Time_Warping,4,"{'sigma': 0.05, 'knot': 8}",0.7366666666666667,0.7497231741664404,"{'C': np.float64(33.59818286283781), 'class_weight': 'balanced', 'dual': False, 'fit_intercept': True, 'intercept_scaling': 1, 'l1_ratio': None, 'max_iter': 100, 'multi_class': 'deprecated', 'n_jobs': None, 'penalty': 'l2', 'random_state': 42, 'solver': 'saga', 'tol': 0.0001, 'verbose': 0, 'warm_start': False}",0.10518932342529297
Coffee,10,20,2,3,KNN,Time_Warping,5,"{'sigma': 0.1, 'knot': 4}",0.885,0.8905245838345718,"{'algorithm': 'auto', 'leaf_size': 30, 'metric': 'minkowski', 'metric_params': None, 'n_jobs': None, 'n_neighbors': np.int64(13), 'p': 4, 'weights': 'distance'}",0.10902810096740723
Coffee,10,20,2,3,RandomForest,Time_Warping,5,"{'sigma': 0.1, 'knot': 4}",0.8583333333333333,0.8601177824421478,"{'bootstrap': True, 'ccp_alpha': 0.0, 'class_weight': 'balanced', 'criterion': 'gini', 'max_depth': 30, 'max_features': 'sqrt', 'max_leaf_nodes': None, 'max_samples': None, 'min_impurity_decrease': 0.0, 'min_samples_leaf': 1, 'min_samples_split': 2, 'min_weight_fraction_leaf': 0.0, 'monotonic_cst': None, 'n_estimators': 150, 'n_jobs': None, 'oob_score': False, 'random_state': 42, 'verbose': 0, 'warm_start': False}",3.4503870010375977
Coffee,10,20,2,3,LinearSVC,Time_Warping,5,"{'sigma': 0.1, 'knot': 4}",0.6483333333333333,0.6283828302176926,"{'C': np.float64(1000.0), 'class_weight': 'balanced', 'dual': False, 'fit_intercept': True, 'intercept_scaling': 1, 'loss': 'squared_hinge', 'max_iter': 100, 'multi_class': 'ovr', 'penalty': 'l2', 'random_state': 42, 'tol': 0.001, 'verbose': 0}",0.03904414176940918
Coffee,10,20,2,3,LogisticRegression,Time_Warping,5,"{'sigma': 0.1, 'knot': 4}",0.6466666666666666,0.6269104630946737,"{'C': np.float64(33.59818286283781), 'class_weight': 'balanced', 'dual': False, 'fit_intercept': True, 'intercept_scaling': 1, 'l1_ratio': None, 'max_iter': 100, 'multi_class': 'deprecated', 'n_jobs': None, 'penalty': 'l2', 'random_state': 42, 'solver': 'saga', 'tol': 0.0001, 'verbose': 0, 'warm_start': False}",0.09079599380493164
Coffee,10,20,2,3,KNN,Time_Warping,6,"{'sigma': 0.3, 'knot': 6}",0.8866666666666667,0.8917389768793964,"{'algorithm': 'auto', 'leaf_size': 30, 'metric': 'minkowski', 'metric_params': None, 'n_jobs': None, 'n_neighbors': np.int64(13), 'p': 4, 'weights': 'distance'}",0.1303267478942871
Coffee,10,20,2,3,RandomForest,Time_Warping,6,"{'sigma': 0.3, 'knot': 6}",0.8416666666666667,0.8351572513063196,"{'bootstrap': True, 'ccp_alpha': 0.0, 'class_weight': 'balanced', 'criterion': 'gini', 'max_depth': 30, 'max_features': 'sqrt', 'max_leaf_nodes': None, 'max_samples': None, 'min_impurity_decrease': 0.0, 'min_samples_leaf': 1, 'min_samples_split': 2, 'min_weight_fraction_leaf': 0.0, 'monotonic_cst': None, 'n_estimators': 150, 'n_jobs': None, 'oob_score': False, 'random_state': 42, 'verbose': 0, 'warm_start': False}",3.869717597961426
Coffee,10,20,2,3,LinearSVC,Time_Warping,6,"{'sigma': 0.3, 'knot': 6}",0.645,0.6251602499951244,"{'C': np.float64(1000.0), 'class_weight': 'balanced', 'dual': False, 'fit_intercept': True, 'intercept_scaling': 1, 'loss': 'squared_hinge', 'max_iter': 100, 'multi_class': 'ovr', 'penalty': 'l2', 'random_state': 42, 'tol': 0.001, 'verbose': 0}",0.03169560432434082
Coffee,10,20,2,3,LogisticRegression,Time_Warping,6,"{'sigma': 0.3, 'knot': 6}",0.645,0.6237864304469299,"{'C': np.float64(2.6366508987303554), 'class_weight': 'balanced', 'dual': False, 'fit_intercept': True, 'intercept_scaling': 1, 'l1_ratio': None, 'max_iter': 100, 'multi_class': 'deprecated', 'n_jobs': None, 'penalty': 'l1', 'random_state': 42, 'solver': 'saga', 'tol': 0.0001, 'verbose': 0, 'warm_start': False}",0.4970216751098633
Coffee,10,20,2,3,KNN,Time_Warping,7,"{'sigma': 0.05, 'knot': 6}",0.905,0.9082133542274903,"{'algorithm': 'auto', 'leaf_size': 30, 'metric': 'euclidean', 'metric_params': None, 'n_jobs': None, 'n_neighbors': np.int64(9), 'p': 2, 'weights': 'distance'}",0.024457693099975586
Coffee,10,20,2,3,RandomForest,Time_Warping,7,"{'sigma': 0.05, 'knot': 6}",0.8416666666666667,0.8372779295505284,"{'bootstrap': True, 'ccp_alpha': 0.0, 'class_weight': 'balanced', 'criterion': 'gini', 'max_depth': None, 'max_features': 'sqrt', 'max_leaf_nodes': None, 'max_samples': None, 'min_impurity_decrease': 0.0, 'min_samples_leaf': 1, 'min_samples_split': 2, 'min_weight_fraction_leaf': 0.0, 'monotonic_cst': None, 'n_estimators': 50, 'n_jobs': None, 'oob_score': False, 'random_state': 42, 'verbose': 0, 'warm_start': False}",1.0856091976165771
Coffee,10,20,2,3,LinearSVC,Time_Warping,7,"{'sigma': 0.05, 'knot': 6}",0.6966666666666667,0.6898817418213969,"{'C': np.float64(1000.0), 'class_weight': 'balanced', 'dual': False, 'fit_intercept': True, 'intercept_scaling': 1, 'loss': 'squared_hinge', 'max_iter': 100, 'multi_class': 'ovr', 'penalty': 'l2', 'random_state': 42, 'tol': 0.001, 'verbose': 0}",0.03583550453186035
Coffee,10,20,2,3,LogisticRegression,Time_Warping,7,"{'sigma': 0.05, 'knot': 6}",0.7716666666666666,0.7819312627590168,"{'C': np.float64(33.59818286283781), 'class_weight': 'balanced', 'dual': False, 'fit_intercept': True, 'intercept_scaling': 1, 'l1_ratio': None, 'max_iter': 100, 'multi_class': 'deprecated', 'n_jobs': None, 'penalty': 'l2', 'random_state': 42, 'solver': 'saga', 'tol': 0.0001, 'verbose': 0, 'warm_start': False}",0.07588744163513184
Coffee,10,20,2,3,KNN,Time_Warping,8,"{'sigma': 0.3, 'knot': 6}",0.9066666666666666,0.9095353996781834,"{'algorithm': 'auto', 'leaf_size': 30, 'metric': 'euclidean', 'metric_params': None, 'n_jobs': None, 'n_neighbors': np.int64(9), 'p': 2, 'weights': 'distance'}",0.029026508331298828
Coffee,10,20,2,3,RandomForest,Time_Warping,8,"{'sigma': 0.3, 'knot': 6}",0.8433333333333334,0.8425824730609797,"{'bootstrap': True, 'ccp_alpha': 0.0, 'class_weight': 'balanced', 'criterion': 'gini', 'max_depth': None, 'max_features': 'sqrt', 'max_leaf_nodes': None, 'max_samples': None, 'min_impurity_decrease': 0.0, 'min_samples_leaf': 1, 'min_samples_split': 2, 'min_weight_fraction_leaf': 0.0, 'monotonic_cst': None, 'n_estimators': 50, 'n_jobs': None, 'oob_score': False, 'random_state': 42, 'verbose': 0, 'warm_start': False}",1.1457138061523438
Coffee,10,20,2,3,LinearSVC,Time_Warping,8,"{'sigma': 0.3, 'knot': 6}",0.645,0.6237864304469299,"{'C': np.float64(2.6366508987303554), 'class_weight': 'balanced', 'dual': False, 'fit_intercept': True, 'intercept_scaling': 1, 'loss': 'squared_hinge', 'max_iter': 100, 'multi_class': 'ovr', 'penalty': 'l1', 'random_state': 42, 'tol': 0.0001, 'verbose': 0}",0.06442737579345703
Coffee,10,20,2,3,LogisticRegression,Time_Warping,8,"{'sigma': 0.3, 'knot': 6}",0.6466666666666666,0.6237019285632773,"{'C': np.float64(33.59818286283781), 'class_weight': 'balanced', 'dual': False, 'fit_intercept': True, 'intercept_scaling': 1, 'l1_ratio': None, 'max_iter': 100, 'multi_class': 'deprecated', 'n_jobs': None, 'penalty': 'l2', 'random_state': 42, 'solver': 'saga', 'tol': 0.0001, 'verbose': 0, 'warm_start': False}",0.06522083282470703
Coffee,10,20,2,3,KNN,Time_Warping,9,"{'sigma': 0.1, 'knot': 6}",0.9016666666666666,0.9056840817366703,"{'algorithm': 'auto', 'leaf_size': 30, 'metric': 'euclidean', 'metric_params': None, 'n_jobs': None, 'n_neighbors': np.int64(9), 'p': 2, 'weights': 'distance'}",0.029221534729003906
Coffee,10,20,2,3,RandomForest,Time_Warping,9,"{'sigma': 0.1, 'knot': 6}",0.85,0.8507227159153387,"{'bootstrap': True, 'ccp_alpha': 0.0, 'class_weight': 'balanced', 'criterion': 'gini', 'max_depth': None, 'max_features': 'sqrt', 'max_leaf_nodes': None, 'max_samples': None, 'min_impurity_decrease': 0.0, 'min_samples_leaf': 1, 'min_samples_split': 2, 'min_weight_fraction_leaf': 0.0, 'monotonic_cst': None, 'n_estimators': 50, 'n_jobs': None, 'oob_score': False, 'random_state': 42, 'verbose': 0, 'warm_start': False}",0.9609630107879639
Coffee,10,20,2,3,LinearSVC,Time_Warping,9,"{'sigma': 0.1, 'knot': 6}",0.6483333333333333,0.6271868778372159,"{'C': np.float64(1000.0), 'class_weight': 'balanced', 'dual': False, 'fit_intercept': True, 'intercept_scaling': 1, 'loss': 'squared_hinge', 'max_iter': 100, 'multi_class': 'ovr', 'penalty': 'l2', 'random_state': 42, 'tol': 0.001, 'verbose': 0}",0.0399165153503418
Coffee,10,20,2,3,LogisticRegression,Time_Warping,9,"{'sigma': 0.1, 'knot': 6}",0.645,0.6242622748918504,"{'C': np.float64(33.59818286283781), 'class_weight': 'balanced', 'dual': False, 'fit_intercept': True, 'intercept_scaling': 1, 'l1_ratio': None, 'max_iter': 100, 'multi_class': 'deprecated', 'n_jobs': None, 'penalty': 'l2', 'random_state': 42, 'solver': 'saga', 'tol': 0.0001, 'verbose': 0, 'warm_start': False}",0.08330225944519043
Coffee,10,20,2,3,KNN,Time_Warping,10,"{'sigma': 0.1, 'knot': 8}",0.8833333333333333,0.8890421821173993,"{'algorithm': 'auto', 'leaf_size': 30, 'metric': 'minkowski', 'metric_params': None, 'n_jobs': None, 'n_neighbors': np.int64(13), 'p': 4, 'weights': 'distance'}",0.0852653980255127
Coffee,10,20,2,3,RandomForest,Time_Warping,10,"{'sigma': 0.1, 'knot': 8}",0.8516666666666667,0.8505249400467441,"{'bootstrap': True, 'ccp_alpha': 0.0, 'class_weight': 'balanced', 'criterion': 'gini', 'max_depth': 30, 'max_features': 'sqrt', 'max_leaf_nodes': None, 'max_samples': None, 'min_impurity_decrease': 0.0, 'min_samples_leaf': 1, 'min_samples_split': 2, 'min_weight_fraction_leaf': 0.0, 'monotonic_cst': None, 'n_estimators': 150, 'n_jobs': None, 'oob_score': False, 'random_state': 42, 'verbose': 0, 'warm_start': False}",3.1457653045654297
Coffee,10,20,2,3,LinearSVC,Time_Warping,10,"{'sigma': 0.1, 'knot': 8}",0.65,0.6283819268618464,"{'C': np.float64(2.6366508987303554), 'class_weight': 'balanced', 'dual': False, 'fit_intercept': True, 'intercept_scaling': 1, 'loss': 'squared_hinge', 'max_iter': 100, 'multi_class': 'ovr', 'penalty': 'l1', 'random_state': 42, 'tol': 0.0001, 'verbose': 0}",0.10231637954711914
Coffee,10,20,2,3,LogisticRegression,Time_Warping,10,"{'sigma': 0.1, 'knot': 8}",0.6516666666666666,0.6310016515218546,"{'C': np.float64(33.59818286283781), 'class_weight': 'balanced', 'dual': False, 'fit_intercept': True, 'intercept_scaling': 1, 'l1_ratio': None, 'max_iter': 100, 'multi_class': 'deprecated', 'n_jobs': None, 'penalty': 'l2', 'random_state': 42, 'solver': 'saga', 'tol': 0.0001, 'verbose': 0, 'warm_start': False}",0.08258247375488281
Coffee,10,20,2,5,KNN,Time_Warping,1,"{'sigma': 0.2, 'knot': 4}",0.9066666666666666,0.9101835693152748,"{'algorithm': 'auto', 'leaf_size': 30, 'metric': 'euclidean', 'metric_params': None, 'n_jobs': None, 'n_neighbors': np.int64(15), 'p': 2, 'weights': 'distance'}",0.05681467056274414
Coffee,10,20,2,5,RandomForest,Time_Warping,1,"{'sigma': 0.2, 'knot': 4}",0.83,0.8240884783015588,"{'bootstrap': True, 'ccp_alpha': 0.0, 'class_weight': None, 'criterion': 'gini', 'max_depth': None, 'max_features': 'sqrt', 'max_leaf_nodes': None, 'max_samples': None, 'min_impurity_decrease': 0.0, 'min_samples_leaf': 4, 'min_samples_split': 2, 'min_weight_fraction_leaf': 0.0, 'monotonic_cst': None, 'n_estimators': 50, 'n_jobs': None, 'oob_score': False, 'random_state': 42, 'verbose': 0, 'warm_start': False}",2.082822799682617
Coffee,10,20,2,5,LinearSVC,Time_Warping,1,"{'sigma': 0.2, 'knot': 4}",0.36,0.36595556334217816,"{'C': np.float64(0.0069519279617756054), 'class_weight': 'balanced', 'dual': False, 'fit_intercept': False, 'intercept_scaling': 1, 'loss': 'squared_hinge', 'max_iter': 100, 'multi_class': 'ovr', 'penalty': 'l2', 'random_state': 42, 'tol': 0.0001, 'verbose': 0}",0.0522921085357666
Coffee,10,20,2,5,LogisticRegression,Time_Warping,1,"{'sigma': 0.2, 'knot': 4}",0.645,0.6251602499951244,"{'C': np.float64(2.6366508987303554), 'class_weight': 'balanced', 'dual': False, 'fit_intercept': True, 'intercept_scaling': 1, 'l1_ratio': None, 'max_iter': 100, 'multi_class': 'deprecated', 'n_jobs': None, 'penalty': 'l1', 'random_state': 42, 'solver': 'saga', 'tol': 0.0001, 'verbose': 0, 'warm_start': False}",0.7676761150360107
Coffee,10,20,2,5,KNN,Time_Warping,2,"{'sigma': 0.2, 'knot': 3}",0.9,0.9047221813741874,"{'algorithm': 'auto', 'leaf_size': 30, 'metric': 'euclidean', 'metric_params': None, 'n_jobs': None, 'n_neighbors': np.int64(15), 'p': 2, 'weights': 'distance'}",0.046842098236083984
Coffee,10,20,2,5,RandomForest,Time_Warping,2,"{'sigma': 0.2, 'knot': 3}",0.8233333333333334,0.8197255450199508,"{'bootstrap': True, 'ccp_alpha': 0.0, 'class_weight': 'balanced', 'criterion': 'gini', 'max_depth': None, 'max_features': 'sqrt', 'max_leaf_nodes': None, 'max_samples': None, 'min_impurity_decrease': 0.0, 'min_samples_leaf': 2, 'min_samples_split': 20, 'min_weight_fraction_leaf': 0.0, 'monotonic_cst': None, 'n_estimators': 150, 'n_jobs': None, 'oob_score': False, 'random_state': 42, 'verbose': 0, 'warm_start': False}",5.687828779220581
Coffee,10,20,2,5,LinearSVC,Time_Warping,2,"{'sigma': 0.2, 'knot': 3}",0.3283333333333333,0.32009083055567794,"{'C': np.float64(0.0069519279617756054), 'class_weight': 'balanced', 'dual': False, 'fit_intercept': False, 'intercept_scaling': 1, 'loss': 'squared_hinge', 'max_iter': 100, 'multi_class': 'ovr', 'penalty': 'l2', 'random_state': 42, 'tol': 0.0001, 'verbose': 0}",0.04181480407714844
Coffee,10,20,2,5,LogisticRegression,Time_Warping,2,"{'sigma': 0.2, 'knot': 3}",0.645,0.5532513463547946,"{'C': np.float64(0.000545559478116852), 'class_weight': None, 'dual': False, 'fit_intercept': True, 'intercept_scaling': 1, 'l1_ratio': None, 'max_iter': 100, 'multi_class': 'deprecated', 'n_jobs': None, 'penalty': 'l2', 'random_state': 42, 'solver': 'saga', 'tol': 0.0001, 'verbose': 0, 'warm_start': False}",0.09586381912231445
Coffee,10,20,2,5,KNN,Time_Warping,3,"{'sigma': 0.5, 'knot': 4}",0.8933333333333333,0.8985031751777421,"{'algorithm': 'auto', 'leaf_size': 30, 'metric': 'euclidean', 'metric_params': None, 'n_jobs': None, 'n_neighbors': np.int64(15), 'p': 2, 'weights': 'distance'}",0.04723620414733887
Coffee,10,20,2,5,RandomForest,Time_Warping,3,"{'sigma': 0.5, 'knot': 4}",0.8066666666666666,0.8036840521888956,"{'bootstrap': True, 'ccp_alpha': 0.0, 'class_weight': 'balanced', 'criterion': 'gini', 'max_depth': None, 'max_features': 'sqrt', 'max_leaf_nodes': None, 'max_samples': None, 'min_impurity_decrease': 0.0, 'min_samples_leaf': 2, 'min_samples_split': 20, 'min_weight_fraction_leaf': 0.0, 'monotonic_cst': None, 'n_estimators': 150, 'n_jobs': None, 'oob_score': False, 'random_state': 42, 'verbose': 0, 'warm_start': False}",6.19194483757019
Coffee,10,20,2,5,LinearSVC,Time_Warping,3,"{'sigma': 0.5, 'knot': 4}",0.63,0.6128115520530382,"{'C': np.float64(1000.0), 'class_weight': 'balanced', 'dual': False, 'fit_intercept': True, 'intercept_scaling': 1, 'loss': 'squared_hinge', 'max_iter': 100, 'multi_class': 'ovr', 'penalty': 'l2', 'random_state': 42, 'tol': 0.001, 'verbose': 0}",0.05223989486694336
Coffee,10,20,2,5,LogisticRegression,Time_Warping,3,"{'sigma': 0.5, 'knot': 4}",0.605,0.5301226551226551,"{'C': np.float64(0.000545559478116852), 'class_weight': None, 'dual': False, 'fit_intercept': True, 'intercept_scaling': 1, 'l1_ratio': None, 'max_iter': 100, 'multi_class': 'deprecated', 'n_jobs': None, 'penalty': 'l2', 'random_state': 42, 'solver': 'saga', 'tol': 0.0001, 'verbose': 0, 'warm_start': False}",0.11392354965209961
Coffee,10,20,2,5,KNN,Time_Warping,4,"{'sigma': 0.05, 'knot': 8}",0.9083333333333333,0.9121423466155505,"{'algorithm': 'auto', 'leaf_size': 30, 'metric': 'manhattan', 'metric_params': None, 'n_jobs': None, 'n_neighbors': np.int64(5), 'p': 2, 'weights': 'distance'}",0.04117393493652344
Coffee,10,20,2,5,RandomForest,Time_Warping,4,"{'sigma': 0.05, 'knot': 8}",0.835,0.8313913406033273,"{'bootstrap': True, 'ccp_alpha': 0.0, 'class_weight': 'balanced', 'criterion': 'gini', 'max_depth': None, 'max_features': 'sqrt', 'max_leaf_nodes': None, 'max_samples': None, 'min_impurity_decrease': 0.0, 'min_samples_leaf': 2, 'min_samples_split': 20, 'min_weight_fraction_leaf': 0.0, 'monotonic_cst': None, 'n_estimators': 150, 'n_jobs': None, 'oob_score': False, 'random_state': 42, 'verbose': 0, 'warm_start': False}",5.573354244232178
Coffee,10,20,2,5,LinearSVC,Time_Warping,4,"{'sigma': 0.05, 'knot': 8}",0.5766666666666667,0.586083776083776,"{'C': np.float64(0.0069519279617756054), 'class_weight': 'balanced', 'dual': False, 'fit_intercept': False, 'intercept_scaling': 1, 'loss': 'squared_hinge', 'max_iter': 100, 'multi_class': 'ovr', 'penalty': 'l2', 'random_state': 42, 'tol': 0.0001, 'verbose': 0}",0.05082964897155762
Coffee,10,20,2,5,LogisticRegression,Time_Warping,4,"{'sigma': 0.05, 'knot': 8}",0.6466666666666666,0.5543483587677772,"{'C': np.float64(0.000545559478116852), 'class_weight': None, 'dual': False, 'fit_intercept': True, 'intercept_scaling': 1, 'l1_ratio': None, 'max_iter': 100, 'multi_class': 'deprecated', 'n_jobs': None, 'penalty': 'l2', 'random_state': 42, 'solver': 'saga', 'tol': 0.0001, 'verbose': 0, 'warm_start': False}",0.1024174690246582
Coffee,10,20,2,5,KNN,Time_Warping,5,"{'sigma': 0.1, 'knot': 4}",0.91,0.912974979404687,"{'algorithm': 'auto', 'leaf_size': 30, 'metric': 'euclidean', 'metric_params': None, 'n_jobs': None, 'n_neighbors': np.int64(15), 'p': 2, 'weights': 'distance'}",0.04522204399108887
Coffee,10,20,2,5,RandomForest,Time_Warping,5,"{'sigma': 0.1, 'knot': 4}",0.8366666666666667,0.8292174035683083,"{'bootstrap': True, 'ccp_alpha': 0.0, 'class_weight': 'balanced', 'criterion': 'gini', 'max_depth': None, 'max_features': 'sqrt', 'max_leaf_nodes': None, 'max_samples': None, 'min_impurity_decrease': 0.0, 'min_samples_leaf': 1, 'min_samples_split': 2, 'min_weight_fraction_leaf': 0.0, 'monotonic_cst': None, 'n_estimators': 50, 'n_jobs': None, 'oob_score': False, 'random_state': 42, 'verbose': 0, 'warm_start': False}",1.9136102199554443
Coffee,10,20,2,5,LinearSVC,Time_Warping,5,"{'sigma': 0.1, 'knot': 4}",0.375,0.36691478045561504,"{'C': np.float64(0.0069519279617756054), 'class_weight': 'balanced', 'dual': False, 'fit_intercept': False, 'intercept_scaling': 1, 'loss': 'squared_hinge', 'max_iter': 100, 'multi_class': 'ovr', 'penalty': 'l2', 'random_state': 42, 'tol': 0.0001, 'verbose': 0}",0.046000003814697266
Coffee,10,20,2,5,LogisticRegression,Time_Warping,5,"{'sigma': 0.1, 'knot': 4}",0.6466666666666666,0.625607998814038,"{'C': np.float64(2.6366508987303554), 'class_weight': 'balanced', 'dual': False, 'fit_intercept': True, 'intercept_scaling': 1, 'l1_ratio': None, 'max_iter': 100, 'multi_class': 'deprecated', 'n_jobs': None, 'penalty': 'l1', 'random_state': 42, 'solver': 'saga', 'tol': 0.0001, 'verbose': 0, 'warm_start': False}",0.8313016891479492
Coffee,10,20,2,5,KNN,Time_Warping,6,"{'sigma': 0.3, 'knot': 6}",0.8916666666666667,0.8959685158901078,"{'algorithm': 'auto', 'leaf_size': 30, 'metric': 'euclidean', 'metric_params': None, 'n_jobs': None, 'n_neighbors': np.int64(15), 'p': 2, 'weights': 'distance'}",0.05749964714050293
Coffee,10,20,2,5,RandomForest,Time_Warping,6,"{'sigma': 0.3, 'knot': 6}",0.8283333333333334,0.8255334643690319,"{'bootstrap': True, 'ccp_alpha': 0.0, 'class_weight': 'balanced', 'criterion': 'gini', 'max_depth': None, 'max_features': 'sqrt', 'max_leaf_nodes': None, 'max_samples': None, 'min_impurity_decrease': 0.0, 'min_samples_leaf': 2, 'min_samples_split': 20, 'min_weight_fraction_leaf': 0.0, 'monotonic_cst': None, 'n_estimators': 150, 'n_jobs': None, 'oob_score': False, 'random_state': 42, 'verbose': 0, 'warm_start': False}",5.971453905105591
Coffee,10,20,2,5,LinearSVC,Time_Warping,6,"{'sigma': 0.3, 'knot': 6}",0.365,0.37167371819851913,"{'C': np.float64(0.0069519279617756054), 'class_weight': 'balanced', 'dual': False, 'fit_intercept': False, 'intercept_scaling': 1, 'loss': 'squared_hinge', 'max_iter': 100, 'multi_class': 'ovr', 'penalty': 'l2', 'random_state': 42, 'tol': 0.0001, 'verbose': 0}",0.04581093788146973
Coffee,10,20,2,5,LogisticRegression,Time_Warping,6,"{'sigma': 0.3, 'knot': 6}",0.645,0.6237864304469299,"{'C': np.float64(33.59818286283781), 'class_weight': 'balanced', 'dual': False, 'fit_intercept': True, 'intercept_scaling': 1, 'l1_ratio': None, 'max_iter': 100, 'multi_class': 'deprecated', 'n_jobs': None, 'penalty': 'l2', 'random_state': 42, 'solver': 'saga', 'tol': 0.0001, 'verbose': 0, 'warm_start': False}",0.14180660247802734
Coffee,10,20,2,5,KNN,Time_Warping,7,"{'sigma': 0.05, 'knot': 6}",0.9216666666666666,0.923457665639242,"{'algorithm': 'auto', 'leaf_size': 30, 'metric': 'euclidean', 'metric_params': None, 'n_jobs': None, 'n_neighbors': np.int64(15), 'p': 2, 'weights': 'distance'}",0.04369950294494629
Coffee,10,20,2,5,RandomForest,Time_Warping,7,"{'sigma': 0.05, 'knot': 6}",0.8666666666666667,0.864978054917652,"{'bootstrap': True, 'ccp_alpha': 0.0, 'class_weight': 'balanced', 'criterion': 'gini', 'max_depth': None, 'max_features': 'sqrt', 'max_leaf_nodes': None, 'max_samples': None, 'min_impurity_decrease': 0.0, 'min_samples_leaf': 1, 'min_samples_split': 2, 'min_weight_fraction_leaf': 0.0, 'monotonic_cst': None, 'n_estimators': 50, 'n_jobs': None, 'oob_score': False, 'random_state': 42, 'verbose': 0, 'warm_start': False}",1.7763006687164307
Coffee,10,20,2,5,LinearSVC,Time_Warping,7,"{'sigma': 0.05, 'knot': 6}",0.5366666666666666,0.5422210253214911,"{'C': np.float64(0.0069519279617756054), 'class_weight': 'balanced', 'dual': False, 'fit_intercept': False, 'intercept_scaling': 1, 'loss': 'squared_hinge', 'max_iter': 100, 'multi_class': 'ovr', 'penalty': 'l2', 'random_state': 42, 'tol': 0.0001, 'verbose': 0}",0.05674338340759277
Coffee,10,20,2,5,LogisticRegression,Time_Warping,7,"{'sigma': 0.05, 'knot': 6}",0.77,0.7798845176289583,"{'C': np.float64(2.6366508987303554), 'class_weight': 'balanced', 'dual': False, 'fit_intercept': True, 'intercept_scaling': 1, 'l1_ratio': None, 'max_iter': 100, 'multi_class': 'deprecated', 'n_jobs': None, 'penalty': 'l1', 'random_state': 42, 'solver': 'saga', 'tol': 0.0001, 'verbose': 0, 'warm_start': False}",0.8077595233917236
Coffee,10,20,2,5,KNN,Time_Warping,8,"{'sigma': 0.3, 'knot': 6}",0.8916666666666667,0.8967391753257042,"{'algorithm': 'auto', 'leaf_size': 30, 'metric': 'euclidean', 'metric_params': None, 'n_jobs': None, 'n_neighbors': np.int64(15), 'p': 2, 'weights': 'distance'}",0.06292343139648438
Coffee,10,20,2,5,RandomForest,Time_Warping,8,"{'sigma': 0.3, 'knot': 6}",0.8333333333333334,0.828509384152271,"{'bootstrap': True, 'ccp_alpha': 0.0, 'class_weight': 'balanced', 'criterion': 'gini', 'max_depth': None, 'max_features': 'sqrt', 'max_leaf_nodes': None, 'max_samples': None, 'min_impurity_decrease': 0.0, 'min_samples_leaf': 1, 'min_samples_split': 2, 'min_weight_fraction_leaf': 0.0, 'monotonic_cst': None, 'n_estimators': 50, 'n_jobs': None, 'oob_score': False, 'random_state': 42, 'verbose': 0, 'warm_start': False}",1.8648185729980469
Coffee,10,20,2,5,LinearSVC,Time_Warping,8,"{'sigma': 0.3, 'knot': 6}",0.6466666666666666,0.6278659611992945,"{'C': np.float64(1000.0), 'class_weight': 'balanced', 'dual': False, 'fit_intercept': True, 'intercept_scaling': 1, 'loss': 'squared_hinge', 'max_iter': 100, 'multi_class': 'ovr', 'penalty': 'l2', 'random_state': 42, 'tol': 0.001, 'verbose': 0}",0.04702448844909668
Coffee,10,20,2,5,LogisticRegression,Time_Warping,8,"{'sigma': 0.3, 'knot': 6}",0.645,0.6237864304469299,"{'C': np.float64(33.59818286283781), 'class_weight': 'balanced', 'dual': False, 'fit_intercept': True, 'intercept_scaling': 1, 'l1_ratio': None, 'max_iter': 100, 'multi_class': 'deprecated', 'n_jobs': None, 'penalty': 'l2', 'random_state': 42, 'solver': 'saga', 'tol': 0.0001, 'verbose': 0, 'warm_start': False}",0.13588786125183105
Coffee,10,20,2,5,KNN,Time_Warping,9,"{'sigma': 0.1, 'knot': 6}",0.9,0.9039409489061833,"{'algorithm': 'auto', 'leaf_size': 30, 'metric': 'euclidean', 'metric_params': None, 'n_jobs': None, 'n_neighbors': np.int64(15), 'p': 2, 'weights': 'distance'}",0.0453333854675293
Coffee,10,20,2,5,RandomForest,Time_Warping,9,"{'sigma': 0.1, 'knot': 6}",0.8283333333333334,0.8241098783056967,"{'bootstrap': True, 'ccp_alpha': 0.0, 'class_weight': None, 'criterion': 'gini', 'max_depth': None, 'max_features': 'sqrt', 'max_leaf_nodes': None, 'max_samples': None, 'min_impurity_decrease': 0.0, 'min_samples_leaf': 4, 'min_samples_split': 2, 'min_weight_fraction_leaf': 0.0, 'monotonic_cst': None, 'n_estimators': 50, 'n_jobs': None, 'oob_score': False, 'random_state': 42, 'verbose': 0, 'warm_start': False}",1.85502290725708
Coffee,10,20,2,5,LinearSVC,Time_Warping,9,"{'sigma': 0.1, 'knot': 6}",0.43166666666666664,0.419639636729706,"{'C': np.float64(0.0069519279617756054), 'class_weight': 'balanced', 'dual': False, 'fit_intercept': False, 'intercept_scaling': 1, 'loss': 'squared_hinge', 'max_iter': 100, 'multi_class': 'ovr', 'penalty': 'l2', 'random_state': 42, 'tol': 0.0001, 'verbose': 0}",0.052718162536621094
Coffee,10,20,2,5,LogisticRegression,Time_Warping,9,"{'sigma': 0.1, 'knot': 6}",0.6483333333333333,0.6268900973419811,"{'C': np.float64(33.59818286283781), 'class_weight': 'balanced', 'dual': False, 'fit_intercept': True, 'intercept_scaling': 1, 'l1_ratio': None, 'max_iter': 100, 'multi_class': 'deprecated', 'n_jobs': None, 'penalty': 'l2', 'random_state': 42, 'solver': 'saga', 'tol': 0.0001, 'verbose': 0, 'warm_start': False}",0.12686753273010254
Coffee,10,20,2,5,KNN,Time_Warping,10,"{'sigma': 0.1, 'knot': 8}",0.9233333333333333,0.9253398161314531,"{'algorithm': 'auto', 'leaf_size': 30, 'metric': 'manhattan', 'metric_params': None, 'n_jobs': None, 'n_neighbors': np.int64(5), 'p': 2, 'weights': 'distance'}",0.05192112922668457
Coffee,10,20,2,5,RandomForest,Time_Warping,10,"{'sigma': 0.1, 'knot': 8}",0.8283333333333334,0.8248297040105395,"{'bootstrap': True, 'ccp_alpha': 0.0, 'class_weight': 'balanced', 'criterion': 'gini', 'max_depth': None, 'max_features': 'sqrt', 'max_leaf_nodes': None, 'max_samples': None, 'min_impurity_decrease': 0.0, 'min_samples_leaf': 2, 'min_samples_split': 20, 'min_weight_fraction_leaf': 0.0, 'monotonic_cst': None, 'n_estimators': 150, 'n_jobs': None, 'oob_score': False, 'random_state': 42, 'verbose': 0, 'warm_start': False}",5.563715219497681
Coffee,10,20,2,5,LinearSVC,Time_Warping,10,"{'sigma': 0.1, 'knot': 8}",0.49166666666666664,0.48306120180379236,"{'C': np.float64(0.0069519279617756054), 'class_weight': 'balanced', 'dual': False, 'fit_intercept': False, 'intercept_scaling': 1, 'loss': 'squared_hinge', 'max_iter': 100, 'multi_class': 'ovr', 'penalty': 'l2', 'random_state': 42, 'tol': 0.0001, 'verbose': 0}",0.049428701400756836
Coffee,10,20,2,5,LogisticRegression,Time_Warping,10,"{'sigma': 0.1, 'knot': 8}",0.6433333333333333,0.62280856590212,"{'C': np.float64(33.59818286283781), 'class_weight': 'balanced', 'dual': False, 'fit_intercept': True, 'intercept_scaling': 1, 'l1_ratio': None, 'max_iter': 100, 'multi_class': 'deprecated', 'n_jobs': None, 'penalty': 'l2', 'random_state': 42, 'solver': 'saga', 'tol': 0.0001, 'verbose': 0, 'warm_start': False}",0.14107322692871094
Coffee,10,20,2,10,KNN,Time_Warping,1,"{'sigma': 0.2, 'knot': 4}",0.9233333333333333,0.9247959479698852,"{'algorithm': 'auto', 'leaf_size': 30, 'metric': 'minkowski', 'metric_params': None, 'n_jobs': None, 'n_neighbors': 5, 'p': 2, 'weights': 'uniform'}",0.18234777450561523
Coffee,10,20,2,10,RandomForest,Time_Warping,1,"{'sigma': 0.2, 'knot': 4}",0.8383333333333334,0.8329256324630885,"{'bootstrap': True, 'ccp_alpha': 0.0, 'class_weight': None, 'criterion': 'gini', 'max_depth': None, 'max_features': 'sqrt', 'max_leaf_nodes': None, 'max_samples': None, 'min_impurity_decrease': 0.0, 'min_samples_leaf': 1, 'min_samples_split': 2, 'min_weight_fraction_leaf': 0.0, 'monotonic_cst': None, 'n_estimators': 100, 'n_jobs': None, 'oob_score': False, 'random_state': 42, 'verbose': 0, 'warm_start': False}",8.426487922668457
Coffee,10,20,2,10,LinearSVC,Time_Warping,1,"{'sigma': 0.2, 'knot': 4}",0.615,0.6011511864465408,"{'C': 1.0, 'class_weight': None, 'dual': False, 'fit_intercept': True, 'intercept_scaling': 1, 'loss': 'squared_hinge', 'max_iter': 100, 'multi_class': 'ovr', 'penalty': 'l2', 'random_state': 42, 'tol': 0.0001, 'verbose': 0}",0.09761667251586914
Coffee,10,20,2,10,LogisticRegression,Time_Warping,1,"{'sigma': 0.2, 'knot': 4}",0.645,0.6251575532040933,"{'C': 1.0, 'class_weight': None, 'dual': False, 'fit_intercept': True, 'intercept_scaling': 1, 'l1_ratio': None, 'max_iter': 100, 'multi_class': 'deprecated', 'n_jobs': None, 'penalty': 'l2', 'random_state': 42, 'solver': 'lbfgs', 'tol': 0.0001, 'verbose': 0, 'warm_start': False}",0.18521642684936523
Coffee,10,20,2,10,KNN,Time_Warping,2,"{'sigma': 0.2, 'knot': 3}",0.9033333333333333,0.9071859763263399,"{'algorithm': 'auto', 'leaf_size': 30, 'metric': 'minkowski', 'metric_params': None, 'n_jobs': None, 'n_neighbors': 5, 'p': 2, 'weights': 'uniform'}",0.12118840217590332
Coffee,10,20,2,10,RandomForest,Time_Warping,2,"{'sigma': 0.2, 'knot': 3}",0.8316666666666667,0.8317356245480791,"{'bootstrap': True, 'ccp_alpha': 0.0, 'class_weight': None, 'criterion': 'gini', 'max_depth': None, 'max_features': 'sqrt', 'max_leaf_nodes': None, 'max_samples': None, 'min_impurity_decrease': 0.0, 'min_samples_leaf': 1, 'min_samples_split': 2, 'min_weight_fraction_leaf': 0.0, 'monotonic_cst': None, 'n_estimators': 100, 'n_jobs': None, 'oob_score': False, 'random_state': 42, 'verbose': 0, 'warm_start': False}",8.331002235412598
Coffee,10,20,2,10,LinearSVC,Time_Warping,2,"{'sigma': 0.2, 'knot': 3}",0.6083333333333333,0.5953432540879824,"{'C': 1.0, 'class_weight': None, 'dual': False, 'fit_intercept': True, 'intercept_scaling': 1, 'loss': 'squared_hinge', 'max_iter': 100, 'multi_class': 'ovr', 'penalty': 'l2', 'random_state': 42, 'tol': 0.0001, 'verbose': 0}",0.10399985313415527
Coffee,10,20,2,10,LogisticRegression,Time_Warping,2,"{'sigma': 0.2, 'knot': 3}",0.6416666666666667,0.6223957124335303,"{'C': 1.0, 'class_weight': None, 'dual': False, 'fit_intercept': True, 'intercept_scaling': 1, 'l1_ratio': None, 'max_iter': 100, 'multi_class': 'deprecated', 'n_jobs': None, 'penalty': 'l2', 'random_state': 42, 'solver': 'lbfgs', 'tol': 0.0001, 'verbose': 0, 'warm_start': False}",0.1970815658569336
Coffee,10,20,2,10,KNN,Time_Warping,3,"{'sigma': 0.5, 'knot': 4}",0.9116666666666666,0.9142874874874195,"{'algorithm': 'auto', 'leaf_size': 30, 'metric': 'minkowski', 'metric_params': None, 'n_jobs': None, 'n_neighbors': 5, 'p': 2, 'weights': 'uniform'}",0.14210009574890137
Coffee,10,20,2,10,RandomForest,Time_Warping,3,"{'sigma': 0.5, 'knot': 4}",0.8216666666666667,0.8167672234885259,"{'bootstrap': True, 'ccp_alpha': 0.0, 'class_weight': None, 'criterion': 'gini', 'max_depth': None, 'max_features': 'sqrt', 'max_leaf_nodes': None, 'max_samples': None, 'min_impurity_decrease': 0.0, 'min_samples_leaf': 1, 'min_samples_split': 2, 'min_weight_fraction_leaf': 0.0, 'monotonic_cst': None, 'n_estimators': 100, 'n_jobs': None, 'oob_score': False, 'random_state': 42, 'verbose': 0, 'warm_start': False}",8.759587049484253
Coffee,10,20,2,10,LinearSVC,Time_Warping,3,"{'sigma': 0.5, 'knot': 4}",0.6033333333333334,0.5897575250836121,"{'C': 1.0, 'class_weight': None, 'dual': False, 'fit_intercept': True, 'intercept_scaling': 1, 'loss': 'squared_hinge', 'max_iter': 100, 'multi_class': 'ovr', 'penalty': 'l2', 'random_state': 42, 'tol': 0.0001, 'verbose': 0}",0.09211373329162598
Coffee,10,20,2,10,LogisticRegression,Time_Warping,3,"{'sigma': 0.5, 'knot': 4}",0.64,0.6196536576276342,"{'C': 1.0, 'class_weight': None, 'dual': False, 'fit_intercept': True, 'intercept_scaling': 1, 'l1_ratio': None, 'max_iter': 100, 'multi_class': 'deprecated', 'n_jobs': None, 'penalty': 'l2', 'random_state': 42, 'solver': 'lbfgs', 'tol': 0.0001, 'verbose': 0, 'warm_start': False}",0.142350435256958
Coffee,10,20,2,10,KNN,Time_Warping,4,"{'sigma': 0.05, 'knot': 8}",0.9366666666666666,0.9379867177425232,"{'algorithm': 'auto', 'leaf_size': 30, 'metric': 'minkowski', 'metric_params': None, 'n_jobs': None, 'n_neighbors': 5, 'p': 2, 'weights': 'uniform'}",0.08840155601501465
Coffee,10,20,2,10,RandomForest,Time_Warping,4,"{'sigma': 0.05, 'knot': 8}",0.84,0.8384254223844225,"{'bootstrap': True, 'ccp_alpha': 0.0, 'class_weight': None, 'criterion': 'gini', 'max_depth': None, 'max_features': 'sqrt', 'max_leaf_nodes': None, 'max_samples': None, 'min_impurity_decrease': 0.0, 'min_samples_leaf': 1, 'min_samples_split': 2, 'min_weight_fraction_leaf': 0.0, 'monotonic_cst': None, 'n_estimators': 100, 'n_jobs': None, 'oob_score': False, 'random_state': 42, 'verbose': 0, 'warm_start': False}",7.497163534164429
Coffee,10,20,2,10,LinearSVC,Time_Warping,4,"{'sigma': 0.05, 'knot': 8}",0.7733333333333333,0.7674190983643346,"{'C': 1.0, 'class_weight': None, 'dual': False, 'fit_intercept': True, 'intercept_scaling': 1, 'loss': 'squared_hinge', 'max_iter': 100, 'multi_class': 'ovr', 'penalty': 'l2', 'random_state': 42, 'tol': 0.0001, 'verbose': 0}",0.11956405639648438
Coffee,10,20,2,10,LogisticRegression,Time_Warping,4,"{'sigma': 0.05, 'knot': 8}",0.79,0.7994946032989511,"{'C': 1.0, 'class_weight': None, 'dual': False, 'fit_intercept': True, 'intercept_scaling': 1, 'l1_ratio': None, 'max_iter': 100, 'multi_class': 'deprecated', 'n_jobs': None, 'penalty': 'l2', 'random_state': 42, 'solver': 'lbfgs', 'tol': 0.0001, 'verbose': 0, 'warm_start': False}",0.6360750198364258
Coffee,10,20,2,10,KNN,Time_Warping,5,"{'sigma': 0.1, 'knot': 4}",0.915,0.9177289583641169,"{'algorithm': 'auto', 'leaf_size': 30, 'metric': 'minkowski', 'metric_params': None, 'n_jobs': None, 'n_neighbors': 5, 'p': 2, 'weights': 'uniform'}",0.11977910995483398
Coffee,10,20,2,10,RandomForest,Time_Warping,5,"{'sigma': 0.1, 'knot': 4}",0.8283333333333334,0.8226207264602575,"{'bootstrap': True, 'ccp_alpha': 0.0, 'class_weight': None, 'criterion': 'gini', 'max_depth': None, 'max_features': 'sqrt', 'max_leaf_nodes': None, 'max_samples': None, 'min_impurity_decrease': 0.0, 'min_samples_leaf': 1, 'min_samples_split': 2, 'min_weight_fraction_leaf': 0.0, 'monotonic_cst': None, 'n_estimators': 100, 'n_jobs': None, 'oob_score': False, 'random_state': 42, 'verbose': 0, 'warm_start': False}",8.022241592407227
Coffee,10,20,2,10,LinearSVC,Time_Warping,5,"{'sigma': 0.1, 'knot': 4}",0.6533333333333333,0.6332796920557058,"{'C': 1.0, 'class_weight': None, 'dual': False, 'fit_intercept': True, 'intercept_scaling': 1, 'loss': 'squared_hinge', 'max_iter': 100, 'multi_class': 'ovr', 'penalty': 'l2', 'random_state': 42, 'tol': 0.0001, 'verbose': 0}",0.10193800926208496
Coffee,10,20,2,10,LogisticRegression,Time_Warping,5,"{'sigma': 0.1, 'knot': 4}",0.645,0.6239052649713334,"{'C': 1.0, 'class_weight': None, 'dual': False, 'fit_intercept': True, 'intercept_scaling': 1, 'l1_ratio': None, 'max_iter': 100, 'multi_class': 'deprecated', 'n_jobs': None, 'penalty': 'l2', 'random_state': 42, 'solver': 'lbfgs', 'tol': 0.0001, 'verbose': 0, 'warm_start': False}",0.2111365795135498
Coffee,10,20,2,10,KNN,Time_Warping,6,"{'sigma': 0.3, 'knot': 6}",0.92,0.9224763467652989,"{'algorithm': 'auto', 'leaf_size': 30, 'metric': 'minkowski', 'metric_params': None, 'n_jobs': None, 'n_neighbors': 5, 'p': 2, 'weights': 'uniform'}",0.09707832336425781
Coffee,10,20,2,10,RandomForest,Time_Warping,6,"{'sigma': 0.3, 'knot': 6}",0.8416666666666667,0.840511457077434,"{'bootstrap': True, 'ccp_alpha': 0.0, 'class_weight': None, 'criterion': 'gini', 'max_depth': None, 'max_features': 'sqrt', 'max_leaf_nodes': None, 'max_samples': None, 'min_impurity_decrease': 0.0, 'min_samples_leaf': 1, 'min_samples_split': 2, 'min_weight_fraction_leaf': 0.0, 'monotonic_cst': None, 'n_estimators': 100, 'n_jobs': None, 'oob_score': False, 'random_state': 42, 'verbose': 0, 'warm_start': False}",8.508533000946045
Coffee,10,20,2,10,LinearSVC,Time_Warping,6,"{'sigma': 0.3, 'knot': 6}",0.615,0.6011511864465408,"{'C': 1.0, 'class_weight': None, 'dual': False, 'fit_intercept': True, 'intercept_scaling': 1, 'loss': 'squared_hinge', 'max_iter': 100, 'multi_class': 'ovr', 'penalty': 'l2', 'random_state': 42, 'tol': 0.0001, 'verbose': 0}",0.08936309814453125
Coffee,10,20,2,10,LogisticRegression,Time_Warping,6,"{'sigma': 0.3, 'knot': 6}",0.6416666666666667,0.6210346161429637,"{'C': 1.0, 'class_weight': None, 'dual': False, 'fit_intercept': True, 'intercept_scaling': 1, 'l1_ratio': None, 'max_iter': 100, 'multi_class': 'deprecated', 'n_jobs': None, 'penalty': 'l2', 'random_state': 42, 'solver': 'lbfgs', 'tol': 0.0001, 'verbose': 0, 'warm_start': False}",0.1665799617767334
Coffee,10,20,2,10,KNN,Time_Warping,7,"{'sigma': 0.05, 'knot': 6}",0.955,0.9555384108574952,"{'algorithm': 'auto', 'leaf_size': 30, 'metric': 'minkowski', 'metric_params': None, 'n_jobs': None, 'n_neighbors': 5, 'p': 2, 'weights': 'uniform'}",0.09058117866516113
Coffee,10,20,2,10,RandomForest,Time_Warping,7,"{'sigma': 0.05, 'knot': 6}",0.85,0.850177937540109,"{'bootstrap': True, 'ccp_alpha': 0.0, 'class_weight': None, 'criterion': 'gini', 'max_depth': None, 'max_features': 'sqrt', 'max_leaf_nodes': None, 'max_samples': None, 'min_impurity_decrease': 0.0, 'min_samples_leaf': 1, 'min_samples_split': 2, 'min_weight_fraction_leaf': 0.0, 'monotonic_cst': None, 'n_estimators': 100, 'n_jobs': None, 'oob_score': False, 'random_state': 42, 'verbose': 0, 'warm_start': False}",7.723439455032349
Coffee,10,20,2,10,LinearSVC,Time_Warping,7,"{'sigma': 0.05, 'knot': 6}",0.7666666666666667,0.7519975158044663,"{'C': 1.0, 'class_weight': None, 'dual': False, 'fit_intercept': True, 'intercept_scaling': 1, 'loss': 'squared_hinge', 'max_iter': 100, 'multi_class': 'ovr', 'penalty': 'l2', 'random_state': 42, 'tol': 0.0001, 'verbose': 0}",0.11182546615600586
Coffee,10,20,2,10,LogisticRegression,Time_Warping,7,"{'sigma': 0.05, 'knot': 6}",0.7866666666666666,0.7952304993374862,"{'C': 1.0, 'class_weight': None, 'dual': False, 'fit_intercept': True, 'intercept_scaling': 1, 'l1_ratio': None, 'max_iter': 100, 'multi_class': 'deprecated', 'n_jobs': None, 'penalty': 'l2', 'random_state': 42, 'solver': 'lbfgs', 'tol': 0.0001, 'verbose': 0, 'warm_start': False}",0.6959443092346191
Coffee,10,20,2,10,KNN,Time_Warping,8,"{'sigma': 0.3, 'knot': 6}",0.92,0.9218854919619228,"{'algorithm': 'auto', 'leaf_size': 30, 'metric': 'minkowski', 'metric_params': None, 'n_jobs': None, 'n_neighbors': 5, 'p': 2, 'weights': 'uniform'}",0.12274670600891113
Coffee,10,20,2,10,RandomForest,Time_Warping,8,"{'sigma': 0.3, 'knot': 6}",0.845,0.8440510447828047,"{'bootstrap': True, 'ccp_alpha': 0.0, 'class_weight': None, 'criterion': 'gini', 'max_depth': None, 'max_features': 'sqrt', 'max_leaf_nodes': None, 'max_samples': None, 'min_impurity_decrease': 0.0, 'min_samples_leaf': 1, 'min_samples_split': 2, 'min_weight_fraction_leaf': 0.0, 'monotonic_cst': None, 'n_estimators': 100, 'n_jobs': None, 'oob_score': False, 'random_state': 42, 'verbose': 0, 'warm_start': False}",8.318793296813965
Coffee,10,20,2,10,LinearSVC,Time_Warping,8,"{'sigma': 0.3, 'knot': 6}",0.6233333333333333,0.6083620755127108,"{'C': 1.0, 'class_weight': None, 'dual': False, 'fit_intercept': True, 'intercept_scaling': 1, 'loss': 'squared_hinge', 'max_iter': 100, 'multi_class': 'ovr', 'penalty': 'l2', 'random_state': 42, 'tol': 0.0001, 'verbose': 0}",0.09123468399047852
Coffee,10,20,2,10,LogisticRegression,Time_Warping,8,"{'sigma': 0.3, 'knot': 6}",0.64,0.6210096644276526,"{'C': 1.0, 'class_weight': None, 'dual': False, 'fit_intercept': True, 'intercept_scaling': 1, 'l1_ratio': None, 'max_iter': 100, 'multi_class': 'deprecated', 'n_jobs': None, 'penalty': 'l2', 'random_state': 42, 'solver': 'lbfgs', 'tol': 0.0001, 'verbose': 0, 'warm_start': False}",0.22238993644714355
Coffee,10,20,2,10,KNN,Time_Warping,9,"{'sigma': 0.1, 'knot': 6}",0.9016666666666666,0.9044041741515297,"{'algorithm': 'auto', 'leaf_size': 30, 'metric': 'minkowski', 'metric_params': None, 'n_jobs': None, 'n_neighbors': 5, 'p': 2, 'weights': 'uniform'}",0.09545207023620605
Coffee,10,20,2,10,RandomForest,Time_Warping,9,"{'sigma': 0.1, 'knot': 6}",0.8433333333333334,0.8400880769525392,"{'bootstrap': True, 'ccp_alpha': 0.0, 'class_weight': None, 'criterion': 'gini', 'max_depth': None, 'max_features': 'sqrt', 'max_leaf_nodes': None, 'max_samples': None, 'min_impurity_decrease': 0.0, 'min_samples_leaf': 1, 'min_samples_split': 2, 'min_weight_fraction_leaf': 0.0, 'monotonic_cst': None, 'n_estimators': 100, 'n_jobs': None, 'oob_score': False, 'random_state': 42, 'verbose': 0, 'warm_start': False}",8.490517377853394
Coffee,10,20,2,10,LinearSVC,Time_Warping,9,"{'sigma': 0.1, 'knot': 6}",0.67,0.6466420469367238,"{'C': 1.0, 'class_weight': None, 'dual': False, 'fit_intercept': True, 'intercept_scaling': 1, 'loss': 'squared_hinge', 'max_iter': 100, 'multi_class': 'ovr', 'penalty': 'l2', 'random_state': 42, 'tol': 0.0001, 'verbose': 0}",0.10521197319030762
Coffee,10,20,2,10,LogisticRegression,Time_Warping,9,"{'sigma': 0.1, 'knot': 6}",0.6483333333333333,0.6272431051614628,"{'C': 1.0, 'class_weight': None, 'dual': False, 'fit_intercept': True, 'intercept_scaling': 1, 'l1_ratio': None, 'max_iter': 100, 'multi_class': 'deprecated', 'n_jobs': None, 'penalty': 'l2', 'random_state': 42, 'solver': 'lbfgs', 'tol': 0.0001, 'verbose': 0, 'warm_start': False}",0.31935811042785645
Coffee,10,20,2,10,KNN,Time_Warping,10,"{'sigma': 0.1, 'knot': 8}",0.9183333333333333,0.9203895506651864,"{'algorithm': 'auto', 'leaf_size': 30, 'metric': 'minkowski', 'metric_params': None, 'n_jobs': None, 'n_neighbors': 5, 'p': 2, 'weights': 'uniform'}",0.09393453598022461
Coffee,10,20,2,10,RandomForest,Time_Warping,10,"{'sigma': 0.1, 'knot': 8}",0.85,0.8478713873857937,"{'bootstrap': True, 'ccp_alpha': 0.0, 'class_weight': None, 'criterion': 'gini', 'max_depth': None, 'max_features': 'sqrt', 'max_leaf_nodes': None, 'max_samples': None, 'min_impurity_decrease': 0.0, 'min_samples_leaf': 1, 'min_samples_split': 2, 'min_weight_fraction_leaf': 0.0, 'monotonic_cst': None, 'n_estimators': 100, 'n_jobs': None, 'oob_score': False, 'random_state': 42, 'verbose': 0, 'warm_start': False}",7.772078990936279
Coffee,10,20,2,10,LinearSVC,Time_Warping,10,"{'sigma': 0.1, 'knot': 8}",0.6816666666666666,0.6568963915780516,"{'C': 1.0, 'class_weight': None, 'dual': False, 'fit_intercept': True, 'intercept_scaling': 1, 'loss': 'squared_hinge', 'max_iter': 100, 'multi_class': 'ovr', 'penalty': 'l2', 'random_state': 42, 'tol': 0.0001, 'verbose': 0}",0.10772442817687988
Coffee,10,20,2,10,LogisticRegression,Time_Warping,10,"{'sigma': 0.1, 'knot': 8}",0.6483333333333333,0.6270956646063474,"{'C': 1.0, 'class_weight': None, 'dual': False, 'fit_intercept': True, 'intercept_scaling': 1, 'l1_ratio': None, 'max_iter': 100, 'multi_class': 'deprecated', 'n_jobs': None, 'penalty': 'l2', 'random_state': 42, 'solver': 'lbfgs', 'tol': 0.0001, 'verbose': 0, 'warm_start': False}",0.2766706943511963
Coffee,10,20,3,1,KNN,Baseline,N/A,N/A,0.9133333333333333,0.9152730310625047,"{'algorithm': 'auto', 'leaf_size': 30, 'metric': 'minkowski', 'metric_params': None, 'n_jobs': None, 'n_neighbors': 5, 'p': 2, 'weights': 'uniform'}",0.026945114135742188
Coffee,10,20,3,1,KNN,Tuned_Baseline,N/A,N/A,0.915,0.9172842823815548,"{'algorithm': 'auto', 'leaf_size': 30, 'metric': 'minkowski', 'metric_params': None, 'n_jobs': None, 'n_neighbors': np.int64(5), 'p': 3, 'weights': 'distance'}",0.022008657455444336
Coffee,10,20,3,1,RandomForest,Baseline,N/A,N/A,0.885,0.8900048147754569,"{'bootstrap': True, 'ccp_alpha': 0.0, 'class_weight': None, 'criterion': 'gini', 'max_depth': None, 'max_features': 'sqrt', 'max_leaf_nodes': None, 'max_samples': None, 'min_impurity_decrease': 0.0, 'min_samples_leaf': 1, 'min_samples_split': 2, 'min_weight_fraction_leaf': 0.0, 'monotonic_cst': None, 'n_estimators': 100, 'n_jobs': None, 'oob_score': False, 'random_state': 42, 'verbose': 0, 'warm_start': False}",0.6503078937530518
Coffee,10,20,3,1,RandomForest,Tuned_Baseline,N/A,N/A,0.8833333333333333,0.888222093349569,"{'bootstrap': True, 'ccp_alpha': 0.0, 'class_weight': None, 'criterion': 'gini', 'max_depth': 20, 'max_features': 'sqrt', 'max_leaf_nodes': None, 'max_samples': None, 'min_impurity_decrease': 0.0, 'min_samples_leaf': 1, 'min_samples_split': 5, 'min_weight_fraction_leaf': 0.0, 'monotonic_cst': None, 'n_estimators': 50, 'n_jobs': None, 'oob_score': False, 'random_state': 42, 'verbose': 0, 'warm_start': False}",0.003489971160888672
Coffee,10,20,3,1,LinearSVC,Baseline,N/A,N/A,0.7633333333333333,0.770539170478001,"{'C': 1.0, 'class_weight': None, 'dual': False, 'fit_intercept': True, 'intercept_scaling': 1, 'loss': 'squared_hinge', 'max_iter': 100, 'multi_class': 'ovr', 'penalty': 'l2', 'random_state': 42, 'tol': 0.0001, 'verbose': 0}",0.01443624496459961
Coffee,10,20,3,1,LinearSVC,Tuned_Baseline,N/A,N/A,0.775,0.781400459715377,"{'C': np.float64(33.59818286283781), 'class_weight': None, 'dual': False, 'fit_intercept': True, 'intercept_scaling': 1, 'loss': 'squared_hinge', 'max_iter': 100, 'multi_class': 'ovr', 'penalty': 'l1', 'random_state': 42, 'tol': 0.001, 'verbose': 0}",0.00020647048950195312
Coffee,10,20,3,1,LogisticRegression,Baseline,N/A,N/A,0.7466666666666667,0.7575975718265128,"{'C': 1.0, 'class_weight': None, 'dual': False, 'fit_intercept': True, 'intercept_scaling': 1, 'l1_ratio': None, 'max_iter': 100, 'multi_class': 'deprecated', 'n_jobs': None, 'penalty': 'l2', 'random_state': 42, 'solver': 'lbfgs', 'tol': 0.0001, 'verbose': 0, 'warm_start': False}",0.0818936824798584
Coffee,10,20,3,1,LogisticRegression,Tuned_Baseline,N/A,N/A,0.7466666666666667,0.7570931022765885,"{'C': np.float64(183.29807108324337), 'class_weight': None, 'dual': False, 'fit_intercept': True, 'intercept_scaling': 1, 'l1_ratio': None, 'max_iter': 100, 'multi_class': 'deprecated', 'n_jobs': None, 'penalty': 'l2', 'random_state': 42, 'solver': 'saga', 'tol': 0.0001, 'verbose': 0, 'warm_start': False}",0.00028705596923828125
Coffee,10,20,3,1,RNN,Tuned_Baseline,N/A,N/A,0.16666666666666666,0.047619047619047616,"{'hidden_size': 64, 'epochs': 10, 'batch_size': 32, 'lr': 0.001}",4.76837158203125e-05
Coffee,10,20,3,2,KNN,Time_Warping,1,"{'sigma': 0.2, 'knot': 4}",0.9033333333333333,0.9062398928306243,"{'algorithm': 'auto', 'leaf_size': 30, 'metric': 'euclidean', 'metric_params': None, 'n_jobs': None, 'n_neighbors': np.int64(9), 'p': 2, 'weights': 'distance'}",0.02102947235107422
Coffee,10,20,3,2,RandomForest,Time_Warping,1,"{'sigma': 0.2, 'knot': 4}",0.88,0.884589947089947,"{'bootstrap': True, 'ccp_alpha': 0.0, 'class_weight': 'balanced', 'criterion': 'gini', 'max_depth': None, 'max_features': 'sqrt', 'max_leaf_nodes': None, 'max_samples': None, 'min_impurity_decrease': 0.0, 'min_samples_leaf': 2, 'min_samples_split': 2, 'min_weight_fraction_leaf': 0.0, 'monotonic_cst': None, 'n_estimators': 150, 'n_jobs': None, 'oob_score': False, 'random_state': 42, 'verbose': 0, 'warm_start': False}",2.063844919204712
Coffee,10,20,3,2,LinearSVC,Time_Warping,1,"{'sigma': 0.2, 'knot': 4}",0.6416666666666667,0.6210346161429637,"{'C': np.float64(2.6366508987303554), 'class_weight': 'balanced', 'dual': False, 'fit_intercept': True, 'intercept_scaling': 1, 'loss': 'squared_hinge', 'max_iter': 100, 'multi_class': 'ovr', 'penalty': 'l1', 'random_state': 42, 'tol': 0.0001, 'verbose': 0}",0.044210195541381836
Coffee,10,20,3,2,LogisticRegression,Time_Warping,1,"{'sigma': 0.2, 'knot': 4}",0.645,0.6237864304469299,"{'C': np.float64(1000.0), 'class_weight': 'balanced', 'dual': False, 'fit_intercept': True, 'intercept_scaling': 1, 'l1_ratio': None, 'max_iter': 100, 'multi_class': 'deprecated', 'n_jobs': None, 'penalty': 'l2', 'random_state': 42, 'solver': 'sag', 'tol': 0.0001, 'verbose': 0, 'warm_start': False}",0.06458520889282227
Coffee,10,20,3,2,KNN,Time_Warping,2,"{'sigma': 0.2, 'knot': 3}",0.9,0.902865446435379,"{'algorithm': 'auto', 'leaf_size': 30, 'metric': 'euclidean', 'metric_params': None, 'n_jobs': None, 'n_neighbors': np.int64(9), 'p': 2, 'weights': 'distance'}",0.021505117416381836
Coffee,10,20,3,2,RandomForest,Time_Warping,2,"{'sigma': 0.2, 'knot': 3}",0.8533333333333334,0.8547107907721717,"{'bootstrap': True, 'ccp_alpha': 0.0, 'class_weight': 'balanced', 'criterion': 'gini', 'max_depth': None, 'max_features': 'sqrt', 'max_leaf_nodes': None, 'max_samples': None, 'min_impurity_decrease': 0.0, 'min_samples_leaf': 2, 'min_samples_split': 2, 'min_weight_fraction_leaf': 0.0, 'monotonic_cst': None, 'n_estimators': 150, 'n_jobs': None, 'oob_score': False, 'random_state': 42, 'verbose': 0, 'warm_start': False}",2.405441999435425
Coffee,10,20,3,2,LinearSVC,Time_Warping,2,"{'sigma': 0.2, 'knot': 3}",0.645,0.6251602499951244,"{'C': np.float64(2.6366508987303554), 'class_weight': 'balanced', 'dual': False, 'fit_intercept': True, 'intercept_scaling': 1, 'loss': 'squared_hinge', 'max_iter': 100, 'multi_class': 'ovr', 'penalty': 'l1', 'random_state': 42, 'tol': 0.0001, 'verbose': 0}",0.039372920989990234
Coffee,10,20,3,2,LogisticRegression,Time_Warping,2,"{'sigma': 0.2, 'knot': 3}",0.645,0.6237864304469299,"{'C': np.float64(33.59818286283781), 'class_weight': 'balanced', 'dual': False, 'fit_intercept': True, 'intercept_scaling': 1, 'l1_ratio': None, 'max_iter': 100, 'multi_class': 'deprecated', 'n_jobs': None, 'penalty': 'l2', 'random_state': 42, 'solver': 'saga', 'tol': 0.0001, 'verbose': 0, 'warm_start': False}",0.05719113349914551
Coffee,10,20,3,2,KNN,Time_Warping,3,"{'sigma': 0.5, 'knot': 4}",0.8983333333333333,0.9013078122293435,"{'algorithm': 'auto', 'leaf_size': 30, 'metric': 'euclidean', 'metric_params': None, 'n_jobs': None, 'n_neighbors': np.int64(9), 'p': 2, 'weights': 'distance'}",0.024386882781982422
Coffee,10,20,3,2,RandomForest,Time_Warping,3,"{'sigma': 0.5, 'knot': 4}",0.845,0.8463239524991555,"{'bootstrap': True, 'ccp_alpha': 0.0, 'class_weight': 'balanced', 'criterion': 'gini', 'max_depth': None, 'max_features': 'sqrt', 'max_leaf_nodes': None, 'max_samples': None, 'min_impurity_decrease': 0.0, 'min_samples_leaf': 2, 'min_samples_split': 2, 'min_weight_fraction_leaf': 0.0, 'monotonic_cst': None, 'n_estimators': 150, 'n_jobs': None, 'oob_score': False, 'random_state': 42, 'verbose': 0, 'warm_start': False}",2.2732691764831543
Coffee,10,20,3,2,LinearSVC,Time_Warping,3,"{'sigma': 0.5, 'knot': 4}",0.6383333333333333,0.6171031724197993,"{'C': np.float64(33.59818286283781), 'class_weight': 'balanced', 'dual': False, 'fit_intercept': True, 'intercept_scaling': 1, 'loss': 'squared_hinge', 'max_iter': 100, 'multi_class': 'ovr', 'penalty': 'l1', 'random_state': 42, 'tol': 0.0001, 'verbose': 0}",0.0391232967376709
Coffee,10,20,3,2,LogisticRegression,Time_Warping,3,"{'sigma': 0.5, 'knot': 4}",0.6433333333333333,0.6209508449565465,"{'C': np.float64(33.59818286283781), 'class_weight': 'balanced', 'dual': False, 'fit_intercept': True, 'intercept_scaling': 1, 'l1_ratio': None, 'max_iter': 100, 'multi_class': 'deprecated', 'n_jobs': None, 'penalty': 'l2', 'random_state': 42, 'solver': 'saga', 'tol': 0.0001, 'verbose': 0, 'warm_start': False}",0.05108976364135742
Coffee,10,20,3,2,KNN,Time_Warping,4,"{'sigma': 0.05, 'knot': 8}",0.9083333333333333,0.9107391676787195,"{'algorithm': 'auto', 'leaf_size': 30, 'metric': 'euclidean', 'metric_params': None, 'n_jobs': None, 'n_neighbors': np.int64(9), 'p': 2, 'weights': 'distance'}",0.020175933837890625
Coffee,10,20,3,2,RandomForest,Time_Warping,4,"{'sigma': 0.05, 'knot': 8}",0.8866666666666667,0.8917788882505476,"{'bootstrap': True, 'ccp_alpha': 0.0, 'class_weight': 'balanced', 'criterion': 'gini', 'max_depth': 30, 'max_features': 'sqrt', 'max_leaf_nodes': None, 'max_samples': None, 'min_impurity_decrease': 0.0, 'min_samples_leaf': 1, 'min_samples_split': 2, 'min_weight_fraction_leaf': 0.0, 'monotonic_cst': None, 'n_estimators': 150, 'n_jobs': None, 'oob_score': False, 'random_state': 42, 'verbose': 0, 'warm_start': False}",2.1632490158081055
Coffee,10,20,3,2,LinearSVC,Time_Warping,4,"{'sigma': 0.05, 'knot': 8}",0.74,0.7493086080586081,"{'C': np.float64(2.6366508987303554), 'class_weight': 'balanced', 'dual': False, 'fit_intercept': True, 'intercept_scaling': 1, 'loss': 'squared_hinge', 'max_iter': 100, 'multi_class': 'ovr', 'penalty': 'l1', 'random_state': 42, 'tol': 0.0001, 'verbose': 0}",0.07205867767333984
Coffee,10,20,3,2,LogisticRegression,Time_Warping,4,"{'sigma': 0.05, 'knot': 8}",0.7033333333333334,0.7173555438280244,"{'C': np.float64(1000.0), 'class_weight': 'balanced', 'dual': False, 'fit_intercept': True, 'intercept_scaling': 1, 'l1_ratio': None, 'max_iter': 100, 'multi_class': 'deprecated', 'n_jobs': None, 'penalty': 'l2', 'random_state': 42, 'solver': 'sag', 'tol': 0.0001, 'verbose': 0, 'warm_start': False}",0.0713491439819336
Coffee,10,20,3,2,KNN,Time_Warping,5,"{'sigma': 0.1, 'knot': 4}",0.8933333333333333,0.8968784161725752,"{'algorithm': 'auto', 'leaf_size': 30, 'metric': 'euclidean', 'metric_params': None, 'n_jobs': None, 'n_neighbors': np.int64(9), 'p': 2, 'weights': 'distance'}",0.02280116081237793
Coffee,10,20,3,2,RandomForest,Time_Warping,5,"{'sigma': 0.1, 'knot': 4}",0.8716666666666667,0.8755776388557842,"{'bootstrap': True, 'ccp_alpha': 0.0, 'class_weight': 'balanced', 'criterion': 'gini', 'max_depth': 10, 'max_features': 'sqrt', 'max_leaf_nodes': None, 'max_samples': None, 'min_impurity_decrease': 0.0, 'min_samples_leaf': 1, 'min_samples_split': 2, 'min_weight_fraction_leaf': 0.0, 'monotonic_cst': None, 'n_estimators': 100, 'n_jobs': None, 'oob_score': False, 'random_state': 42, 'verbose': 0, 'warm_start': False}",1.4590299129486084
Coffee,10,20,3,2,LinearSVC,Time_Warping,5,"{'sigma': 0.1, 'knot': 4}",0.65,0.6282700048266586,"{'C': np.float64(2.6366508987303554), 'class_weight': 'balanced', 'dual': False, 'fit_intercept': True, 'intercept_scaling': 1, 'loss': 'squared_hinge', 'max_iter': 100, 'multi_class': 'ovr', 'penalty': 'l1', 'random_state': 42, 'tol': 0.0001, 'verbose': 0}",0.0605618953704834
Coffee,10,20,3,2,LogisticRegression,Time_Warping,5,"{'sigma': 0.1, 'knot': 4}",0.6483333333333333,0.6253385673598041,"{'C': np.float64(33.59818286283781), 'class_weight': 'balanced', 'dual': False, 'fit_intercept': True, 'intercept_scaling': 1, 'l1_ratio': None, 'max_iter': 100, 'multi_class': 'deprecated', 'n_jobs': None, 'penalty': 'l2', 'random_state': 42, 'solver': 'saga', 'tol': 0.0001, 'verbose': 0, 'warm_start': False}",0.04798769950866699
Coffee,10,20,3,2,KNN,Time_Warping,6,"{'sigma': 0.3, 'knot': 6}",0.9,0.9028954865688286,"{'algorithm': 'auto', 'leaf_size': 30, 'metric': 'euclidean', 'metric_params': None, 'n_jobs': None, 'n_neighbors': np.int64(9), 'p': 2, 'weights': 'distance'}",0.02079629898071289
Coffee,10,20,3,2,RandomForest,Time_Warping,6,"{'sigma': 0.3, 'knot': 6}",0.8533333333333334,0.8508290483324653,"{'bootstrap': True, 'ccp_alpha': 0.0, 'class_weight': 'balanced', 'criterion': 'gini', 'max_depth': 10, 'max_features': 'sqrt', 'max_leaf_nodes': None, 'max_samples': None, 'min_impurity_decrease': 0.0, 'min_samples_leaf': 1, 'min_samples_split': 2, 'min_weight_fraction_leaf': 0.0, 'monotonic_cst': None, 'n_estimators': 100, 'n_jobs': None, 'oob_score': False, 'random_state': 42, 'verbose': 0, 'warm_start': False}",1.344942331314087
Coffee,10,20,3,2,LinearSVC,Time_Warping,6,"{'sigma': 0.3, 'knot': 6}",0.6483333333333333,0.6317857820419005,"{'C': np.float64(33.59818286283781), 'class_weight': 'balanced', 'dual': False, 'fit_intercept': True, 'intercept_scaling': 1, 'loss': 'squared_hinge', 'max_iter': 100, 'multi_class': 'ovr', 'penalty': 'l1', 'random_state': 42, 'tol': 0.001, 'verbose': 0}",0.0431363582611084
Coffee,10,20,3,2,LogisticRegression,Time_Warping,6,"{'sigma': 0.3, 'knot': 6}",0.6433333333333333,0.6237874779541447,"{'C': np.float64(1000.0), 'class_weight': 'balanced', 'dual': False, 'fit_intercept': True, 'intercept_scaling': 1, 'l1_ratio': None, 'max_iter': 100, 'multi_class': 'deprecated', 'n_jobs': None, 'penalty': 'l2', 'random_state': 42, 'solver': 'sag', 'tol': 0.0001, 'verbose': 0, 'warm_start': False}",0.08024168014526367
Coffee,10,20,3,2,KNN,Time_Warping,7,"{'sigma': 0.05, 'knot': 6}",0.9116666666666666,0.9138724623473639,"{'algorithm': 'auto', 'leaf_size': 30, 'metric': 'euclidean', 'metric_params': None, 'n_jobs': None, 'n_neighbors': np.int64(9), 'p': 2, 'weights': 'distance'}",0.020531415939331055
Coffee,10,20,3,2,RandomForest,Time_Warping,7,"{'sigma': 0.05, 'knot': 6}",0.8933333333333333,0.8973921486432271,"{'bootstrap': True, 'ccp_alpha': 0.0, 'class_weight': 'balanced', 'criterion': 'gini', 'max_depth': 30, 'max_features': 'sqrt', 'max_leaf_nodes': None, 'max_samples': None, 'min_impurity_decrease': 0.0, 'min_samples_leaf': 1, 'min_samples_split': 2, 'min_weight_fraction_leaf': 0.0, 'monotonic_cst': None, 'n_estimators': 150, 'n_jobs': None, 'oob_score': False, 'random_state': 42, 'verbose': 0, 'warm_start': False}",2.0510213375091553
Coffee,10,20,3,2,LinearSVC,Time_Warping,7,"{'sigma': 0.05, 'knot': 6}",0.7233333333333334,0.7234846682351106,"{'C': np.float64(2.6366508987303554), 'class_weight': 'balanced', 'dual': False, 'fit_intercept': True, 'intercept_scaling': 1, 'loss': 'squared_hinge', 'max_iter': 100, 'multi_class': 'ovr', 'penalty': 'l1', 'random_state': 42, 'tol': 0.0001, 'verbose': 0}",0.06404709815979004
Coffee,10,20,3,2,LogisticRegression,Time_Warping,7,"{'sigma': 0.05, 'knot': 6}",0.6966666666666667,0.7106866908772106,"{'C': np.float64(183.29807108324337), 'class_weight': 'balanced', 'dual': False, 'fit_intercept': True, 'intercept_scaling': 1, 'l1_ratio': None, 'max_iter': 100, 'multi_class': 'deprecated', 'n_jobs': None, 'penalty': 'l1', 'random_state': 42, 'solver': 'saga', 'tol': 0.0001, 'verbose': 0, 'warm_start': False}",0.1450648307800293
Coffee,10,20,3,2,KNN,Time_Warping,8,"{'sigma': 0.3, 'knot': 6}",0.8983333333333333,0.9011689447196373,"{'algorithm': 'auto', 'leaf_size': 30, 'metric': 'euclidean', 'metric_params': None, 'n_jobs': None, 'n_neighbors': np.int64(9), 'p': 2, 'weights': 'distance'}",0.02015995979309082
Coffee,10,20,3,2,RandomForest,Time_Warping,8,"{'sigma': 0.3, 'knot': 6}",0.8616666666666667,0.8653379259382484,"{'bootstrap': True, 'ccp_alpha': 0.0, 'class_weight': 'balanced', 'criterion': 'gini', 'max_depth': 20, 'max_features': 'sqrt', 'max_leaf_nodes': None, 'max_samples': None, 'min_impurity_decrease': 0.0, 'min_samples_leaf': 1, 'min_samples_split': 2, 'min_weight_fraction_leaf': 0.0, 'monotonic_cst': None, 'n_estimators': 50, 'n_jobs': None, 'oob_score': False, 'random_state': 42, 'verbose': 0, 'warm_start': False}",0.7890341281890869
Coffee,10,20,3,2,LinearSVC,Time_Warping,8,"{'sigma': 0.3, 'knot': 6}",0.6433333333333333,0.6237783228275813,"{'C': np.float64(33.59818286283781), 'class_weight': 'balanced', 'dual': False, 'fit_intercept': True, 'intercept_scaling': 1, 'loss': 'squared_hinge', 'max_iter': 100, 'multi_class': 'ovr', 'penalty': 'l1', 'random_state': 42, 'tol': 0.001, 'verbose': 0}",0.03972339630126953
Coffee,10,20,3,2,LogisticRegression,Time_Warping,8,"{'sigma': 0.3, 'knot': 6}",0.645,0.6237864304469299,"{'C': np.float64(1000.0), 'class_weight': 'balanced', 'dual': False, 'fit_intercept': True, 'intercept_scaling': 1, 'l1_ratio': None, 'max_iter': 100, 'multi_class': 'deprecated', 'n_jobs': None, 'penalty': 'l2', 'random_state': 42, 'solver': 'sag', 'tol': 0.0001, 'verbose': 0, 'warm_start': False}",0.08331131935119629
Coffee,10,20,3,2,KNN,Time_Warping,9,"{'sigma': 0.1, 'knot': 6}",0.9083333333333333,0.9107391676787195,"{'algorithm': 'auto', 'leaf_size': 30, 'metric': 'euclidean', 'metric_params': None, 'n_jobs': None, 'n_neighbors': np.int64(9), 'p': 2, 'weights': 'distance'}",0.01996016502380371
Coffee,10,20,3,2,RandomForest,Time_Warping,9,"{'sigma': 0.1, 'knot': 6}",0.89,0.8947326597797707,"{'bootstrap': True, 'ccp_alpha': 0.0, 'class_weight': 'balanced', 'criterion': 'gini', 'max_depth': 30, 'max_features': 'sqrt', 'max_leaf_nodes': None, 'max_samples': None, 'min_impurity_decrease': 0.0, 'min_samples_leaf': 1, 'min_samples_split': 2, 'min_weight_fraction_leaf': 0.0, 'monotonic_cst': None, 'n_estimators': 150, 'n_jobs': None, 'oob_score': False, 'random_state': 42, 'verbose': 0, 'warm_start': False}",2.1485941410064697
Coffee,10,20,3,2,LinearSVC,Time_Warping,9,"{'sigma': 0.1, 'knot': 6}",0.665,0.6417976266177526,"{'C': np.float64(183.29807108324337), 'class_weight': 'balanced', 'dual': False, 'fit_intercept': True, 'intercept_scaling': 1, 'loss': 'squared_hinge', 'max_iter': 100, 'multi_class': 'ovr', 'penalty': 'l1', 'random_state': 42, 'tol': 0.0001, 'verbose': 0}",0.08483719825744629
Coffee,10,20,3,2,LogisticRegression,Time_Warping,9,"{'sigma': 0.1, 'knot': 6}",0.6466666666666666,0.6278750120668213,"{'C': np.float64(183.29807108324337), 'class_weight': 'balanced', 'dual': False, 'fit_intercept': True, 'intercept_scaling': 1, 'l1_ratio': None, 'max_iter': 100, 'multi_class': 'deprecated', 'n_jobs': None, 'penalty': 'l1', 'random_state': 42, 'solver': 'saga', 'tol': 0.0001, 'verbose': 0, 'warm_start': False}",0.06747841835021973
Coffee,10,20,3,2,KNN,Time_Warping,10,"{'sigma': 0.1, 'knot': 8}",0.89,0.8936601103748194,"{'algorithm': 'auto', 'leaf_size': 30, 'metric': 'euclidean', 'metric_params': None, 'n_jobs': None, 'n_neighbors': np.int64(9), 'p': 2, 'weights': 'distance'}",0.017455339431762695
Coffee,10,20,3,2,RandomForest,Time_Warping,10,"{'sigma': 0.1, 'knot': 8}",0.8633333333333333,0.8663737963910179,"{'bootstrap': True, 'ccp_alpha': 0.0, 'class_weight': 'balanced', 'criterion': 'gini', 'max_depth': 30, 'max_features': 'sqrt', 'max_leaf_nodes': None, 'max_samples': None, 'min_impurity_decrease': 0.0, 'min_samples_leaf': 1, 'min_samples_split': 2, 'min_weight_fraction_leaf': 0.0, 'monotonic_cst': None, 'n_estimators': 150, 'n_jobs': None, 'oob_score': False, 'random_state': 42, 'verbose': 0, 'warm_start': False}",2.283555507659912
Coffee,10,20,3,2,LinearSVC,Time_Warping,10,"{'sigma': 0.1, 'knot': 8}",0.6833333333333333,0.6600507115543714,"{'C': np.float64(33.59818286283781), 'class_weight': 'balanced', 'dual': False, 'fit_intercept': True, 'intercept_scaling': 1, 'loss': 'squared_hinge', 'max_iter': 100, 'multi_class': 'ovr', 'penalty': 'l1', 'random_state': 42, 'tol': 0.001, 'verbose': 0}",0.06459903717041016
Coffee,10,20,3,2,LogisticRegression,Time_Warping,10,"{'sigma': 0.1, 'knot': 8}",0.7183333333333334,0.7263763706550705,"{'C': np.float64(183.29807108324337), 'class_weight': 'balanced', 'dual': False, 'fit_intercept': True, 'intercept_scaling': 1, 'l1_ratio': None, 'max_iter': 100, 'multi_class': 'deprecated', 'n_jobs': None, 'penalty': 'l1', 'random_state': 42, 'solver': 'saga', 'tol': 0.0001, 'verbose': 0, 'warm_start': False}",0.06156492233276367
Coffee,10,20,3,3,KNN,Time_Warping,1,"{'sigma': 0.2, 'knot': 4}",0.8983333333333333,0.9013257885463366,"{'algorithm': 'auto', 'leaf_size': 30, 'metric': 'euclidean', 'metric_params': None, 'n_jobs': None, 'n_neighbors': np.int64(9), 'p': 2, 'weights': 'distance'}",0.028228759765625
Coffee,10,20,3,3,RandomForest,Time_Warping,1,"{'sigma': 0.2, 'knot': 4}",0.875,0.8794668822105973,"{'bootstrap': True, 'ccp_alpha': 0.0, 'class_weight': None, 'criterion': 'gini', 'max_depth': None, 'max_features': 'sqrt', 'max_leaf_nodes': None, 'max_samples': None, 'min_impurity_decrease': 0.0, 'min_samples_leaf': 4, 'min_samples_split': 10, 'min_weight_fraction_leaf': 0.0, 'monotonic_cst': None, 'n_estimators': 50, 'n_jobs': None, 'oob_score': False, 'random_state': 42, 'verbose': 0, 'warm_start': False}",1.0252082347869873
Coffee,10,20,3,3,LinearSVC,Time_Warping,1,"{'sigma': 0.2, 'knot': 4}",0.64,0.6210349609140582,"{'C': np.float64(2.6366508987303554), 'class_weight': 'balanced', 'dual': False, 'fit_intercept': True, 'intercept_scaling': 1, 'loss': 'squared_hinge', 'max_iter': 100, 'multi_class': 'ovr', 'penalty': 'l1', 'random_state': 42, 'tol': 0.0001, 'verbose': 0}",0.05920076370239258
Coffee,10,20,3,3,LogisticRegression,Time_Warping,1,"{'sigma': 0.2, 'knot': 4}",0.645,0.6251602499951244,"{'C': np.float64(2.6366508987303554), 'class_weight': 'balanced', 'dual': False, 'fit_intercept': True, 'intercept_scaling': 1, 'l1_ratio': None, 'max_iter': 100, 'multi_class': 'deprecated', 'n_jobs': None, 'penalty': 'l1', 'random_state': 42, 'solver': 'saga', 'tol': 0.0001, 'verbose': 0, 'warm_start': False}",0.4401986598968506
Coffee,10,20,3,3,KNN,Time_Warping,2,"{'sigma': 0.2, 'knot': 3}",0.8716666666666667,0.877168108588342,"{'algorithm': 'auto', 'leaf_size': 30, 'metric': 'chebyshev', 'metric_params': None, 'n_jobs': None, 'n_neighbors': np.int64(5), 'p': 2, 'weights': 'uniform'}",0.03691267967224121
Coffee,10,20,3,3,RandomForest,Time_Warping,2,"{'sigma': 0.2, 'knot': 3}",0.8516666666666667,0.8527233467933848,"{'bootstrap': True, 'ccp_alpha': 0.0, 'class_weight': 'balanced', 'criterion': 'gini', 'max_depth': None, 'max_features': 'sqrt', 'max_leaf_nodes': None, 'max_samples': None, 'min_impurity_decrease': 0.0, 'min_samples_leaf': 2, 'min_samples_split': 20, 'min_weight_fraction_leaf': 0.0, 'monotonic_cst': None, 'n_estimators': 150, 'n_jobs': None, 'oob_score': False, 'random_state': 42, 'verbose': 0, 'warm_start': False}",3.4940950870513916
Coffee,10,20,3,3,LinearSVC,Time_Warping,2,"{'sigma': 0.2, 'knot': 3}",0.6383333333333333,0.6200416786342832,"{'C': np.float64(2.6366508987303554), 'class_weight': 'balanced', 'dual': False, 'fit_intercept': True, 'intercept_scaling': 1, 'loss': 'squared_hinge', 'max_iter': 100, 'multi_class': 'ovr', 'penalty': 'l1', 'random_state': 42, 'tol': 0.0001, 'verbose': 0}",0.0581052303314209
Coffee,10,20,3,3,LogisticRegression,Time_Warping,2,"{'sigma': 0.2, 'knot': 3}",0.645,0.6251575532040933,"{'C': np.float64(2.6366508987303554), 'class_weight': 'balanced', 'dual': False, 'fit_intercept': True, 'intercept_scaling': 1, 'l1_ratio': None, 'max_iter': 100, 'multi_class': 'deprecated', 'n_jobs': None, 'penalty': 'l1', 'random_state': 42, 'solver': 'saga', 'tol': 0.0001, 'verbose': 0, 'warm_start': False}",0.4579184055328369
Coffee,10,20,3,3,KNN,Time_Warping,3,"{'sigma': 0.5, 'knot': 4}",0.8733333333333333,0.8790810665969085,"{'algorithm': 'auto', 'leaf_size': 30, 'metric': 'minkowski', 'metric_params': None, 'n_jobs': None, 'n_neighbors': np.int64(13), 'p': 4, 'weights': 'distance'}",0.11615228652954102
Coffee,10,20,3,3,RandomForest,Time_Warping,3,"{'sigma': 0.5, 'knot': 4}",0.835,0.8313913406033273,"{'bootstrap': True, 'ccp_alpha': 0.0, 'class_weight': 'balanced', 'criterion': 'gini', 'max_depth': None, 'max_features': 'sqrt', 'max_leaf_nodes': None, 'max_samples': None, 'min_impurity_decrease': 0.0, 'min_samples_leaf': 1, 'min_samples_split': 20, 'min_weight_fraction_leaf': 0.0, 'monotonic_cst': None, 'n_estimators': 150, 'n_jobs': None, 'oob_score': False, 'random_state': 42, 'verbose': 0, 'warm_start': False}",3.5555684566497803
Coffee,10,20,3,3,LinearSVC,Time_Warping,3,"{'sigma': 0.5, 'knot': 4}",0.63,0.6140183914982842,"{'C': np.float64(2.6366508987303554), 'class_weight': 'balanced', 'dual': False, 'fit_intercept': True, 'intercept_scaling': 1, 'loss': 'squared_hinge', 'max_iter': 100, 'multi_class': 'ovr', 'penalty': 'l1', 'random_state': 42, 'tol': 0.0001, 'verbose': 0}",0.05162334442138672
Coffee,10,20,3,3,LogisticRegression,Time_Warping,3,"{'sigma': 0.5, 'knot': 4}",0.6366666666666667,0.618388949597971,"{'C': np.float64(33.59818286283781), 'class_weight': None, 'dual': False, 'fit_intercept': True, 'intercept_scaling': 1, 'l1_ratio': None, 'max_iter': 100, 'multi_class': 'deprecated', 'n_jobs': None, 'penalty': 'l2', 'random_state': 42, 'solver': 'saga', 'tol': 0.0001, 'verbose': 0, 'warm_start': False}",0.0626382827758789
Coffee,10,20,3,3,KNN,Time_Warping,4,"{'sigma': 0.05, 'knot': 8}",0.9216666666666666,0.923279047014369,"{'algorithm': 'auto', 'leaf_size': 30, 'metric': 'euclidean', 'metric_params': None, 'n_jobs': None, 'n_neighbors': np.int64(9), 'p': 2, 'weights': 'distance'}",0.023698806762695312
Coffee,10,20,3,3,RandomForest,Time_Warping,4,"{'sigma': 0.05, 'knot': 8}",0.8866666666666667,0.8903394031683505,"{'bootstrap': True, 'ccp_alpha': 0.0, 'class_weight': None, 'criterion': 'gini', 'max_depth': None, 'max_features': 'sqrt', 'max_leaf_nodes': None, 'max_samples': None, 'min_impurity_decrease': 0.0, 'min_samples_leaf': 4, 'min_samples_split': 10, 'min_weight_fraction_leaf': 0.0, 'monotonic_cst': None, 'n_estimators': 50, 'n_jobs': None, 'oob_score': False, 'random_state': 42, 'verbose': 0, 'warm_start': False}",1.0154004096984863
Coffee,10,20,3,3,LinearSVC,Time_Warping,4,"{'sigma': 0.05, 'knot': 8}",0.7233333333333334,0.7339908403526294,"{'C': np.float64(2.6366508987303554), 'class_weight': 'balanced', 'dual': False, 'fit_intercept': True, 'intercept_scaling': 1, 'loss': 'squared_hinge', 'max_iter': 100, 'multi_class': 'ovr', 'penalty': 'l1', 'random_state': 42, 'tol': 0.0001, 'verbose': 0}",0.10405707359313965
Coffee,10,20,3,3,LogisticRegression,Time_Warping,4,"{'sigma': 0.05, 'knot': 8}",0.6966666666666667,0.6630112001256574,"{'C': np.float64(0.002976351441631319), 'class_weight': None, 'dual': False, 'fit_intercept': True, 'intercept_scaling': 1, 'l1_ratio': None, 'max_iter': 100, 'multi_class': 'deprecated', 'n_jobs': None, 'penalty': 'l2', 'random_state': 42, 'solver': 'saga', 'tol': 0.0001, 'verbose': 0, 'warm_start': False}",0.06546688079833984
Coffee,10,20,3,3,KNN,Time_Warping,5,"{'sigma': 0.1, 'knot': 4}",0.9016666666666666,0.9042549740523166,"{'algorithm': 'auto', 'leaf_size': 30, 'metric': 'euclidean', 'metric_params': None, 'n_jobs': None, 'n_neighbors': np.int64(9), 'p': 2, 'weights': 'distance'}",0.032065629959106445
Coffee,10,20,3,3,RandomForest,Time_Warping,5,"{'sigma': 0.1, 'knot': 4}",0.8783333333333333,0.8834794282087878,"{'bootstrap': True, 'ccp_alpha': 0.0, 'class_weight': None, 'criterion': 'gini', 'max_depth': None, 'max_features': 'sqrt', 'max_leaf_nodes': None, 'max_samples': None, 'min_impurity_decrease': 0.0, 'min_samples_leaf': 4, 'min_samples_split': 10, 'min_weight_fraction_leaf': 0.0, 'monotonic_cst': None, 'n_estimators': 50, 'n_jobs': None, 'oob_score': False, 'random_state': 42, 'verbose': 0, 'warm_start': False}",0.9838218688964844
Coffee,10,20,3,3,LinearSVC,Time_Warping,5,"{'sigma': 0.1, 'knot': 4}",0.65,0.6297690742906277,"{'C': np.float64(2.6366508987303554), 'class_weight': 'balanced', 'dual': False, 'fit_intercept': True, 'intercept_scaling': 1, 'loss': 'squared_hinge', 'max_iter': 100, 'multi_class': 'ovr', 'penalty': 'l1', 'random_state': 42, 'tol': 0.0001, 'verbose': 0}",0.08492064476013184
Coffee,10,20,3,3,LogisticRegression,Time_Warping,5,"{'sigma': 0.1, 'knot': 4}",0.6483333333333333,0.6282736852710571,"{'C': np.float64(2.6366508987303554), 'class_weight': 'balanced', 'dual': False, 'fit_intercept': True, 'intercept_scaling': 1, 'l1_ratio': None, 'max_iter': 100, 'multi_class': 'deprecated', 'n_jobs': None, 'penalty': 'l1', 'random_state': 42, 'solver': 'saga', 'tol': 0.0001, 'verbose': 0, 'warm_start': False}",0.4516429901123047
Coffee,10,20,3,3,KNN,Time_Warping,6,"{'sigma': 0.3, 'knot': 6}",0.8733333333333333,0.8786754459308808,"{'algorithm': 'auto', 'leaf_size': 30, 'metric': 'minkowski', 'metric_params': None, 'n_jobs': None, 'n_neighbors': np.int64(13), 'p': 4, 'weights': 'distance'}",0.1117086410522461
Coffee,10,20,3,3,RandomForest,Time_Warping,6,"{'sigma': 0.3, 'knot': 6}",0.8333333333333334,0.8312770051534973,"{'bootstrap': True, 'ccp_alpha': 0.0, 'class_weight': 'balanced', 'criterion': 'gini', 'max_depth': None, 'max_features': 'sqrt', 'max_leaf_nodes': None, 'max_samples': None, 'min_impurity_decrease': 0.0, 'min_samples_leaf': 2, 'min_samples_split': 20, 'min_weight_fraction_leaf': 0.0, 'monotonic_cst': None, 'n_estimators': 150, 'n_jobs': None, 'oob_score': False, 'random_state': 42, 'verbose': 0, 'warm_start': False}",3.2095887660980225
Coffee,10,20,3,3,LinearSVC,Time_Warping,6,"{'sigma': 0.3, 'knot': 6}",0.6383333333333333,0.6222182876268553,"{'C': np.float64(0.4832930238571752), 'class_weight': 'balanced', 'dual': False, 'fit_intercept': True, 'intercept_scaling': 1, 'loss': 'squared_hinge', 'max_iter': 100, 'multi_class': 'ovr', 'penalty': 'l2', 'random_state': 42, 'tol': 0.0001, 'verbose': 0}",0.03196978569030762
Coffee,10,20,3,3,LogisticRegression,Time_Warping,6,"{'sigma': 0.3, 'knot': 6}",0.645,0.6251602499951244,"{'C': np.float64(33.59818286283781), 'class_weight': 'balanced', 'dual': False, 'fit_intercept': True, 'intercept_scaling': 1, 'l1_ratio': None, 'max_iter': 100, 'multi_class': 'deprecated', 'n_jobs': None, 'penalty': 'l2', 'random_state': 42, 'solver': 'saga', 'tol': 0.0001, 'verbose': 0, 'warm_start': False}",0.07763910293579102
Coffee,10,20,3,3,KNN,Time_Warping,7,"{'sigma': 0.05, 'knot': 6}",0.9283333333333333,0.929614127099731,"{'algorithm': 'auto', 'leaf_size': 30, 'metric': 'euclidean', 'metric_params': None, 'n_jobs': None, 'n_neighbors': np.int64(9), 'p': 2, 'weights': 'distance'}",0.02540135383605957
Coffee,10,20,3,3,RandomForest,Time_Warping,7,"{'sigma': 0.05, 'knot': 6}",0.8666666666666667,0.8697481603259595,"{'bootstrap': True, 'ccp_alpha': 0.0, 'class_weight': 'balanced', 'criterion': 'gini', 'max_depth': 10, 'max_features': 'sqrt', 'max_leaf_nodes': None, 'max_samples': None, 'min_impurity_decrease': 0.0, 'min_samples_leaf': 2, 'min_samples_split': 20, 'min_weight_fraction_leaf': 0.0, 'monotonic_cst': None, 'n_estimators': 100, 'n_jobs': None, 'oob_score': False, 'random_state': 42, 'verbose': 0, 'warm_start': False}",2.0433454513549805
Coffee,10,20,3,3,LinearSVC,Time_Warping,7,"{'sigma': 0.05, 'knot': 6}",0.6883333333333334,0.6753260205966604,"{'C': np.float64(2.6366508987303554), 'class_weight': 'balanced', 'dual': False, 'fit_intercept': True, 'intercept_scaling': 1, 'loss': 'squared_hinge', 'max_iter': 100, 'multi_class': 'ovr', 'penalty': 'l1', 'random_state': 42, 'tol': 0.0001, 'verbose': 0}",0.09846138954162598
Coffee,10,20,3,3,LogisticRegression,Time_Warping,7,"{'sigma': 0.05, 'knot': 6}",0.7166666666666667,0.7301925649132104,"{'C': np.float64(0.4832930238571752), 'class_weight': 'balanced', 'dual': False, 'fit_intercept': True, 'intercept_scaling': 1, 'l1_ratio': None, 'max_iter': 100, 'multi_class': 'deprecated', 'n_jobs': None, 'penalty': 'l2', 'random_state': 42, 'solver': 'lbfgs', 'tol': 0.0001, 'verbose': 0, 'warm_start': False}",0.4786713123321533
Coffee,10,20,3,3,KNN,Time_Warping,8,"{'sigma': 0.3, 'knot': 6}",0.875,0.8806293075030983,"{'algorithm': 'auto', 'leaf_size': 30, 'metric': 'minkowski', 'metric_params': None, 'n_jobs': None, 'n_neighbors': np.int64(13), 'p': 4, 'weights': 'distance'}",0.14682626724243164
Coffee,10,20,3,3,RandomForest,Time_Warping,8,"{'sigma': 0.3, 'knot': 6}",0.8483333333333334,0.8489879741906168,"{'bootstrap': True, 'ccp_alpha': 0.0, 'class_weight': None, 'criterion': 'gini', 'max_depth': None, 'max_features': 'sqrt', 'max_leaf_nodes': None, 'max_samples': None, 'min_impurity_decrease': 0.0, 'min_samples_leaf': 4, 'min_samples_split': 10, 'min_weight_fraction_leaf': 0.0, 'monotonic_cst': None, 'n_estimators': 50, 'n_jobs': None, 'oob_score': False, 'random_state': 42, 'verbose': 0, 'warm_start': False}",1.1688015460968018
Coffee,10,20,3,3,LinearSVC,Time_Warping,8,"{'sigma': 0.3, 'knot': 6}",0.6433333333333333,0.6237783228275813,"{'C': np.float64(2.6366508987303554), 'class_weight': 'balanced', 'dual': False, 'fit_intercept': True, 'intercept_scaling': 1, 'loss': 'squared_hinge', 'max_iter': 100, 'multi_class': 'ovr', 'penalty': 'l1', 'random_state': 42, 'tol': 0.0001, 'verbose': 0}",0.05778837203979492
Coffee,10,20,3,3,LogisticRegression,Time_Warping,8,"{'sigma': 0.3, 'knot': 6}",0.645,0.6237864304469299,"{'C': np.float64(2.6366508987303554), 'class_weight': 'balanced', 'dual': False, 'fit_intercept': True, 'intercept_scaling': 1, 'l1_ratio': None, 'max_iter': 100, 'multi_class': 'deprecated', 'n_jobs': None, 'penalty': 'l1', 'random_state': 42, 'solver': 'saga', 'tol': 0.0001, 'verbose': 0, 'warm_start': False}",0.458787202835083
Coffee,10,20,3,3,KNN,Time_Warping,9,"{'sigma': 0.1, 'knot': 6}",0.8983333333333333,0.9021481562409921,"{'algorithm': 'auto', 'leaf_size': 30, 'metric': 'minkowski', 'metric_params': None, 'n_jobs': None, 'n_neighbors': np.int64(13), 'p': 4, 'weights': 'distance'}",0.09557533264160156
Coffee,10,20,3,3,RandomForest,Time_Warping,9,"{'sigma': 0.1, 'knot': 6}",0.8633333333333333,0.8676417811116086,"{'bootstrap': True, 'ccp_alpha': 0.0, 'class_weight': 'balanced', 'criterion': 'gini', 'max_depth': None, 'max_features': 'sqrt', 'max_leaf_nodes': None, 'max_samples': None, 'min_impurity_decrease': 0.0, 'min_samples_leaf': 1, 'min_samples_split': 20, 'min_weight_fraction_leaf': 0.0, 'monotonic_cst': None, 'n_estimators': 150, 'n_jobs': None, 'oob_score': False, 'random_state': 42, 'verbose': 0, 'warm_start': False}",3.23177433013916
Coffee,10,20,3,3,LinearSVC,Time_Warping,9,"{'sigma': 0.1, 'knot': 6}",0.6633333333333333,0.6416583610993595,"{'C': np.float64(0.4832930238571752), 'class_weight': 'balanced', 'dual': False, 'fit_intercept': True, 'intercept_scaling': 1, 'loss': 'squared_hinge', 'max_iter': 100, 'multi_class': 'ovr', 'penalty': 'l2', 'random_state': 42, 'tol': 0.0001, 'verbose': 0}",0.036623477935791016
Coffee,10,20,3,3,LogisticRegression,Time_Warping,9,"{'sigma': 0.1, 'knot': 6}",0.63,0.6119270161300158,"{'C': np.float64(2.6366508987303554), 'class_weight': 'balanced', 'dual': False, 'fit_intercept': True, 'intercept_scaling': 1, 'l1_ratio': None, 'max_iter': 100, 'multi_class': 'deprecated', 'n_jobs': None, 'penalty': 'l1', 'random_state': 42, 'solver': 'saga', 'tol': 0.0001, 'verbose': 0, 'warm_start': False}",0.44966959953308105
Coffee,10,20,3,3,KNN,Time_Warping,10,"{'sigma': 0.1, 'knot': 8}",0.905,0.9075237860244031,"{'algorithm': 'auto', 'leaf_size': 30, 'metric': 'euclidean', 'metric_params': None, 'n_jobs': None, 'n_neighbors': np.int64(9), 'p': 2, 'weights': 'distance'}",0.0252683162689209
Coffee,10,20,3,3,RandomForest,Time_Warping,10,"{'sigma': 0.1, 'knot': 8}",0.8766666666666667,0.8823290811983998,"{'bootstrap': True, 'ccp_alpha': 0.0, 'class_weight': None, 'criterion': 'gini', 'max_depth': None, 'max_features': 'sqrt', 'max_leaf_nodes': None, 'max_samples': None, 'min_impurity_decrease': 0.0, 'min_samples_leaf': 4, 'min_samples_split': 10, 'min_weight_fraction_leaf': 0.0, 'monotonic_cst': None, 'n_estimators': 50, 'n_jobs': None, 'oob_score': False, 'random_state': 42, 'verbose': 0, 'warm_start': False}",1.1178810596466064
Coffee,10,20,3,3,LinearSVC,Time_Warping,10,"{'sigma': 0.1, 'knot': 8}",0.655,0.63327278907578,"{'C': np.float64(0.4832930238571752), 'class_weight': 'balanced', 'dual': False, 'fit_intercept': True, 'intercept_scaling': 1, 'loss': 'squared_hinge', 'max_iter': 100, 'multi_class': 'ovr', 'penalty': 'l2', 'random_state': 42, 'tol': 0.0001, 'verbose': 0}",0.03470134735107422
Coffee,10,20,3,3,LogisticRegression,Time_Warping,10,"{'sigma': 0.1, 'knot': 8}",0.6433333333333333,0.5506091524792457,"{'C': np.float64(0.000545559478116852), 'class_weight': None, 'dual': False, 'fit_intercept': True, 'intercept_scaling': 1, 'l1_ratio': None, 'max_iter': 100, 'multi_class': 'deprecated', 'n_jobs': None, 'penalty': 'l2', 'random_state': 42, 'solver': 'saga', 'tol': 0.0001, 'verbose': 0, 'warm_start': False}",0.052269935607910156
Coffee,10,20,3,5,KNN,Time_Warping,1,"{'sigma': 0.2, 'knot': 4}",0.925,0.9271225731671978,"{'algorithm': 'auto', 'leaf_size': 30, 'metric': 'manhattan', 'metric_params': None, 'n_jobs': None, 'n_neighbors': np.int64(5), 'p': 2, 'weights': 'distance'}",0.05360913276672363
Coffee,10,20,3,5,RandomForest,Time_Warping,1,"{'sigma': 0.2, 'knot': 4}",0.8566666666666667,0.8591276668822566,"{'bootstrap': True, 'ccp_alpha': 0.0, 'class_weight': 'balanced', 'criterion': 'gini', 'max_depth': None, 'max_features': 'sqrt', 'max_leaf_nodes': None, 'max_samples': None, 'min_impurity_decrease': 0.0, 'min_samples_leaf': 2, 'min_samples_split': 20, 'min_weight_fraction_leaf': 0.0, 'monotonic_cst': None, 'n_estimators': 150, 'n_jobs': None, 'oob_score': False, 'random_state': 42, 'verbose': 0, 'warm_start': False}",6.165719747543335
Coffee,10,20,3,5,LinearSVC,Time_Warping,1,"{'sigma': 0.2, 'knot': 4}",0.645,0.6264799167745045,"{'C': np.float64(1000.0), 'class_weight': 'balanced', 'dual': False, 'fit_intercept': True, 'intercept_scaling': 1, 'loss': 'squared_hinge', 'max_iter': 100, 'multi_class': 'ovr', 'penalty': 'l2', 'random_state': 42, 'tol': 0.001, 'verbose': 0}",0.05768632888793945
Coffee,10,20,3,5,LogisticRegression,Time_Warping,1,"{'sigma': 0.2, 'knot': 4}",0.645,0.6237864304469299,"{'C': np.float64(2.6366508987303554), 'class_weight': 'balanced', 'dual': False, 'fit_intercept': True, 'intercept_scaling': 1, 'l1_ratio': None, 'max_iter': 100, 'multi_class': 'deprecated', 'n_jobs': None, 'penalty': 'l1', 'random_state': 42, 'solver': 'saga', 'tol': 0.0001, 'verbose': 0, 'warm_start': False}",0.7755181789398193
Coffee,10,20,3,5,KNN,Time_Warping,2,"{'sigma': 0.2, 'knot': 3}",0.905,0.908807312943172,"{'algorithm': 'auto', 'leaf_size': 30, 'metric': 'manhattan', 'metric_params': None, 'n_jobs': None, 'n_neighbors': np.int64(5), 'p': 2, 'weights': 'distance'}",0.06133008003234863
Coffee,10,20,3,5,RandomForest,Time_Warping,2,"{'sigma': 0.2, 'knot': 3}",0.8416666666666667,0.840511457077434,"{'bootstrap': True, 'ccp_alpha': 0.0, 'class_weight': 'balanced', 'criterion': 'gini', 'max_depth': None, 'max_features': 'sqrt', 'max_leaf_nodes': None, 'max_samples': None, 'min_impurity_decrease': 0.0, 'min_samples_leaf': 2, 'min_samples_split': 20, 'min_weight_fraction_leaf': 0.0, 'monotonic_cst': None, 'n_estimators': 150, 'n_jobs': None, 'oob_score': False, 'random_state': 42, 'verbose': 0, 'warm_start': False}",6.296952724456787
Coffee,10,20,3,5,LinearSVC,Time_Warping,2,"{'sigma': 0.2, 'knot': 3}",0.6416666666666667,0.6224064169789294,"{'C': np.float64(33.59818286283781), 'class_weight': 'balanced', 'dual': False, 'fit_intercept': True, 'intercept_scaling': 1, 'loss': 'squared_hinge', 'max_iter': 100, 'multi_class': 'ovr', 'penalty': 'l1', 'random_state': 42, 'tol': 0.001, 'verbose': 0}",0.09167337417602539
Coffee,10,20,3,5,LogisticRegression,Time_Warping,2,"{'sigma': 0.2, 'knot': 3}",0.645,0.6237864304469299,"{'C': np.float64(33.59818286283781), 'class_weight': 'balanced', 'dual': False, 'fit_intercept': True, 'intercept_scaling': 1, 'l1_ratio': None, 'max_iter': 100, 'multi_class': 'deprecated', 'n_jobs': None, 'penalty': 'l2', 'random_state': 42, 'solver': 'saga', 'tol': 0.0001, 'verbose': 0, 'warm_start': False}",0.13793635368347168
Coffee,10,20,3,5,KNN,Time_Warping,3,"{'sigma': 0.5, 'knot': 4}",0.9066666666666666,0.9099370931413617,"{'algorithm': 'auto', 'leaf_size': 30, 'metric': 'manhattan', 'metric_params': None, 'n_jobs': None, 'n_neighbors': np.int64(5), 'p': 2, 'weights': 'distance'}",0.05663657188415527
Coffee,10,20,3,5,RandomForest,Time_Warping,3,"{'sigma': 0.5, 'knot': 4}",0.79,0.7907781014098164,"{'bootstrap': True, 'ccp_alpha': 0.0, 'class_weight': None, 'criterion': 'gini', 'max_depth': None, 'max_features': 'sqrt', 'max_leaf_nodes': None, 'max_samples': None, 'min_impurity_decrease': 0.0, 'min_samples_leaf': 4, 'min_samples_split': 10, 'min_weight_fraction_leaf': 0.0, 'monotonic_cst': None, 'n_estimators': 50, 'n_jobs': None, 'oob_score': False, 'random_state': 42, 'verbose': 0, 'warm_start': False}",2.052755355834961
Coffee,10,20,3,5,LinearSVC,Time_Warping,3,"{'sigma': 0.5, 'knot': 4}",0.42833333333333334,0.4378328706011447,"{'C': np.float64(0.08858667904100823), 'class_weight': None, 'dual': False, 'fit_intercept': False, 'intercept_scaling': 1, 'loss': 'squared_hinge', 'max_iter': 100, 'multi_class': 'ovr', 'penalty': 'l1', 'random_state': 42, 'tol': 0.0001, 'verbose': 0}",0.03526139259338379
Coffee,10,20,3,5,LogisticRegression,Time_Warping,3,"{'sigma': 0.5, 'knot': 4}",0.435,0.4589605173169477,"{'C': np.float64(0.0001), 'class_weight': None, 'dual': False, 'fit_intercept': False, 'intercept_scaling': 1, 'l1_ratio': None, 'max_iter': 100, 'multi_class': 'deprecated', 'n_jobs': None, 'penalty': 'l2', 'random_state': 42, 'solver': 'sag', 'tol': 0.0001, 'verbose': 0, 'warm_start': False}",0.08357048034667969
Coffee,10,20,3,5,KNN,Time_Warping,4,"{'sigma': 0.05, 'knot': 8}",0.9116666666666666,0.9138724623473639,"{'algorithm': 'auto', 'leaf_size': 30, 'metric': 'euclidean', 'metric_params': None, 'n_jobs': None, 'n_neighbors': np.int64(15), 'p': 2, 'weights': 'distance'}",0.040342092514038086
Coffee,10,20,3,5,RandomForest,Time_Warping,4,"{'sigma': 0.05, 'knot': 8}",0.8816666666666667,0.8867284841709394,"{'bootstrap': True, 'ccp_alpha': 0.0, 'class_weight': 'balanced', 'criterion': 'gini', 'max_depth': None, 'max_features': 'sqrt', 'max_leaf_nodes': None, 'max_samples': None, 'min_impurity_decrease': 0.0, 'min_samples_leaf': 2, 'min_samples_split': 2, 'min_weight_fraction_leaf': 0.0, 'monotonic_cst': None, 'n_estimators': 150, 'n_jobs': None, 'oob_score': False, 'random_state': 42, 'verbose': 0, 'warm_start': False}",5.79003643989563
Coffee,10,20,3,5,LinearSVC,Time_Warping,4,"{'sigma': 0.05, 'knot': 8}",0.71,0.7027059961675131,"{'C': np.float64(33.59818286283781), 'class_weight': 'balanced', 'dual': False, 'fit_intercept': True, 'intercept_scaling': 1, 'loss': 'squared_hinge', 'max_iter': 100, 'multi_class': 'ovr', 'penalty': 'l1', 'random_state': 42, 'tol': 0.001, 'verbose': 0}",0.1780261993408203
Coffee,10,20,3,5,LogisticRegression,Time_Warping,4,"{'sigma': 0.05, 'knot': 8}",0.7116666666666667,0.7254619765187789,"{'C': np.float64(2.6366508987303554), 'class_weight': 'balanced', 'dual': False, 'fit_intercept': True, 'intercept_scaling': 1, 'l1_ratio': None, 'max_iter': 100, 'multi_class': 'deprecated', 'n_jobs': None, 'penalty': 'l1', 'random_state': 42, 'solver': 'saga', 'tol': 0.0001, 'verbose': 0, 'warm_start': False}",0.772052526473999
Coffee,10,20,3,5,KNN,Time_Warping,5,"{'sigma': 0.1, 'knot': 4}",0.8766666666666667,0.8812628834274407,"{'algorithm': 'auto', 'leaf_size': 30, 'metric': 'euclidean', 'metric_params': None, 'n_jobs': None, 'n_neighbors': np.int64(15), 'p': 2, 'weights': 'distance'}",0.05500459671020508
Coffee,10,20,3,5,RandomForest,Time_Warping,5,"{'sigma': 0.1, 'knot': 4}",0.8633333333333333,0.8659310625135516,"{'bootstrap': True, 'ccp_alpha': 0.0, 'class_weight': 'balanced', 'criterion': 'gini', 'max_depth': None, 'max_features': 'sqrt', 'max_leaf_nodes': None, 'max_samples': None, 'min_impurity_decrease': 0.0, 'min_samples_leaf': 2, 'min_samples_split': 20, 'min_weight_fraction_leaf': 0.0, 'monotonic_cst': None, 'n_estimators': 150, 'n_jobs': None, 'oob_score': False, 'random_state': 42, 'verbose': 0, 'warm_start': False}",5.819526195526123
Coffee,10,20,3,5,LinearSVC,Time_Warping,5,"{'sigma': 0.1, 'knot': 4}",0.6466666666666666,0.6266588369376026,"{'C': np.float64(1000.0), 'class_weight': 'balanced', 'dual': False, 'fit_intercept': True, 'intercept_scaling': 1, 'loss': 'squared_hinge', 'max_iter': 100, 'multi_class': 'ovr', 'penalty': 'l2', 'random_state': 42, 'tol': 0.001, 'verbose': 0}",0.04925680160522461
Coffee,10,20,3,5,LogisticRegression,Time_Warping,5,"{'sigma': 0.1, 'knot': 4}",0.645,0.6240450441001976,"{'C': np.float64(33.59818286283781), 'class_weight': 'balanced', 'dual': False, 'fit_intercept': True, 'intercept_scaling': 1, 'l1_ratio': None, 'max_iter': 100, 'multi_class': 'deprecated', 'n_jobs': None, 'penalty': 'l2', 'random_state': 42, 'solver': 'saga', 'tol': 0.0001, 'verbose': 0, 'warm_start': False}",0.12119388580322266
Coffee,10,20,3,5,KNN,Time_Warping,6,"{'sigma': 0.3, 'knot': 6}",0.9083333333333333,0.9107391676787195,"{'algorithm': 'auto', 'leaf_size': 30, 'metric': 'minkowski', 'metric_params': None, 'n_jobs': None, 'n_neighbors': np.int64(5), 'p': 3, 'weights': 'distance'}",0.1257476806640625
Coffee,10,20,3,5,RandomForest,Time_Warping,6,"{'sigma': 0.3, 'knot': 6}",0.85,0.8507227159153387,"{'bootstrap': True, 'ccp_alpha': 0.0, 'class_weight': 'balanced', 'criterion': 'gini', 'max_depth': None, 'max_features': 'sqrt', 'max_leaf_nodes': None, 'max_samples': None, 'min_impurity_decrease': 0.0, 'min_samples_leaf': 2, 'min_samples_split': 20, 'min_weight_fraction_leaf': 0.0, 'monotonic_cst': None, 'n_estimators': 150, 'n_jobs': None, 'oob_score': False, 'random_state': 42, 'verbose': 0, 'warm_start': False}",5.97123646736145
Coffee,10,20,3,5,LinearSVC,Time_Warping,6,"{'sigma': 0.3, 'knot': 6}",0.645,0.6264799167745045,"{'C': np.float64(33.59818286283781), 'class_weight': 'balanced', 'dual': False, 'fit_intercept': True, 'intercept_scaling': 1, 'loss': 'squared_hinge', 'max_iter': 100, 'multi_class': 'ovr', 'penalty': 'l1', 'random_state': 42, 'tol': 0.001, 'verbose': 0}",0.07523488998413086
Coffee,10,20,3,5,LogisticRegression,Time_Warping,6,"{'sigma': 0.3, 'knot': 6}",0.645,0.6251602499951244,"{'C': np.float64(33.59818286283781), 'class_weight': 'balanced', 'dual': False, 'fit_intercept': True, 'intercept_scaling': 1, 'l1_ratio': None, 'max_iter': 100, 'multi_class': 'deprecated', 'n_jobs': None, 'penalty': 'l2', 'random_state': 42, 'solver': 'saga', 'tol': 0.0001, 'verbose': 0, 'warm_start': False}",0.12159276008605957
Coffee,10,20,3,5,KNN,Time_Warping,7,"{'sigma': 0.05, 'knot': 6}",0.905,0.9076424861134126,"{'algorithm': 'auto', 'leaf_size': 30, 'metric': 'euclidean', 'metric_params': None, 'n_jobs': None, 'n_neighbors': np.int64(15), 'p': 2, 'weights': 'distance'}",0.037737369537353516
Coffee,10,20,3,5,RandomForest,Time_Warping,7,"{'sigma': 0.05, 'knot': 6}",0.87,0.8743071888741181,"{'bootstrap': True, 'ccp_alpha': 0.0, 'class_weight': 'balanced', 'criterion': 'gini', 'max_depth': None, 'max_features': 'sqrt', 'max_leaf_nodes': None, 'max_samples': None, 'min_impurity_decrease': 0.0, 'min_samples_leaf': 2, 'min_samples_split': 20, 'min_weight_fraction_leaf': 0.0, 'monotonic_cst': None, 'n_estimators': 150, 'n_jobs': None, 'oob_score': False, 'random_state': 42, 'verbose': 0, 'warm_start': False}",5.697342157363892
Coffee,10,20,3,5,LinearSVC,Time_Warping,7,"{'sigma': 0.05, 'knot': 6}",0.7666666666666667,0.772637185680664,"{'C': np.float64(2.6366508987303554), 'class_weight': 'balanced', 'dual': False, 'fit_intercept': True, 'intercept_scaling': 1, 'loss': 'squared_hinge', 'max_iter': 100, 'multi_class': 'ovr', 'penalty': 'l1', 'random_state': 42, 'tol': 0.0001, 'verbose': 0}",0.17063307762145996
Coffee,10,20,3,5,LogisticRegression,Time_Warping,7,"{'sigma': 0.05, 'knot': 6}",0.7466666666666667,0.7588550088550089,"{'C': np.float64(33.59818286283781), 'class_weight': 'balanced', 'dual': False, 'fit_intercept': True, 'intercept_scaling': 1, 'l1_ratio': None, 'max_iter': 100, 'multi_class': 'deprecated', 'n_jobs': None, 'penalty': 'l2', 'random_state': 42, 'solver': 'saga', 'tol': 0.0001, 'verbose': 0, 'warm_start': False}",0.12064027786254883
Coffee,10,20,3,5,KNN,Time_Warping,8,"{'sigma': 0.3, 'knot': 6}",0.8833333333333333,0.8873832749365311,"{'algorithm': 'auto', 'leaf_size': 30, 'metric': 'euclidean', 'metric_params': None, 'n_jobs': None, 'n_neighbors': np.int64(15), 'p': 2, 'weights': 'distance'}",0.04991960525512695
Coffee,10,20,3,5,RandomForest,Time_Warping,8,"{'sigma': 0.3, 'knot': 6}",0.8566666666666667,0.8576526711131149,"{'bootstrap': True, 'ccp_alpha': 0.0, 'class_weight': 'balanced', 'criterion': 'gini', 'max_depth': None, 'max_features': 'sqrt', 'max_leaf_nodes': None, 'max_samples': None, 'min_impurity_decrease': 0.0, 'min_samples_leaf': 1, 'min_samples_split': 2, 'min_weight_fraction_leaf': 0.0, 'monotonic_cst': None, 'n_estimators': 50, 'n_jobs': None, 'oob_score': False, 'random_state': 42, 'verbose': 0, 'warm_start': False}",1.9870731830596924
Coffee,10,20,3,5,LinearSVC,Time_Warping,8,"{'sigma': 0.3, 'knot': 6}",0.6383333333333333,0.6196536622261261,"{'C': np.float64(1000.0), 'class_weight': 'balanced', 'dual': False, 'fit_intercept': True, 'intercept_scaling': 1, 'loss': 'squared_hinge', 'max_iter': 100, 'multi_class': 'ovr', 'penalty': 'l2', 'random_state': 42, 'tol': 0.001, 'verbose': 0}",0.044556379318237305
Coffee,10,20,3,5,LogisticRegression,Time_Warping,8,"{'sigma': 0.3, 'knot': 6}",0.645,0.6251602499951244,"{'C': np.float64(33.59818286283781), 'class_weight': 'balanced', 'dual': False, 'fit_intercept': True, 'intercept_scaling': 1, 'l1_ratio': None, 'max_iter': 100, 'multi_class': 'deprecated', 'n_jobs': None, 'penalty': 'l2', 'random_state': 42, 'solver': 'saga', 'tol': 0.0001, 'verbose': 0, 'warm_start': False}",0.11456012725830078
Coffee,10,20,3,5,KNN,Time_Warping,9,"{'sigma': 0.1, 'knot': 6}",0.915,0.9169960724508219,"{'algorithm': 'auto', 'leaf_size': 30, 'metric': 'euclidean', 'metric_params': None, 'n_jobs': None, 'n_neighbors': np.int64(15), 'p': 2, 'weights': 'distance'}",0.04258584976196289
Coffee,10,20,3,5,RandomForest,Time_Warping,9,"{'sigma': 0.1, 'knot': 6}",0.865,0.8682764366981074,"{'bootstrap': True, 'ccp_alpha': 0.0, 'class_weight': 'balanced', 'criterion': 'gini', 'max_depth': None, 'max_features': 'sqrt', 'max_leaf_nodes': None, 'max_samples': None, 'min_impurity_decrease': 0.0, 'min_samples_leaf': 2, 'min_samples_split': 2, 'min_weight_fraction_leaf': 0.0, 'monotonic_cst': None, 'n_estimators': 150, 'n_jobs': None, 'oob_score': False, 'random_state': 42, 'verbose': 0, 'warm_start': False}",5.8916709423065186
Coffee,10,20,3,5,LinearSVC,Time_Warping,9,"{'sigma': 0.1, 'knot': 6}",0.6683333333333333,0.6447779807802815,"{'C': np.float64(1000.0), 'class_weight': 'balanced', 'dual': False, 'fit_intercept': True, 'intercept_scaling': 1, 'loss': 'squared_hinge', 'max_iter': 100, 'multi_class': 'ovr', 'penalty': 'l2', 'random_state': 42, 'tol': 0.001, 'verbose': 0}",0.05576205253601074
Coffee,10,20,3,5,LogisticRegression,Time_Warping,9,"{'sigma': 0.1, 'knot': 6}",0.6483333333333333,0.6270349406864657,"{'C': np.float64(33.59818286283781), 'class_weight': 'balanced', 'dual': False, 'fit_intercept': True, 'intercept_scaling': 1, 'l1_ratio': None, 'max_iter': 100, 'multi_class': 'deprecated', 'n_jobs': None, 'penalty': 'l2', 'random_state': 42, 'solver': 'saga', 'tol': 0.0001, 'verbose': 0, 'warm_start': False}",0.12073230743408203
Coffee,10,20,3,5,KNN,Time_Warping,10,"{'sigma': 0.1, 'knot': 8}",0.9183333333333333,0.9196164748127281,"{'algorithm': 'auto', 'leaf_size': 30, 'metric': 'euclidean', 'metric_params': None, 'n_jobs': None, 'n_neighbors': np.int64(15), 'p': 2, 'weights': 'distance'}",0.04286932945251465
Coffee,10,20,3,5,RandomForest,Time_Warping,10,"{'sigma': 0.1, 'knot': 8}",0.8383333333333334,0.8375799174746326,"{'bootstrap': True, 'ccp_alpha': 0.0, 'class_weight': 'balanced', 'criterion': 'gini', 'max_depth': None, 'max_features': 'sqrt', 'max_leaf_nodes': None, 'max_samples': None, 'min_impurity_decrease': 0.0, 'min_samples_leaf': 2, 'min_samples_split': 2, 'min_weight_fraction_leaf': 0.0, 'monotonic_cst': None, 'n_estimators': 150, 'n_jobs': None, 'oob_score': False, 'random_state': 42, 'verbose': 0, 'warm_start': False}",5.6517980098724365
Coffee,10,20,3,5,LinearSVC,Time_Warping,10,"{'sigma': 0.1, 'knot': 8}",0.6566666666666666,0.6344420636992233,"{'C': np.float64(33.59818286283781), 'class_weight': 'balanced', 'dual': False, 'fit_intercept': True, 'intercept_scaling': 1, 'loss': 'squared_hinge', 'max_iter': 100, 'multi_class': 'ovr', 'penalty': 'l1', 'random_state': 42, 'tol': 0.001, 'verbose': 0}",0.17786931991577148
Coffee,10,20,3,5,LogisticRegression,Time_Warping,10,"{'sigma': 0.1, 'knot': 8}",0.6466666666666666,0.6256503535465263,"{'C': np.float64(2.6366508987303554), 'class_weight': 'balanced', 'dual': False, 'fit_intercept': True, 'intercept_scaling': 1, 'l1_ratio': None, 'max_iter': 100, 'multi_class': 'deprecated', 'n_jobs': None, 'penalty': 'l1', 'random_state': 42, 'solver': 'saga', 'tol': 0.0001, 'verbose': 0, 'warm_start': False}",0.8614866733551025
Coffee,10,20,3,10,KNN,Time_Warping,1,"{'sigma': 0.2, 'knot': 4}",0.89,0.8931462661392616,"{'algorithm': 'auto', 'leaf_size': 30, 'metric': 'minkowski', 'metric_params': None, 'n_jobs': None, 'n_neighbors': 5, 'p': 2, 'weights': 'uniform'}",0.10343790054321289
Coffee,10,20,3,10,RandomForest,Time_Warping,1,"{'sigma': 0.2, 'knot': 4}",0.8516666666666667,0.8516490248188332,"{'bootstrap': True, 'ccp_alpha': 0.0, 'class_weight': None, 'criterion': 'gini', 'max_depth': None, 'max_features': 'sqrt', 'max_leaf_nodes': None, 'max_samples': None, 'min_impurity_decrease': 0.0, 'min_samples_leaf': 1, 'min_samples_split': 2, 'min_weight_fraction_leaf': 0.0, 'monotonic_cst': None, 'n_estimators': 100, 'n_jobs': None, 'oob_score': False, 'random_state': 42, 'verbose': 0, 'warm_start': False}",8.352976322174072
Coffee,10,20,3,10,LinearSVC,Time_Warping,1,"{'sigma': 0.2, 'knot': 4}",0.63,0.6099312975681168,"{'C': 1.0, 'class_weight': None, 'dual': False, 'fit_intercept': True, 'intercept_scaling': 1, 'loss': 'squared_hinge', 'max_iter': 100, 'multi_class': 'ovr', 'penalty': 'l2', 'random_state': 42, 'tol': 0.0001, 'verbose': 0}",0.09307265281677246
Coffee,10,20,3,10,LogisticRegression,Time_Warping,1,"{'sigma': 0.2, 'knot': 4}",0.625,0.6071862135691923,"{'C': 1.0, 'class_weight': None, 'dual': False, 'fit_intercept': True, 'intercept_scaling': 1, 'l1_ratio': None, 'max_iter': 100, 'multi_class': 'deprecated', 'n_jobs': None, 'penalty': 'l2', 'random_state': 42, 'solver': 'lbfgs', 'tol': 0.0001, 'verbose': 0, 'warm_start': False}",0.21397876739501953
Coffee,10,20,3,10,KNN,Time_Warping,2,"{'sigma': 0.2, 'knot': 3}",0.9066666666666666,0.9089741736130806,"{'algorithm': 'auto', 'leaf_size': 30, 'metric': 'minkowski', 'metric_params': None, 'n_jobs': None, 'n_neighbors': 5, 'p': 2, 'weights': 'uniform'}",0.09907102584838867
Coffee,10,20,3,10,RandomForest,Time_Warping,2,"{'sigma': 0.2, 'knot': 3}",0.8416666666666667,0.8449788407818324,"{'bootstrap': True, 'ccp_alpha': 0.0, 'class_weight': None, 'criterion': 'gini', 'max_depth': None, 'max_features': 'sqrt', 'max_leaf_nodes': None, 'max_samples': None, 'min_impurity_decrease': 0.0, 'min_samples_leaf': 1, 'min_samples_split': 2, 'min_weight_fraction_leaf': 0.0, 'monotonic_cst': None, 'n_estimators': 100, 'n_jobs': None, 'oob_score': False, 'random_state': 42, 'verbose': 0, 'warm_start': False}",9.166260957717896
Coffee,10,20,3,10,LinearSVC,Time_Warping,2,"{'sigma': 0.2, 'knot': 3}",0.6266666666666667,0.6085283468734775,"{'C': 1.0, 'class_weight': None, 'dual': False, 'fit_intercept': True, 'intercept_scaling': 1, 'loss': 'squared_hinge', 'max_iter': 100, 'multi_class': 'ovr', 'penalty': 'l2', 'random_state': 42, 'tol': 0.0001, 'verbose': 0}",0.09158611297607422
Coffee,10,20,3,10,LogisticRegression,Time_Warping,2,"{'sigma': 0.2, 'knot': 3}",0.6333333333333333,0.6143104812625209,"{'C': 1.0, 'class_weight': None, 'dual': False, 'fit_intercept': True, 'intercept_scaling': 1, 'l1_ratio': None, 'max_iter': 100, 'multi_class': 'deprecated', 'n_jobs': None, 'penalty': 'l2', 'random_state': 42, 'solver': 'lbfgs', 'tol': 0.0001, 'verbose': 0, 'warm_start': False}",0.156052827835083
Coffee,10,20,3,10,KNN,Time_Warping,3,"{'sigma': 0.5, 'knot': 4}",0.905,0.9072848933995791,"{'algorithm': 'auto', 'leaf_size': 30, 'metric': 'minkowski', 'metric_params': None, 'n_jobs': None, 'n_neighbors': 5, 'p': 2, 'weights': 'uniform'}",0.10210418701171875
Coffee,10,20,3,10,RandomForest,Time_Warping,3,"{'sigma': 0.5, 'knot': 4}",0.795,0.8005228131770642,"{'bootstrap': True, 'ccp_alpha': 0.0, 'class_weight': None, 'criterion': 'gini', 'max_depth': None, 'max_features': 'sqrt', 'max_leaf_nodes': None, 'max_samples': None, 'min_impurity_decrease': 0.0, 'min_samples_leaf': 1, 'min_samples_split': 2, 'min_weight_fraction_leaf': 0.0, 'monotonic_cst': None, 'n_estimators': 100, 'n_jobs': None, 'oob_score': False, 'random_state': 42, 'verbose': 0, 'warm_start': False}",9.060995101928711
Coffee,10,20,3,10,LinearSVC,Time_Warping,3,"{'sigma': 0.5, 'knot': 4}",0.6066666666666667,0.5915366678004221,"{'C': 1.0, 'class_weight': None, 'dual': False, 'fit_intercept': True, 'intercept_scaling': 1, 'loss': 'squared_hinge', 'max_iter': 100, 'multi_class': 'ovr', 'penalty': 'l2', 'random_state': 42, 'tol': 0.0001, 'verbose': 0}",0.10623383522033691
Coffee,10,20,3,10,LogisticRegression,Time_Warping,3,"{'sigma': 0.5, 'knot': 4}",0.6116666666666667,0.5955842015950259,"{'C': 1.0, 'class_weight': None, 'dual': False, 'fit_intercept': True, 'intercept_scaling': 1, 'l1_ratio': None, 'max_iter': 100, 'multi_class': 'deprecated', 'n_jobs': None, 'penalty': 'l2', 'random_state': 42, 'solver': 'lbfgs', 'tol': 0.0001, 'verbose': 0, 'warm_start': False}",0.20476961135864258
Coffee,10,20,3,10,KNN,Time_Warping,4,"{'sigma': 0.05, 'knot': 8}",0.915,0.9166866519960691,"{'algorithm': 'auto', 'leaf_size': 30, 'metric': 'minkowski', 'metric_params': None, 'n_jobs': None, 'n_neighbors': 5, 'p': 2, 'weights': 'uniform'}",0.15454411506652832
Coffee,10,20,3,10,RandomForest,Time_Warping,4,"{'sigma': 0.05, 'knot': 8}",0.8683333333333333,0.8739534516681101,"{'bootstrap': True, 'ccp_alpha': 0.0, 'class_weight': None, 'criterion': 'gini', 'max_depth': None, 'max_features': 'sqrt', 'max_leaf_nodes': None, 'max_samples': None, 'min_impurity_decrease': 0.0, 'min_samples_leaf': 1, 'min_samples_split': 2, 'min_weight_fraction_leaf': 0.0, 'monotonic_cst': None, 'n_estimators': 100, 'n_jobs': None, 'oob_score': False, 'random_state': 42, 'verbose': 0, 'warm_start': False}",8.950418710708618
Coffee,10,20,3,10,LinearSVC,Time_Warping,4,"{'sigma': 0.05, 'knot': 8}",0.8783333333333333,0.8785025656232787,"{'C': 1.0, 'class_weight': None, 'dual': False, 'fit_intercept': True, 'intercept_scaling': 1, 'loss': 'squared_hinge', 'max_iter': 100, 'multi_class': 'ovr', 'penalty': 'l2', 'random_state': 42, 'tol': 0.0001, 'verbose': 0}",0.14300179481506348
Coffee,10,20,3,10,LogisticRegression,Time_Warping,4,"{'sigma': 0.05, 'knot': 8}",0.785,0.795238469910959,"{'C': 1.0, 'class_weight': None, 'dual': False, 'fit_intercept': True, 'intercept_scaling': 1, 'l1_ratio': None, 'max_iter': 100, 'multi_class': 'deprecated', 'n_jobs': None, 'penalty': 'l2', 'random_state': 42, 'solver': 'lbfgs', 'tol': 0.0001, 'verbose': 0, 'warm_start': False}",0.6873445510864258
Coffee,10,20,3,10,KNN,Time_Warping,5,"{'sigma': 0.1, 'knot': 4}",0.915,0.9169646778342432,"{'algorithm': 'auto', 'leaf_size': 30, 'metric': 'minkowski', 'metric_params': None, 'n_jobs': None, 'n_neighbors': 5, 'p': 2, 'weights': 'uniform'}",0.11151504516601562
Coffee,10,20,3,10,RandomForest,Time_Warping,5,"{'sigma': 0.1, 'knot': 4}",0.85,0.8529712609120669,"{'bootstrap': True, 'ccp_alpha': 0.0, 'class_weight': None, 'criterion': 'gini', 'max_depth': None, 'max_features': 'sqrt', 'max_leaf_nodes': None, 'max_samples': None, 'min_impurity_decrease': 0.0, 'min_samples_leaf': 1, 'min_samples_split': 2, 'min_weight_fraction_leaf': 0.0, 'monotonic_cst': None, 'n_estimators': 100, 'n_jobs': None, 'oob_score': False, 'random_state': 42, 'verbose': 0, 'warm_start': False}",8.534060716629028
Coffee,10,20,3,10,LinearSVC,Time_Warping,5,"{'sigma': 0.1, 'knot': 4}",0.655,0.6340616972217985,"{'C': 1.0, 'class_weight': None, 'dual': False, 'fit_intercept': True, 'intercept_scaling': 1, 'loss': 'squared_hinge', 'max_iter': 100, 'multi_class': 'ovr', 'penalty': 'l2', 'random_state': 42, 'tol': 0.0001, 'verbose': 0}",0.1001896858215332
Coffee,10,20,3,10,LogisticRegression,Time_Warping,5,"{'sigma': 0.1, 'knot': 4}",0.64,0.6202281262487057,"{'C': 1.0, 'class_weight': None, 'dual': False, 'fit_intercept': True, 'intercept_scaling': 1, 'l1_ratio': None, 'max_iter': 100, 'multi_class': 'deprecated', 'n_jobs': None, 'penalty': 'l2', 'random_state': 42, 'solver': 'lbfgs', 'tol': 0.0001, 'verbose': 0, 'warm_start': False}",0.26829028129577637
Coffee,10,20,3,10,KNN,Time_Warping,6,"{'sigma': 0.3, 'knot': 6}",0.915,0.9169148099401839,"{'algorithm': 'auto', 'leaf_size': 30, 'metric': 'minkowski', 'metric_params': None, 'n_jobs': None, 'n_neighbors': 5, 'p': 2, 'weights': 'uniform'}",0.09922266006469727
Coffee,10,20,3,10,RandomForest,Time_Warping,6,"{'sigma': 0.3, 'knot': 6}",0.8316666666666667,0.8335290389721188,"{'bootstrap': True, 'ccp_alpha': 0.0, 'class_weight': None, 'criterion': 'gini', 'max_depth': None, 'max_features': 'sqrt', 'max_leaf_nodes': None, 'max_samples': None, 'min_impurity_decrease': 0.0, 'min_samples_leaf': 1, 'min_samples_split': 2, 'min_weight_fraction_leaf': 0.0, 'monotonic_cst': None, 'n_estimators': 100, 'n_jobs': None, 'oob_score': False, 'random_state': 42, 'verbose': 0, 'warm_start': False}",9.109468698501587
Coffee,10,20,3,10,LinearSVC,Time_Warping,6,"{'sigma': 0.3, 'knot': 6}",0.6233333333333333,0.606041824755275,"{'C': 1.0, 'class_weight': None, 'dual': False, 'fit_intercept': True, 'intercept_scaling': 1, 'loss': 'squared_hinge', 'max_iter': 100, 'multi_class': 'ovr', 'penalty': 'l2', 'random_state': 42, 'tol': 0.0001, 'verbose': 0}",0.11176228523254395
Coffee,10,20,3,10,LogisticRegression,Time_Warping,6,"{'sigma': 0.3, 'knot': 6}",0.63,0.6112935189247154,"{'C': 1.0, 'class_weight': None, 'dual': False, 'fit_intercept': True, 'intercept_scaling': 1, 'l1_ratio': None, 'max_iter': 100, 'multi_class': 'deprecated', 'n_jobs': None, 'penalty': 'l2', 'random_state': 42, 'solver': 'lbfgs', 'tol': 0.0001, 'verbose': 0, 'warm_start': False}",0.2876160144805908
Coffee,10,20,3,10,KNN,Time_Warping,7,"{'sigma': 0.05, 'knot': 6}",0.925,0.9262025979834639,"{'algorithm': 'auto', 'leaf_size': 30, 'metric': 'minkowski', 'metric_params': None, 'n_jobs': None, 'n_neighbors': 5, 'p': 2, 'weights': 'uniform'}",0.09545326232910156
Coffee,10,20,3,10,RandomForest,Time_Warping,7,"{'sigma': 0.05, 'knot': 6}",0.88,0.8849270576716577,"{'bootstrap': True, 'ccp_alpha': 0.0, 'class_weight': None, 'criterion': 'gini', 'max_depth': None, 'max_features': 'sqrt', 'max_leaf_nodes': None, 'max_samples': None, 'min_impurity_decrease': 0.0, 'min_samples_leaf': 1, 'min_samples_split': 2, 'min_weight_fraction_leaf': 0.0, 'monotonic_cst': None, 'n_estimators': 100, 'n_jobs': None, 'oob_score': False, 'random_state': 42, 'verbose': 0, 'warm_start': False}",8.220247745513916
Coffee,10,20,3,10,LinearSVC,Time_Warping,7,"{'sigma': 0.05, 'knot': 6}",0.7833333333333333,0.7545105077583024,"{'C': 1.0, 'class_weight': None, 'dual': False, 'fit_intercept': True, 'intercept_scaling': 1, 'loss': 'squared_hinge', 'max_iter': 100, 'multi_class': 'ovr', 'penalty': 'l2', 'random_state': 42, 'tol': 0.0001, 'verbose': 0}",0.13375425338745117
Coffee,10,20,3,10,LogisticRegression,Time_Warping,7,"{'sigma': 0.05, 'knot': 6}",0.7883333333333333,0.7970981532822077,"{'C': 1.0, 'class_weight': None, 'dual': False, 'fit_intercept': True, 'intercept_scaling': 1, 'l1_ratio': None, 'max_iter': 100, 'multi_class': 'deprecated', 'n_jobs': None, 'penalty': 'l2', 'random_state': 42, 'solver': 'lbfgs', 'tol': 0.0001, 'verbose': 0, 'warm_start': False}",0.452791690826416
Coffee,10,20,3,10,KNN,Time_Warping,8,"{'sigma': 0.3, 'knot': 6}",0.905,0.9073120760608974,"{'algorithm': 'auto', 'leaf_size': 30, 'metric': 'minkowski', 'metric_params': None, 'n_jobs': None, 'n_neighbors': 5, 'p': 2, 'weights': 'uniform'}",0.12031197547912598
Coffee,10,20,3,10,RandomForest,Time_Warping,8,"{'sigma': 0.3, 'knot': 6}",0.8566666666666667,0.8595971339592182,"{'bootstrap': True, 'ccp_alpha': 0.0, 'class_weight': None, 'criterion': 'gini', 'max_depth': None, 'max_features': 'sqrt', 'max_leaf_nodes': None, 'max_samples': None, 'min_impurity_decrease': 0.0, 'min_samples_leaf': 1, 'min_samples_split': 2, 'min_weight_fraction_leaf': 0.0, 'monotonic_cst': None, 'n_estimators': 100, 'n_jobs': None, 'oob_score': False, 'random_state': 42, 'verbose': 0, 'warm_start': False}",8.81432557106018
Coffee,10,20,3,10,LinearSVC,Time_Warping,8,"{'sigma': 0.3, 'knot': 6}",0.6266666666666667,0.6091676703804074,"{'C': 1.0, 'class_weight': None, 'dual': False, 'fit_intercept': True, 'intercept_scaling': 1, 'loss': 'squared_hinge', 'max_iter': 100, 'multi_class': 'ovr', 'penalty': 'l2', 'random_state': 42, 'tol': 0.0001, 'verbose': 0}",0.11241674423217773
Coffee,10,20,3,10,LogisticRegression,Time_Warping,8,"{'sigma': 0.3, 'knot': 6}",0.6283333333333333,0.6098872051767973,"{'C': 1.0, 'class_weight': None, 'dual': False, 'fit_intercept': True, 'intercept_scaling': 1, 'l1_ratio': None, 'max_iter': 100, 'multi_class': 'deprecated', 'n_jobs': None, 'penalty': 'l2', 'random_state': 42, 'solver': 'lbfgs', 'tol': 0.0001, 'verbose': 0, 'warm_start': False}",0.22266006469726562
Coffee,10,20,3,10,KNN,Time_Warping,9,"{'sigma': 0.1, 'knot': 6}",0.895,0.8977166875989262,"{'algorithm': 'auto', 'leaf_size': 30, 'metric': 'minkowski', 'metric_params': None, 'n_jobs': None, 'n_neighbors': 5, 'p': 2, 'weights': 'uniform'}",0.09402751922607422
Coffee,10,20,3,10,RandomForest,Time_Warping,9,"{'sigma': 0.1, 'knot': 6}",0.85,0.8537412626691224,"{'bootstrap': True, 'ccp_alpha': 0.0, 'class_weight': None, 'criterion': 'gini', 'max_depth': None, 'max_features': 'sqrt', 'max_leaf_nodes': None, 'max_samples': None, 'min_impurity_decrease': 0.0, 'min_samples_leaf': 1, 'min_samples_split': 2, 'min_weight_fraction_leaf': 0.0, 'monotonic_cst': None, 'n_estimators': 100, 'n_jobs': None, 'oob_score': False, 'random_state': 42, 'verbose': 0, 'warm_start': False}",8.619848251342773
Coffee,10,20,3,10,LinearSVC,Time_Warping,9,"{'sigma': 0.1, 'knot': 6}",0.6816666666666666,0.6568564986208438,"{'C': 1.0, 'class_weight': None, 'dual': False, 'fit_intercept': True, 'intercept_scaling': 1, 'loss': 'squared_hinge', 'max_iter': 100, 'multi_class': 'ovr', 'penalty': 'l2', 'random_state': 42, 'tol': 0.0001, 'verbose': 0}",0.1064908504486084
Coffee,10,20,3,10,LogisticRegression,Time_Warping,9,"{'sigma': 0.1, 'knot': 6}",0.6533333333333333,0.6316418166780217,"{'C': 1.0, 'class_weight': None, 'dual': False, 'fit_intercept': True, 'intercept_scaling': 1, 'l1_ratio': None, 'max_iter': 100, 'multi_class': 'deprecated', 'n_jobs': None, 'penalty': 'l2', 'random_state': 42, 'solver': 'lbfgs', 'tol': 0.0001, 'verbose': 0, 'warm_start': False}",0.26255011558532715
Coffee,10,20,3,10,KNN,Time_Warping,10,"{'sigma': 0.1, 'knot': 8}",0.91,0.9117860058462592,"{'algorithm': 'auto', 'leaf_size': 30, 'metric': 'minkowski', 'metric_params': None, 'n_jobs': None, 'n_neighbors': 5, 'p': 2, 'weights': 'uniform'}",0.08912825584411621
Coffee,10,20,3,10,RandomForest,Time_Warping,10,"{'sigma': 0.1, 'knot': 8}",0.85,0.8522842978598197,"{'bootstrap': True, 'ccp_alpha': 0.0, 'class_weight': None, 'criterion': 'gini', 'max_depth': None, 'max_features': 'sqrt', 'max_leaf_nodes': None, 'max_samples': None, 'min_impurity_decrease': 0.0, 'min_samples_leaf': 1, 'min_samples_split': 2, 'min_weight_fraction_leaf': 0.0, 'monotonic_cst': None, 'n_estimators': 100, 'n_jobs': None, 'oob_score': False, 'random_state': 42, 'verbose': 0, 'warm_start': False}",8.28654146194458
Coffee,10,20,3,10,LinearSVC,Time_Warping,10,"{'sigma': 0.1, 'knot': 8}",0.6966666666666667,0.6703456255607692,"{'C': 1.0, 'class_weight': None, 'dual': False, 'fit_intercept': True, 'intercept_scaling': 1, 'loss': 'squared_hinge', 'max_iter': 100, 'multi_class': 'ovr', 'penalty': 'l2', 'random_state': 42, 'tol': 0.0001, 'verbose': 0}",0.10244154930114746
Coffee,10,20,3,10,LogisticRegression,Time_Warping,10,"{'sigma': 0.1, 'knot': 8}",0.655,0.634830897077769,"{'C': 1.0, 'class_weight': None, 'dual': False, 'fit_intercept': True, 'intercept_scaling': 1, 'l1_ratio': None, 'max_iter': 100, 'multi_class': 'deprecated', 'n_jobs': None, 'penalty': 'l2', 'random_state': 42, 'solver': 'lbfgs', 'tol': 0.0001, 'verbose': 0, 'warm_start': False}",0.3231494426727295
Coffee,10,20,4,1,KNN,Baseline,N/A,N/A,0.9266666666666666,0.9284045785055202,"{'algorithm': 'auto', 'leaf_size': 30, 'metric': 'minkowski', 'metric_params': None, 'n_jobs': None, 'n_neighbors': 5, 'p': 2, 'weights': 'uniform'}",0.02512502670288086
Coffee,10,20,4,1,KNN,Tuned_Baseline,N/A,N/A,0.8733333333333333,0.8798749733356295,"{'algorithm': 'auto', 'leaf_size': 30, 'metric': 'chebyshev', 'metric_params': None, 'n_jobs': None, 'n_neighbors': np.int64(11), 'p': 2, 'weights': 'distance'}",0.00522613525390625
Coffee,10,20,4,1,RandomForest,Baseline,N/A,N/A,0.8816666666666667,0.8864007706595964,"{'bootstrap': True, 'ccp_alpha': 0.0, 'class_weight': None, 'criterion': 'gini', 'max_depth': None, 'max_features': 'sqrt', 'max_leaf_nodes': None, 'max_samples': None, 'min_impurity_decrease': 0.0, 'min_samples_leaf': 1, 'min_samples_split': 2, 'min_weight_fraction_leaf': 0.0, 'monotonic_cst': None, 'n_estimators': 100, 'n_jobs': None, 'oob_score': False, 'random_state': 42, 'verbose': 0, 'warm_start': False}",0.6496889591217041
Coffee,10,20,4,1,RandomForest,Tuned_Baseline,N/A,N/A,0.8616666666666667,0.8620792091095818,"{'bootstrap': True, 'ccp_alpha': 0.0, 'class_weight': 'balanced', 'criterion': 'gini', 'max_depth': 10, 'max_features': 'sqrt', 'max_leaf_nodes': None, 'max_samples': None, 'min_impurity_decrease': 0.0, 'min_samples_leaf': 1, 'min_samples_split': 2, 'min_weight_fraction_leaf': 0.0, 'monotonic_cst': None, 'n_estimators': 100, 'n_jobs': None, 'oob_score': False, 'random_state': 42, 'verbose': 0, 'warm_start': False}",0.005804300308227539
Coffee,10,20,4,1,LinearSVC,Baseline,N/A,N/A,0.795,0.8009971493635577,"{'C': 1.0, 'class_weight': None, 'dual': False, 'fit_intercept': True, 'intercept_scaling': 1, 'loss': 'squared_hinge', 'max_iter': 100, 'multi_class': 'ovr', 'penalty': 'l2', 'random_state': 42, 'tol': 0.0001, 'verbose': 0}",0.013726949691772461
Coffee,10,20,4,1,LinearSVC,Tuned_Baseline,N/A,N/A,0.84,0.84454924879689,"{'C': np.float64(183.29807108324337), 'class_weight': None, 'dual': False, 'fit_intercept': True, 'intercept_scaling': 1, 'loss': 'squared_hinge', 'max_iter': 100, 'multi_class': 'ovr', 'penalty': 'l1', 'random_state': 42, 'tol': 0.001, 'verbose': 0}",0.0001995563507080078
Coffee,10,20,4,1,LogisticRegression,Baseline,N/A,N/A,0.74,0.7512520166557954,"{'C': 1.0, 'class_weight': None, 'dual': False, 'fit_intercept': True, 'intercept_scaling': 1, 'l1_ratio': None, 'max_iter': 100, 'multi_class': 'deprecated', 'n_jobs': None, 'penalty': 'l2', 'random_state': 42, 'solver': 'lbfgs', 'tol': 0.0001, 'verbose': 0, 'warm_start': False}",0.07546257972717285
Coffee,10,20,4,1,LogisticRegression,Tuned_Baseline,N/A,N/A,0.7383333333333333,0.7488133258535555,"{'C': np.float64(183.29807108324337), 'class_weight': None, 'dual': False, 'fit_intercept': True, 'intercept_scaling': 1, 'l1_ratio': None, 'max_iter': 100, 'multi_class': 'deprecated', 'n_jobs': None, 'penalty': 'l2', 'random_state': 42, 'solver': 'saga', 'tol': 0.0001, 'verbose': 0, 'warm_start': False}",0.0003139972686767578
Coffee,10,20,4,1,RNN,Tuned_Baseline,N/A,N/A,0.16666666666666666,0.047619047619047616,"{'hidden_size': 64, 'epochs': 10, 'batch_size': 32, 'lr': 0.001}",2.3603439331054688e-05
Coffee,10,20,4,2,KNN,Time_Warping,1,"{'sigma': 0.2, 'knot': 4}",0.905,0.9082270126969668,"{'algorithm': 'auto', 'leaf_size': 30, 'metric': 'euclidean', 'metric_params': None, 'n_jobs': None, 'n_neighbors': np.int64(9), 'p': 2, 'weights': 'distance'}",0.01968073844909668
Coffee,10,20,4,2,RandomForest,Time_Warping,1,"{'sigma': 0.2, 'knot': 4}",0.8466666666666667,0.8461076195847769,"{'bootstrap': True, 'ccp_alpha': 0.0, 'class_weight': 'balanced', 'criterion': 'gini', 'max_depth': 30, 'max_features': 'sqrt', 'max_leaf_nodes': None, 'max_samples': None, 'min_impurity_decrease': 0.0, 'min_samples_leaf': 1, 'min_samples_split': 2, 'min_weight_fraction_leaf': 0.0, 'monotonic_cst': None, 'n_estimators': 150, 'n_jobs': None, 'oob_score': False, 'random_state': 42, 'verbose': 0, 'warm_start': False}",1.945061445236206
Coffee,10,20,4,2,LinearSVC,Time_Warping,1,"{'sigma': 0.2, 'knot': 4}",0.6483333333333333,0.6280290778147484,"{'C': np.float64(33.59818286283781), 'class_weight': 'balanced', 'dual': False, 'fit_intercept': True, 'intercept_scaling': 1, 'loss': 'squared_hinge', 'max_iter': 100, 'multi_class': 'ovr', 'penalty': 'l1', 'random_state': 42, 'tol': 0.001, 'verbose': 0}",0.034642934799194336
Coffee,10,20,4,2,LogisticRegression,Time_Warping,1,"{'sigma': 0.2, 'knot': 4}",0.6466666666666666,0.6238476313990022,"{'C': np.float64(1000.0), 'class_weight': 'balanced', 'dual': False, 'fit_intercept': True, 'intercept_scaling': 1, 'l1_ratio': None, 'max_iter': 100, 'multi_class': 'deprecated', 'n_jobs': None, 'penalty': 'l2', 'random_state': 42, 'solver': 'sag', 'tol': 0.0001, 'verbose': 0, 'warm_start': False}",0.058565616607666016
Coffee,10,20,4,2,KNN,Time_Warping,2,"{'sigma': 0.2, 'knot': 3}",0.9116666666666666,0.9144888703980754,"{'algorithm': 'auto', 'leaf_size': 30, 'metric': 'euclidean', 'metric_params': None, 'n_jobs': None, 'n_neighbors': np.int64(9), 'p': 2, 'weights': 'distance'}",0.020561695098876953
Coffee,10,20,4,2,RandomForest,Time_Warping,2,"{'sigma': 0.2, 'knot': 3}",0.8433333333333334,0.8407328467781868,"{'bootstrap': True, 'ccp_alpha': 0.0, 'class_weight': None, 'criterion': 'gini', 'max_depth': 20, 'max_features': 'sqrt', 'max_leaf_nodes': None, 'max_samples': None, 'min_impurity_decrease': 0.0, 'min_samples_leaf': 1, 'min_samples_split': 2, 'min_weight_fraction_leaf': 0.0, 'monotonic_cst': None, 'n_estimators': 100, 'n_jobs': None, 'oob_score': False, 'random_state': 42, 'verbose': 0, 'warm_start': False}",1.2177565097808838
Coffee,10,20,4,2,LinearSVC,Time_Warping,2,"{'sigma': 0.2, 'knot': 3}",0.645,0.6237864304469299,"{'C': np.float64(183.29807108324337), 'class_weight': 'balanced', 'dual': False, 'fit_intercept': True, 'intercept_scaling': 1, 'loss': 'squared_hinge', 'max_iter': 100, 'multi_class': 'ovr', 'penalty': 'l1', 'random_state': 42, 'tol': 0.0001, 'verbose': 0}",0.04757380485534668
Coffee,10,20,4,2,LogisticRegression,Time_Warping,2,"{'sigma': 0.2, 'knot': 3}",0.6466666666666666,0.6251461988304093,"{'C': np.float64(1000.0), 'class_weight': 'balanced', 'dual': False, 'fit_intercept': True, 'intercept_scaling': 1, 'l1_ratio': None, 'max_iter': 100, 'multi_class': 'deprecated', 'n_jobs': None, 'penalty': 'l2', 'random_state': 42, 'solver': 'sag', 'tol': 0.0001, 'verbose': 0, 'warm_start': False}",0.08222174644470215
Coffee,10,20,4,2,KNN,Time_Warping,3,"{'sigma': 0.5, 'knot': 4}",0.9083333333333333,0.9112523407703906,"{'algorithm': 'auto', 'leaf_size': 30, 'metric': 'euclidean', 'metric_params': None, 'n_jobs': None, 'n_neighbors': np.int64(9), 'p': 2, 'weights': 'distance'}",0.02366161346435547
Coffee,10,20,4,2,RandomForest,Time_Warping,3,"{'sigma': 0.5, 'knot': 4}",0.8216666666666667,0.8159914287303761,"{'bootstrap': True, 'ccp_alpha': 0.0, 'class_weight': 'balanced', 'criterion': 'gini', 'max_depth': 30, 'max_features': 'sqrt', 'max_leaf_nodes': None, 'max_samples': None, 'min_impurity_decrease': 0.0, 'min_samples_leaf': 1, 'min_samples_split': 2, 'min_weight_fraction_leaf': 0.0, 'monotonic_cst': None, 'n_estimators': 150, 'n_jobs': None, 'oob_score': False, 'random_state': 42, 'verbose': 0, 'warm_start': False}",2.2569093704223633
Coffee,10,20,4,2,LinearSVC,Time_Warping,3,"{'sigma': 0.5, 'knot': 4}",0.6416666666666667,0.6307314047990129,"{'C': np.float64(183.29807108324337), 'class_weight': 'balanced', 'dual': False, 'fit_intercept': True, 'intercept_scaling': 1, 'loss': 'squared_hinge', 'max_iter': 100, 'multi_class': 'ovr', 'penalty': 'l1', 'random_state': 42, 'tol': 0.0001, 'verbose': 0}",0.041446685791015625
Coffee,10,20,4,2,LogisticRegression,Time_Warping,3,"{'sigma': 0.5, 'knot': 4}",0.6433333333333333,0.6252224526934138,"{'C': np.float64(33.59818286283781), 'class_weight': 'balanced', 'dual': False, 'fit_intercept': True, 'intercept_scaling': 1, 'l1_ratio': None, 'max_iter': 100, 'multi_class': 'deprecated', 'n_jobs': None, 'penalty': 'l1', 'random_state': 42, 'solver': 'saga', 'tol': 0.0001, 'verbose': 0, 'warm_start': False}",0.06934738159179688
Coffee,10,20,4,2,KNN,Time_Warping,4,"{'sigma': 0.05, 'knot': 8}",0.955,0.9551112592372387,"{'algorithm': 'auto', 'leaf_size': 30, 'metric': 'euclidean', 'metric_params': None, 'n_jobs': None, 'n_neighbors': np.int64(9), 'p': 2, 'weights': 'distance'}",0.017626285552978516
Coffee,10,20,4,2,RandomForest,Time_Warping,4,"{'sigma': 0.05, 'knot': 8}",0.8733333333333333,0.8768651247109508,"{'bootstrap': True, 'ccp_alpha': 0.0, 'class_weight': 'balanced', 'criterion': 'gini', 'max_depth': 10, 'max_features': 'sqrt', 'max_leaf_nodes': None, 'max_samples': None, 'min_impurity_decrease': 0.0, 'min_samples_leaf': 1, 'min_samples_split': 2, 'min_weight_fraction_leaf': 0.0, 'monotonic_cst': None, 'n_estimators': 100, 'n_jobs': None, 'oob_score': False, 'random_state': 42, 'verbose': 0, 'warm_start': False}",1.1978614330291748
Coffee,10,20,4,2,LinearSVC,Time_Warping,4,"{'sigma': 0.05, 'knot': 8}",0.7483333333333333,0.7560648984523851,"{'C': np.float64(33.59818286283781), 'class_weight': 'balanced', 'dual': False, 'fit_intercept': True, 'intercept_scaling': 1, 'loss': 'squared_hinge', 'max_iter': 100, 'multi_class': 'ovr', 'penalty': 'l1', 'random_state': 42, 'tol': 0.001, 'verbose': 0}",0.06621050834655762
Coffee,10,20,4,2,LogisticRegression,Time_Warping,4,"{'sigma': 0.05, 'knot': 8}",0.715,0.7286202876225889,"{'C': np.float64(33.59818286283781), 'class_weight': 'balanced', 'dual': False, 'fit_intercept': True, 'intercept_scaling': 1, 'l1_ratio': None, 'max_iter': 100, 'multi_class': 'deprecated', 'n_jobs': None, 'penalty': 'l2', 'random_state': 42, 'solver': 'saga', 'tol': 0.0001, 'verbose': 0, 'warm_start': False}",0.1369173526763916
Coffee,10,20,4,2,KNN,Time_Warping,5,"{'sigma': 0.1, 'knot': 4}",0.895,0.8994525992287765,"{'algorithm': 'auto', 'leaf_size': 30, 'metric': 'chebyshev', 'metric_params': None, 'n_jobs': None, 'n_neighbors': np.int64(5), 'p': 2, 'weights': 'uniform'}",0.03040289878845215
Coffee,10,20,4,2,RandomForest,Time_Warping,5,"{'sigma': 0.1, 'knot': 4}",0.8366666666666667,0.833971583971584,"{'bootstrap': True, 'ccp_alpha': 0.0, 'class_weight': 'balanced', 'criterion': 'gini', 'max_depth': 20, 'max_features': 'sqrt', 'max_leaf_nodes': None, 'max_samples': None, 'min_impurity_decrease': 0.0, 'min_samples_leaf': 1, 'min_samples_split': 2, 'min_weight_fraction_leaf': 0.0, 'monotonic_cst': None, 'n_estimators': 50, 'n_jobs': None, 'oob_score': False, 'random_state': 42, 'verbose': 0, 'warm_start': False}",0.654533863067627
Coffee,10,20,4,2,LinearSVC,Time_Warping,5,"{'sigma': 0.1, 'knot': 4}",0.6666666666666666,0.662084888635011,"{'C': np.float64(1000.0), 'class_weight': 'balanced', 'dual': False, 'fit_intercept': True, 'intercept_scaling': 1, 'loss': 'squared_hinge', 'max_iter': 100, 'multi_class': 'ovr', 'penalty': 'l2', 'random_state': 42, 'tol': 0.001, 'verbose': 0}",0.020292997360229492
Coffee,10,20,4,2,LogisticRegression,Time_Warping,5,"{'sigma': 0.1, 'knot': 4}",0.67,0.6661005795317044,"{'C': np.float64(33.59818286283781), 'class_weight': None, 'dual': False, 'fit_intercept': True, 'intercept_scaling': 1, 'l1_ratio': None, 'max_iter': 100, 'multi_class': 'deprecated', 'n_jobs': None, 'penalty': 'l2', 'random_state': 42, 'solver': 'saga', 'tol': 0.0001, 'verbose': 0, 'warm_start': False}",0.03987741470336914
Coffee,10,20,4,2,KNN,Time_Warping,6,"{'sigma': 0.3, 'knot': 6}",0.91,0.9129610952914858,"{'algorithm': 'auto', 'leaf_size': 30, 'metric': 'euclidean', 'metric_params': None, 'n_jobs': None, 'n_neighbors': np.int64(9), 'p': 2, 'weights': 'distance'}",0.022257328033447266
Coffee,10,20,4,2,RandomForest,Time_Warping,6,"{'sigma': 0.3, 'knot': 6}",0.85,0.8496206553801819,"{'bootstrap': True, 'ccp_alpha': 0.0, 'class_weight': 'balanced', 'criterion': 'gini', 'max_depth': 30, 'max_features': 'sqrt', 'max_leaf_nodes': None, 'max_samples': None, 'min_impurity_decrease': 0.0, 'min_samples_leaf': 1, 'min_samples_split': 2, 'min_weight_fraction_leaf': 0.0, 'monotonic_cst': None, 'n_estimators': 150, 'n_jobs': None, 'oob_score': False, 'random_state': 42, 'verbose': 0, 'warm_start': False}",2.20509934425354
Coffee,10,20,4,2,LinearSVC,Time_Warping,6,"{'sigma': 0.3, 'knot': 6}",0.64,0.6224595253755172,"{'C': np.float64(33.59818286283781), 'class_weight': 'balanced', 'dual': False, 'fit_intercept': True, 'intercept_scaling': 1, 'loss': 'squared_hinge', 'max_iter': 100, 'multi_class': 'ovr', 'penalty': 'l1', 'random_state': 42, 'tol': 0.001, 'verbose': 0}",0.03194832801818848
Coffee,10,20,4,2,LogisticRegression,Time_Warping,6,"{'sigma': 0.3, 'knot': 6}",0.645,0.6255015553836,"{'C': np.float64(33.59818286283781), 'class_weight': None, 'dual': False, 'fit_intercept': True, 'intercept_scaling': 1, 'l1_ratio': None, 'max_iter': 100, 'multi_class': 'deprecated', 'n_jobs': None, 'penalty': 'l2', 'random_state': 42, 'solver': 'saga', 'tol': 0.0001, 'verbose': 0, 'warm_start': False}",0.04867863655090332
Coffee,10,20,4,2,KNN,Time_Warping,7,"{'sigma': 0.05, 'knot': 6}",0.925,0.9266974630795312,"{'algorithm': 'auto', 'leaf_size': 30, 'metric': 'euclidean', 'metric_params': None, 'n_jobs': None, 'n_neighbors': np.int64(9), 'p': 2, 'weights': 'distance'}",0.018799304962158203
Coffee,10,20,4,2,RandomForest,Time_Warping,7,"{'sigma': 0.05, 'knot': 6}",0.8683333333333333,0.8739534516681101,"{'bootstrap': True, 'ccp_alpha': 0.0, 'class_weight': None, 'criterion': 'gini', 'max_depth': 20, 'max_features': 'sqrt', 'max_leaf_nodes': None, 'max_samples': None, 'min_impurity_decrease': 0.0, 'min_samples_leaf': 1, 'min_samples_split': 2, 'min_weight_fraction_leaf': 0.0, 'monotonic_cst': None, 'n_estimators': 100, 'n_jobs': None, 'oob_score': False, 'random_state': 42, 'verbose': 0, 'warm_start': False}",1.250821828842163
Coffee,10,20,4,2,LinearSVC,Time_Warping,7,"{'sigma': 0.05, 'knot': 6}",0.7666666666666667,0.7720458943026433,"{'C': np.float64(1000.0), 'class_weight': 'balanced', 'dual': False, 'fit_intercept': True, 'intercept_scaling': 1, 'loss': 'squared_hinge', 'max_iter': 100, 'multi_class': 'ovr', 'penalty': 'l2', 'random_state': 42, 'tol': 0.001, 'verbose': 0}",0.028478384017944336
Coffee,10,20,4,2,LogisticRegression,Time_Warping,7,"{'sigma': 0.05, 'knot': 6}",0.7433333333333333,0.7555291068856589,"{'C': np.float64(33.59818286283781), 'class_weight': 'balanced', 'dual': False, 'fit_intercept': True, 'intercept_scaling': 1, 'l1_ratio': None, 'max_iter': 100, 'multi_class': 'deprecated', 'n_jobs': None, 'penalty': 'l2', 'random_state': 42, 'solver': 'saga', 'tol': 0.0001, 'verbose': 0, 'warm_start': False}",0.09030842781066895
Coffee,10,20,4,2,KNN,Time_Warping,8,"{'sigma': 0.3, 'knot': 6}",0.91,0.9127472201001613,"{'algorithm': 'auto', 'leaf_size': 30, 'metric': 'euclidean', 'metric_params': None, 'n_jobs': None, 'n_neighbors': np.int64(9), 'p': 2, 'weights': 'distance'}",0.020585060119628906
Coffee,10,20,4,2,RandomForest,Time_Warping,8,"{'sigma': 0.3, 'knot': 6}",0.8666666666666667,0.8702867246142758,"{'bootstrap': True, 'ccp_alpha': 0.0, 'class_weight': 'balanced', 'criterion': 'gini', 'max_depth': None, 'max_features': 'sqrt', 'max_leaf_nodes': None, 'max_samples': None, 'min_impurity_decrease': 0.0, 'min_samples_leaf': 1, 'min_samples_split': 2, 'min_weight_fraction_leaf': 0.0, 'monotonic_cst': None, 'n_estimators': 50, 'n_jobs': None, 'oob_score': False, 'random_state': 42, 'verbose': 0, 'warm_start': False}",0.7139279842376709
Coffee,10,20,4,2,LinearSVC,Time_Warping,8,"{'sigma': 0.3, 'knot': 6}",0.65,0.6377292650751096,"{'C': np.float64(1000.0), 'class_weight': 'balanced', 'dual': False, 'fit_intercept': True, 'intercept_scaling': 1, 'loss': 'squared_hinge', 'max_iter': 100, 'multi_class': 'ovr', 'penalty': 'l2', 'random_state': 42, 'tol': 0.001, 'verbose': 0}",0.025226116180419922
Coffee,10,20,4,2,LogisticRegression,Time_Warping,8,"{'sigma': 0.3, 'knot': 6}",0.6466666666666666,0.6251461988304093,"{'C': np.float64(1000.0), 'class_weight': 'balanced', 'dual': False, 'fit_intercept': True, 'intercept_scaling': 1, 'l1_ratio': None, 'max_iter': 100, 'multi_class': 'deprecated', 'n_jobs': None, 'penalty': 'l2', 'random_state': 42, 'solver': 'sag', 'tol': 0.0001, 'verbose': 0, 'warm_start': False}",0.08137392997741699
Coffee,10,20,4,2,KNN,Time_Warping,9,"{'sigma': 0.1, 'knot': 6}",0.9066666666666666,0.9101835693152748,"{'algorithm': 'auto', 'leaf_size': 30, 'metric': 'chebyshev', 'metric_params': None, 'n_jobs': None, 'n_neighbors': np.int64(5), 'p': 2, 'weights': 'uniform'}",0.0354619026184082
Coffee,10,20,4,2,RandomForest,Time_Warping,9,"{'sigma': 0.1, 'knot': 6}",0.8633333333333333,0.8672289825011839,"{'bootstrap': True, 'ccp_alpha': 0.0, 'class_weight': 'balanced', 'criterion': 'gini', 'max_depth': None, 'max_features': 'sqrt', 'max_leaf_nodes': None, 'max_samples': None, 'min_impurity_decrease': 0.0, 'min_samples_leaf': 1, 'min_samples_split': 2, 'min_weight_fraction_leaf': 0.0, 'monotonic_cst': None, 'n_estimators': 50, 'n_jobs': None, 'oob_score': False, 'random_state': 42, 'verbose': 0, 'warm_start': False}",0.657005786895752
Coffee,10,20,4,2,LinearSVC,Time_Warping,9,"{'sigma': 0.1, 'knot': 6}",0.7566666666666667,0.7341912756344388,"{'C': np.float64(33.59818286283781), 'class_weight': None, 'dual': False, 'fit_intercept': True, 'intercept_scaling': 1, 'loss': 'squared_hinge', 'max_iter': 100, 'multi_class': 'ovr', 'penalty': 'l1', 'random_state': 42, 'tol': 0.001, 'verbose': 0}",0.06712031364440918
Coffee,10,20,4,2,LogisticRegression,Time_Warping,9,"{'sigma': 0.1, 'knot': 6}",0.7333333333333333,0.7399341265039995,"{'C': np.float64(33.59818286283781), 'class_weight': None, 'dual': False, 'fit_intercept': True, 'intercept_scaling': 1, 'l1_ratio': None, 'max_iter': 100, 'multi_class': 'deprecated', 'n_jobs': None, 'penalty': 'l2', 'random_state': 42, 'solver': 'saga', 'tol': 0.0001, 'verbose': 0, 'warm_start': False}",0.049581050872802734
Coffee,10,20,4,2,KNN,Time_Warping,10,"{'sigma': 0.1, 'knot': 8}",0.9166666666666666,0.9188598783972963,"{'algorithm': 'auto', 'leaf_size': 30, 'metric': 'euclidean', 'metric_params': None, 'n_jobs': None, 'n_neighbors': np.int64(9), 'p': 2, 'weights': 'distance'}",0.021764278411865234
Coffee,10,20,4,2,RandomForest,Time_Warping,10,"{'sigma': 0.1, 'knot': 8}",0.875,0.8758409615560255,"{'bootstrap': True, 'ccp_alpha': 0.0, 'class_weight': 'balanced', 'criterion': 'gini', 'max_depth': 30, 'max_features': 'sqrt', 'max_leaf_nodes': None, 'max_samples': None, 'min_impurity_decrease': 0.0, 'min_samples_leaf': 1, 'min_samples_split': 2, 'min_weight_fraction_leaf': 0.0, 'monotonic_cst': None, 'n_estimators': 150, 'n_jobs': None, 'oob_score': False, 'random_state': 42, 'verbose': 0, 'warm_start': False}",2.0725793838500977
Coffee,10,20,4,2,LinearSVC,Time_Warping,10,"{'sigma': 0.1, 'knot': 8}",0.6866666666666666,0.6871055847062348,"{'C': np.float64(33.59818286283781), 'class_weight': 'balanced', 'dual': False, 'fit_intercept': True, 'intercept_scaling': 1, 'loss': 'squared_hinge', 'max_iter': 100, 'multi_class': 'ovr', 'penalty': 'l1', 'random_state': 42, 'tol': 0.001, 'verbose': 0}",0.06261181831359863
Coffee,10,20,4,2,LogisticRegression,Time_Warping,10,"{'sigma': 0.1, 'knot': 8}",0.7316666666666667,0.7388581078409777,"{'C': np.float64(33.59818286283781), 'class_weight': None, 'dual': False, 'fit_intercept': True, 'intercept_scaling': 1, 'l1_ratio': None, 'max_iter': 100, 'multi_class': 'deprecated', 'n_jobs': None, 'penalty': 'l2', 'random_state': 42, 'solver': 'saga', 'tol': 0.0001, 'verbose': 0, 'warm_start': False}",0.04536294937133789
Coffee,10,20,4,3,KNN,Time_Warping,1,"{'sigma': 0.2, 'knot': 4}",0.8866666666666667,0.8922903670943654,"{'algorithm': 'auto', 'leaf_size': 30, 'metric': 'minkowski', 'metric_params': None, 'n_jobs': None, 'n_neighbors': np.int64(13), 'p': 4, 'weights': 'distance'}",0.12625360488891602
Coffee,10,20,4,3,RandomForest,Time_Warping,1,"{'sigma': 0.2, 'knot': 4}",0.855,0.8556647419952008,"{'bootstrap': True, 'ccp_alpha': 0.0, 'class_weight': 'balanced', 'criterion': 'gini', 'max_depth': 30, 'max_features': 'sqrt', 'max_leaf_nodes': None, 'max_samples': None, 'min_impurity_decrease': 0.0, 'min_samples_leaf': 1, 'min_samples_split': 2, 'min_weight_fraction_leaf': 0.0, 'monotonic_cst': None, 'n_estimators': 150, 'n_jobs': None, 'oob_score': False, 'random_state': 42, 'verbose': 0, 'warm_start': False}",3.4388015270233154
Coffee,10,20,4,3,LinearSVC,Time_Warping,1,"{'sigma': 0.2, 'knot': 4}",0.6483333333333333,0.6341219246461556,"{'C': np.float64(2.6366508987303554), 'class_weight': 'balanced', 'dual': False, 'fit_intercept': True, 'intercept_scaling': 1, 'loss': 'squared_hinge', 'max_iter': 100, 'multi_class': 'ovr', 'penalty': 'l1', 'random_state': 42, 'tol': 0.0001, 'verbose': 0}",0.07059931755065918
Coffee,10,20,4,3,LogisticRegression,Time_Warping,1,"{'sigma': 0.2, 'knot': 4}",0.645,0.6251602499951244,"{'C': np.float64(2.6366508987303554), 'class_weight': 'balanced', 'dual': False, 'fit_intercept': True, 'intercept_scaling': 1, 'l1_ratio': None, 'max_iter': 100, 'multi_class': 'deprecated', 'n_jobs': None, 'penalty': 'l1', 'random_state': 42, 'solver': 'saga', 'tol': 0.0001, 'verbose': 0, 'warm_start': False}",0.5403633117675781
Coffee,10,20,4,3,KNN,Time_Warping,2,"{'sigma': 0.2, 'knot': 3}",0.885,0.8908105323802827,"{'algorithm': 'auto', 'leaf_size': 30, 'metric': 'minkowski', 'metric_params': None, 'n_jobs': None, 'n_neighbors': np.int64(13), 'p': 4, 'weights': 'distance'}",0.1431119441986084
Coffee,10,20,4,3,RandomForest,Time_Warping,2,"{'sigma': 0.2, 'knot': 3}",0.8516666666666667,0.8474841843429892,"{'bootstrap': True, 'ccp_alpha': 0.0, 'class_weight': 'balanced', 'criterion': 'gini', 'max_depth': 30, 'max_features': 'sqrt', 'max_leaf_nodes': None, 'max_samples': None, 'min_impurity_decrease': 0.0, 'min_samples_leaf': 1, 'min_samples_split': 2, 'min_weight_fraction_leaf': 0.0, 'monotonic_cst': None, 'n_estimators': 150, 'n_jobs': None, 'oob_score': False, 'random_state': 42, 'verbose': 0, 'warm_start': False}",3.409895658493042
Coffee,10,20,4,3,LinearSVC,Time_Warping,2,"{'sigma': 0.2, 'knot': 3}",0.645,0.6264799167745045,"{'C': np.float64(2.6366508987303554), 'class_weight': 'balanced', 'dual': False, 'fit_intercept': True, 'intercept_scaling': 1, 'loss': 'squared_hinge', 'max_iter': 100, 'multi_class': 'ovr', 'penalty': 'l1', 'random_state': 42, 'tol': 0.0001, 'verbose': 0}",0.06603693962097168
Coffee,10,20,4,3,LogisticRegression,Time_Warping,2,"{'sigma': 0.2, 'knot': 3}",0.6433333333333333,0.6224270277189374,"{'C': np.float64(2.6366508987303554), 'class_weight': 'balanced', 'dual': False, 'fit_intercept': True, 'intercept_scaling': 1, 'l1_ratio': None, 'max_iter': 100, 'multi_class': 'deprecated', 'n_jobs': None, 'penalty': 'l1', 'random_state': 42, 'solver': 'saga', 'tol': 0.0001, 'verbose': 0, 'warm_start': False}",0.4611654281616211
Coffee,10,20,4,3,KNN,Time_Warping,3,"{'sigma': 0.5, 'knot': 4}",0.9083333333333333,0.9114635523039843,"{'algorithm': 'auto', 'leaf_size': 30, 'metric': 'euclidean', 'metric_params': None, 'n_jobs': None, 'n_neighbors': np.int64(9), 'p': 2, 'weights': 'distance'}",0.027561187744140625
Coffee,10,20,4,3,RandomForest,Time_Warping,3,"{'sigma': 0.5, 'knot': 4}",0.8416666666666667,0.8386149996618651,"{'bootstrap': True, 'ccp_alpha': 0.0, 'class_weight': 'balanced', 'criterion': 'gini', 'max_depth': 20, 'max_features': 'sqrt', 'max_leaf_nodes': None, 'max_samples': None, 'min_impurity_decrease': 0.0, 'min_samples_leaf': 2, 'min_samples_split': 10, 'min_weight_fraction_leaf': 0.0, 'monotonic_cst': None, 'n_estimators': 150, 'n_jobs': None, 'oob_score': False, 'random_state': 42, 'verbose': 0, 'warm_start': False}",3.714609146118164
Coffee,10,20,4,3,LinearSVC,Time_Warping,3,"{'sigma': 0.5, 'knot': 4}",0.6433333333333333,0.6250943723782647,"{'C': np.float64(2.6366508987303554), 'class_weight': 'balanced', 'dual': False, 'fit_intercept': True, 'intercept_scaling': 1, 'loss': 'squared_hinge', 'max_iter': 100, 'multi_class': 'ovr', 'penalty': 'l1', 'random_state': 42, 'tol': 0.0001, 'verbose': 0}",0.04993033409118652
Coffee,10,20,4,3,LogisticRegression,Time_Warping,3,"{'sigma': 0.5, 'knot': 4}",0.645,0.6237864304469299,"{'C': np.float64(33.59818286283781), 'class_weight': 'balanced', 'dual': False, 'fit_intercept': True, 'intercept_scaling': 1, 'l1_ratio': None, 'max_iter': 100, 'multi_class': 'deprecated', 'n_jobs': None, 'penalty': 'l2', 'random_state': 42, 'solver': 'saga', 'tol': 0.0001, 'verbose': 0, 'warm_start': False}",0.07235050201416016
Coffee,10,20,4,3,KNN,Time_Warping,4,"{'sigma': 0.05, 'knot': 8}",0.9183333333333333,0.9209857495855158,"{'algorithm': 'auto', 'leaf_size': 30, 'metric': 'euclidean', 'metric_params': None, 'n_jobs': None, 'n_neighbors': np.int64(9), 'p': 2, 'weights': 'distance'}",0.02268671989440918
Coffee,10,20,4,3,RandomForest,Time_Warping,4,"{'sigma': 0.05, 'knot': 8}",0.8733333333333333,0.877627522727007,"{'bootstrap': True, 'ccp_alpha': 0.0, 'class_weight': 'balanced', 'criterion': 'gini', 'max_depth': 30, 'max_features': 'sqrt', 'max_leaf_nodes': None, 'max_samples': None, 'min_impurity_decrease': 0.0, 'min_samples_leaf': 1, 'min_samples_split': 2, 'min_weight_fraction_leaf': 0.0, 'monotonic_cst': None, 'n_estimators': 150, 'n_jobs': None, 'oob_score': False, 'random_state': 42, 'verbose': 0, 'warm_start': False}",3.1607282161712646
Coffee,10,20,4,3,LinearSVC,Time_Warping,4,"{'sigma': 0.05, 'knot': 8}",0.7683333333333333,0.7751243986645961,"{'C': np.float64(2.6366508987303554), 'class_weight': 'balanced', 'dual': False, 'fit_intercept': True, 'intercept_scaling': 1, 'loss': 'squared_hinge', 'max_iter': 100, 'multi_class': 'ovr', 'penalty': 'l1', 'random_state': 42, 'tol': 0.0001, 'verbose': 0}",0.11844706535339355
Coffee,10,20,4,3,LogisticRegression,Time_Warping,4,"{'sigma': 0.05, 'knot': 8}",0.73,0.7429633569066417,"{'C': np.float64(2.6366508987303554), 'class_weight': 'balanced', 'dual': False, 'fit_intercept': True, 'intercept_scaling': 1, 'l1_ratio': None, 'max_iter': 100, 'multi_class': 'deprecated', 'n_jobs': None, 'penalty': 'l1', 'random_state': 42, 'solver': 'saga', 'tol': 0.0001, 'verbose': 0, 'warm_start': False}",0.45128417015075684
Coffee,10,20,4,3,KNN,Time_Warping,5,"{'sigma': 0.1, 'knot': 4}",0.9266666666666666,0.9281978980600346,"{'algorithm': 'auto', 'leaf_size': 30, 'metric': 'euclidean', 'metric_params': None, 'n_jobs': None, 'n_neighbors': np.int64(9), 'p': 2, 'weights': 'distance'}",0.03200864791870117
Coffee,10,20,4,3,RandomForest,Time_Warping,5,"{'sigma': 0.1, 'knot': 4}",0.835,0.8292495826000632,"{'bootstrap': True, 'ccp_alpha': 0.0, 'class_weight': 'balanced', 'criterion': 'gini', 'max_depth': 30, 'max_features': 'sqrt', 'max_leaf_nodes': None, 'max_samples': None, 'min_impurity_decrease': 0.0, 'min_samples_leaf': 1, 'min_samples_split': 2, 'min_weight_fraction_leaf': 0.0, 'monotonic_cst': None, 'n_estimators': 150, 'n_jobs': None, 'oob_score': False, 'random_state': 42, 'verbose': 0, 'warm_start': False}",3.4691085815429688
Coffee,10,20,4,3,LinearSVC,Time_Warping,5,"{'sigma': 0.1, 'knot': 4}",0.6433333333333333,0.6237849947841917,"{'C': np.float64(2.6366508987303554), 'class_weight': 'balanced', 'dual': False, 'fit_intercept': True, 'intercept_scaling': 1, 'loss': 'squared_hinge', 'max_iter': 100, 'multi_class': 'ovr', 'penalty': 'l1', 'random_state': 42, 'tol': 0.0001, 'verbose': 0}",0.08035564422607422
Coffee,10,20,4,3,LogisticRegression,Time_Warping,5,"{'sigma': 0.1, 'knot': 4}",0.6433333333333333,0.6224270277189374,"{'C': np.float64(2.6366508987303554), 'class_weight': 'balanced', 'dual': False, 'fit_intercept': True, 'intercept_scaling': 1, 'l1_ratio': None, 'max_iter': 100, 'multi_class': 'deprecated', 'n_jobs': None, 'penalty': 'l1', 'random_state': 42, 'solver': 'saga', 'tol': 0.0001, 'verbose': 0, 'warm_start': False}",0.5730228424072266
Coffee,10,20,4,3,KNN,Time_Warping,6,"{'sigma': 0.3, 'knot': 6}",0.9066666666666666,0.9091678262665084,"{'algorithm': 'auto', 'leaf_size': 30, 'metric': 'euclidean', 'metric_params': None, 'n_jobs': None, 'n_neighbors': np.int64(9), 'p': 2, 'weights': 'distance'}",0.029332399368286133
Coffee,10,20,4,3,RandomForest,Time_Warping,6,"{'sigma': 0.3, 'knot': 6}",0.8383333333333334,0.8375799174746326,"{'bootstrap': True, 'ccp_alpha': 0.0, 'class_weight': 'balanced', 'criterion': 'gini', 'max_depth': 30, 'max_features': 'sqrt', 'max_leaf_nodes': None, 'max_samples': None, 'min_impurity_decrease': 0.0, 'min_samples_leaf': 1, 'min_samples_split': 2, 'min_weight_fraction_leaf': 0.0, 'monotonic_cst': None, 'n_estimators': 150, 'n_jobs': None, 'oob_score': False, 'random_state': 42, 'verbose': 0, 'warm_start': False}",3.5726630687713623
Coffee,10,20,4,3,LinearSVC,Time_Warping,6,"{'sigma': 0.3, 'knot': 6}",0.6433333333333333,0.6227296983479851,"{'C': np.float64(183.29807108324337), 'class_weight': 'balanced', 'dual': False, 'fit_intercept': True, 'intercept_scaling': 1, 'loss': 'squared_hinge', 'max_iter': 100, 'multi_class': 'ovr', 'penalty': 'l1', 'random_state': 42, 'tol': 0.0001, 'verbose': 0}",0.058704376220703125
Coffee,10,20,4,3,LogisticRegression,Time_Warping,6,"{'sigma': 0.3, 'knot': 6}",0.6466666666666666,0.6248716451633407,"{'C': np.float64(0.002976351441631319), 'class_weight': None, 'dual': False, 'fit_intercept': True, 'intercept_scaling': 1, 'l1_ratio': None, 'max_iter': 100, 'multi_class': 'deprecated', 'n_jobs': None, 'penalty': 'l2', 'random_state': 42, 'solver': 'saga', 'tol': 0.0001, 'verbose': 0, 'warm_start': False}",0.05878305435180664
Coffee,10,20,4,3,KNN,Time_Warping,7,"{'sigma': 0.05, 'knot': 6}",0.9166666666666666,0.919458611967,"{'algorithm': 'auto', 'leaf_size': 30, 'metric': 'euclidean', 'metric_params': None, 'n_jobs': None, 'n_neighbors': np.int64(9), 'p': 2, 'weights': 'distance'}",0.027181386947631836
Coffee,10,20,4,3,RandomForest,Time_Warping,7,"{'sigma': 0.05, 'knot': 6}",0.8766666666666667,0.8794272667685284,"{'bootstrap': True, 'ccp_alpha': 0.0, 'class_weight': 'balanced', 'criterion': 'gini', 'max_depth': 30, 'max_features': 'sqrt', 'max_leaf_nodes': None, 'max_samples': None, 'min_impurity_decrease': 0.0, 'min_samples_leaf': 1, 'min_samples_split': 2, 'min_weight_fraction_leaf': 0.0, 'monotonic_cst': None, 'n_estimators': 150, 'n_jobs': None, 'oob_score': False, 'random_state': 42, 'verbose': 0, 'warm_start': False}",3.115267276763916
Coffee,10,20,4,3,LinearSVC,Time_Warping,7,"{'sigma': 0.05, 'knot': 6}",0.7416666666666667,0.7466842926726724,"{'C': np.float64(2.6366508987303554), 'class_weight': 'balanced', 'dual': False, 'fit_intercept': True, 'intercept_scaling': 1, 'loss': 'squared_hinge', 'max_iter': 100, 'multi_class': 'ovr', 'penalty': 'l1', 'random_state': 42, 'tol': 0.0001, 'verbose': 0}",0.11417508125305176
Coffee,10,20,4,3,LogisticRegression,Time_Warping,7,"{'sigma': 0.05, 'knot': 6}",0.7066666666666667,0.7207752835402501,"{'C': np.float64(2.6366508987303554), 'class_weight': 'balanced', 'dual': False, 'fit_intercept': True, 'intercept_scaling': 1, 'l1_ratio': None, 'max_iter': 100, 'multi_class': 'deprecated', 'n_jobs': None, 'penalty': 'l1', 'random_state': 42, 'solver': 'saga', 'tol': 0.0001, 'verbose': 0, 'warm_start': False}",0.47297072410583496
Coffee,10,20,4,3,KNN,Time_Warping,8,"{'sigma': 0.3, 'knot': 6}",0.9116666666666666,0.9144888703980754,"{'algorithm': 'auto', 'leaf_size': 30, 'metric': 'euclidean', 'metric_params': None, 'n_jobs': None, 'n_neighbors': np.int64(9), 'p': 2, 'weights': 'distance'}",0.02740168571472168
Coffee,10,20,4,3,RandomForest,Time_Warping,8,"{'sigma': 0.3, 'knot': 6}",0.8416666666666667,0.8365866890408582,"{'bootstrap': True, 'ccp_alpha': 0.0, 'class_weight': None, 'criterion': 'gini', 'max_depth': None, 'max_features': 'sqrt', 'max_leaf_nodes': None, 'max_samples': None, 'min_impurity_decrease': 0.0, 'min_samples_leaf': 4, 'min_samples_split': 10, 'min_weight_fraction_leaf': 0.0, 'monotonic_cst': None, 'n_estimators': 50, 'n_jobs': None, 'oob_score': False, 'random_state': 42, 'verbose': 0, 'warm_start': False}",1.0594615936279297
Coffee,10,20,4,3,LinearSVC,Time_Warping,8,"{'sigma': 0.3, 'knot': 6}",0.6466666666666666,0.6291458239970286,"{'C': np.float64(33.59818286283781), 'class_weight': 'balanced', 'dual': False, 'fit_intercept': True, 'intercept_scaling': 1, 'loss': 'squared_hinge', 'max_iter': 100, 'multi_class': 'ovr', 'penalty': 'l1', 'random_state': 42, 'tol': 0.0001, 'verbose': 0}",0.06569314002990723
Coffee,10,20,4,3,LogisticRegression,Time_Warping,8,"{'sigma': 0.3, 'knot': 6}",0.6466666666666666,0.6251461988304093,"{'C': np.float64(1000.0), 'class_weight': 'balanced', 'dual': False, 'fit_intercept': True, 'intercept_scaling': 1, 'l1_ratio': None, 'max_iter': 100, 'multi_class': 'deprecated', 'n_jobs': None, 'penalty': 'l2', 'random_state': 42, 'solver': 'sag', 'tol': 0.0001, 'verbose': 0, 'warm_start': False}",0.11885905265808105
Coffee,10,20,4,3,KNN,Time_Warping,9,"{'sigma': 0.1, 'knot': 6}",0.905,0.9084416982673663,"{'algorithm': 'auto', 'leaf_size': 30, 'metric': 'euclidean', 'metric_params': None, 'n_jobs': None, 'n_neighbors': np.int64(9), 'p': 2, 'weights': 'distance'}",0.04409933090209961
Coffee,10,20,4,3,RandomForest,Time_Warping,9,"{'sigma': 0.1, 'knot': 6}",0.8616666666666667,0.8640052368698563,"{'bootstrap': True, 'ccp_alpha': 0.0, 'class_weight': 'balanced', 'criterion': 'gini', 'max_depth': 30, 'max_features': 'sqrt', 'max_leaf_nodes': None, 'max_samples': None, 'min_impurity_decrease': 0.0, 'min_samples_leaf': 1, 'min_samples_split': 2, 'min_weight_fraction_leaf': 0.0, 'monotonic_cst': None, 'n_estimators': 150, 'n_jobs': None, 'oob_score': False, 'random_state': 42, 'verbose': 0, 'warm_start': False}",3.4272537231445312
Coffee,10,20,4,3,LinearSVC,Time_Warping,9,"{'sigma': 0.1, 'knot': 6}",0.6783333333333333,0.676947506812636,"{'C': np.float64(2.6366508987303554), 'class_weight': 'balanced', 'dual': False, 'fit_intercept': True, 'intercept_scaling': 1, 'loss': 'squared_hinge', 'max_iter': 100, 'multi_class': 'ovr', 'penalty': 'l1', 'random_state': 42, 'tol': 0.0001, 'verbose': 0}",0.09237289428710938
Coffee,10,20,4,3,LogisticRegression,Time_Warping,9,"{'sigma': 0.1, 'knot': 6}",0.6533333333333333,0.6398891408415218,"{'C': np.float64(2.6366508987303554), 'class_weight': 'balanced', 'dual': False, 'fit_intercept': True, 'intercept_scaling': 1, 'l1_ratio': None, 'max_iter': 100, 'multi_class': 'deprecated', 'n_jobs': None, 'penalty': 'l1', 'random_state': 42, 'solver': 'saga', 'tol': 0.0001, 'verbose': 0, 'warm_start': False}",0.453585147857666
Coffee,10,20,4,3,KNN,Time_Warping,10,"{'sigma': 0.1, 'knot': 8}",0.91,0.912974979404687,"{'algorithm': 'auto', 'leaf_size': 30, 'metric': 'euclidean', 'metric_params': None, 'n_jobs': None, 'n_neighbors': np.int64(9), 'p': 2, 'weights': 'distance'}",0.02470684051513672
Coffee,10,20,4,3,RandomForest,Time_Warping,10,"{'sigma': 0.1, 'knot': 8}",0.8683333333333333,0.8689797603375908,"{'bootstrap': True, 'ccp_alpha': 0.0, 'class_weight': 'balanced', 'criterion': 'gini', 'max_depth': 30, 'max_features': 'sqrt', 'max_leaf_nodes': None, 'max_samples': None, 'min_impurity_decrease': 0.0, 'min_samples_leaf': 1, 'min_samples_split': 2, 'min_weight_fraction_leaf': 0.0, 'monotonic_cst': None, 'n_estimators': 150, 'n_jobs': None, 'oob_score': False, 'random_state': 42, 'verbose': 0, 'warm_start': False}",3.1931064128875732
Coffee,10,20,4,3,LinearSVC,Time_Warping,10,"{'sigma': 0.1, 'knot': 8}",0.685,0.6786904617727553,"{'C': np.float64(2.6366508987303554), 'class_weight': 'balanced', 'dual': False, 'fit_intercept': True, 'intercept_scaling': 1, 'loss': 'squared_hinge', 'max_iter': 100, 'multi_class': 'ovr', 'penalty': 'l1', 'random_state': 42, 'tol': 0.0001, 'verbose': 0}",0.09613370895385742
Coffee,10,20,4,3,LogisticRegression,Time_Warping,10,"{'sigma': 0.1, 'knot': 8}",0.6883333333333334,0.6869256525289521,"{'C': np.float64(2.6366508987303554), 'class_weight': 'balanced', 'dual': False, 'fit_intercept': True, 'intercept_scaling': 1, 'l1_ratio': None, 'max_iter': 100, 'multi_class': 'deprecated', 'n_jobs': None, 'penalty': 'l1', 'random_state': 42, 'solver': 'saga', 'tol': 0.0001, 'verbose': 0, 'warm_start': False}",0.5403048992156982
Coffee,10,20,4,5,KNN,Time_Warping,1,"{'sigma': 0.2, 'knot': 4}",0.9066666666666666,0.909511752576823,"{'algorithm': 'auto', 'leaf_size': 30, 'metric': 'manhattan', 'metric_params': None, 'n_jobs': None, 'n_neighbors': np.int64(5), 'p': 2, 'weights': 'distance'}",0.0568242073059082
Coffee,10,20,4,5,RandomForest,Time_Warping,1,"{'sigma': 0.2, 'knot': 4}",0.8133333333333334,0.8078449545875614,"{'bootstrap': True, 'ccp_alpha': 0.0, 'class_weight': None, 'criterion': 'gini', 'max_depth': None, 'max_features': 'sqrt', 'max_leaf_nodes': None, 'max_samples': None, 'min_impurity_decrease': 0.0, 'min_samples_leaf': 4, 'min_samples_split': 2, 'min_weight_fraction_leaf': 0.0, 'monotonic_cst': None, 'n_estimators': 50, 'n_jobs': None, 'oob_score': False, 'random_state': 42, 'verbose': 0, 'warm_start': False}",1.9008846282958984
Coffee,10,20,4,5,LinearSVC,Time_Warping,1,"{'sigma': 0.2, 'knot': 4}",0.645,0.6251602499951244,"{'C': np.float64(2.6366508987303554), 'class_weight': 'balanced', 'dual': False, 'fit_intercept': True, 'intercept_scaling': 1, 'loss': 'squared_hinge', 'max_iter': 100, 'multi_class': 'ovr', 'penalty': 'l1', 'random_state': 42, 'tol': 0.0001, 'verbose': 0}",0.09689116477966309
Coffee,10,20,4,5,LogisticRegression,Time_Warping,1,"{'sigma': 0.2, 'knot': 4}",0.645,0.6237864304469299,"{'C': np.float64(2.6366508987303554), 'class_weight': 'balanced', 'dual': False, 'fit_intercept': True, 'intercept_scaling': 1, 'l1_ratio': None, 'max_iter': 100, 'multi_class': 'deprecated', 'n_jobs': None, 'penalty': 'l1', 'random_state': 42, 'solver': 'saga', 'tol': 0.0001, 'verbose': 0, 'warm_start': False}",0.8742027282714844
Coffee,10,20,4,5,KNN,Time_Warping,2,"{'sigma': 0.2, 'knot': 3}",0.9233333333333333,0.9255475812613106,"{'algorithm': 'auto', 'leaf_size': 30, 'metric': 'minkowski', 'metric_params': None, 'n_jobs': None, 'n_neighbors': np.int64(5), 'p': 3, 'weights': 'distance'}",0.14100265502929688
Coffee,10,20,4,5,RandomForest,Time_Warping,2,"{'sigma': 0.2, 'knot': 3}",0.8516666666666667,0.8474841843429892,"{'bootstrap': True, 'ccp_alpha': 0.0, 'class_weight': None, 'criterion': 'gini', 'max_depth': None, 'max_features': 'sqrt', 'max_leaf_nodes': None, 'max_samples': None, 'min_impurity_decrease': 0.0, 'min_samples_leaf': 4, 'min_samples_split': 2, 'min_weight_fraction_leaf': 0.0, 'monotonic_cst': None, 'n_estimators': 50, 'n_jobs': None, 'oob_score': False, 'random_state': 42, 'verbose': 0, 'warm_start': False}",1.931351661682129
Coffee,10,20,4,5,LinearSVC,Time_Warping,2,"{'sigma': 0.2, 'knot': 3}",0.6483333333333333,0.629252590943476,"{'C': np.float64(0.4832930238571752), 'class_weight': 'balanced', 'dual': False, 'fit_intercept': True, 'intercept_scaling': 1, 'loss': 'squared_hinge', 'max_iter': 100, 'multi_class': 'ovr', 'penalty': 'l2', 'random_state': 42, 'tol': 0.0001, 'verbose': 0}",0.053740501403808594
Coffee,10,20,4,5,LogisticRegression,Time_Warping,2,"{'sigma': 0.2, 'knot': 3}",0.645,0.6237864304469299,"{'C': np.float64(2.6366508987303554), 'class_weight': 'balanced', 'dual': False, 'fit_intercept': True, 'intercept_scaling': 1, 'l1_ratio': None, 'max_iter': 100, 'multi_class': 'deprecated', 'n_jobs': None, 'penalty': 'l1', 'random_state': 42, 'solver': 'saga', 'tol': 0.0001, 'verbose': 0, 'warm_start': False}",0.788705587387085
Coffee,10,20,4,5,KNN,Time_Warping,3,"{'sigma': 0.5, 'knot': 4}",0.8866666666666667,0.8912367599559718,"{'algorithm': 'auto', 'leaf_size': 30, 'metric': 'euclidean', 'metric_params': None, 'n_jobs': None, 'n_neighbors': np.int64(15), 'p': 2, 'weights': 'distance'}",0.04945778846740723
Coffee,10,20,4,5,RandomForest,Time_Warping,3,"{'sigma': 0.5, 'knot': 4}",0.8416666666666667,0.8417062153948628,"{'bootstrap': True, 'ccp_alpha': 0.0, 'class_weight': 'balanced', 'criterion': 'gini', 'max_depth': None, 'max_features': 'sqrt', 'max_leaf_nodes': None, 'max_samples': None, 'min_impurity_decrease': 0.0, 'min_samples_leaf': 2, 'min_samples_split': 20, 'min_weight_fraction_leaf': 0.0, 'monotonic_cst': None, 'n_estimators': 150, 'n_jobs': None, 'oob_score': False, 'random_state': 42, 'verbose': 0, 'warm_start': False}",5.948835372924805
Coffee,10,20,4,5,LinearSVC,Time_Warping,3,"{'sigma': 0.5, 'knot': 4}",0.645,0.6264799167745045,"{'C': np.float64(2.6366508987303554), 'class_weight': 'balanced', 'dual': False, 'fit_intercept': True, 'intercept_scaling': 1, 'loss': 'squared_hinge', 'max_iter': 100, 'multi_class': 'ovr', 'penalty': 'l1', 'random_state': 42, 'tol': 0.0001, 'verbose': 0}",0.08223772048950195
Coffee,10,20,4,5,LogisticRegression,Time_Warping,3,"{'sigma': 0.5, 'knot': 4}",0.6466666666666666,0.6265334605109403,"{'C': np.float64(2.6366508987303554), 'class_weight': 'balanced', 'dual': False, 'fit_intercept': True, 'intercept_scaling': 1, 'l1_ratio': None, 'max_iter': 100, 'multi_class': 'deprecated', 'n_jobs': None, 'penalty': 'l1', 'random_state': 42, 'solver': 'saga', 'tol': 0.0001, 'verbose': 0, 'warm_start': False}",0.8900773525238037
Coffee,10,20,4,5,KNN,Time_Warping,4,"{'sigma': 0.05, 'knot': 8}",0.9183333333333333,0.9214108088103418,"{'algorithm': 'auto', 'leaf_size': 30, 'metric': 'minkowski', 'metric_params': None, 'n_jobs': None, 'n_neighbors': np.int64(5), 'p': 3, 'weights': 'distance'}",0.11085820198059082
Coffee,10,20,4,5,RandomForest,Time_Warping,4,"{'sigma': 0.05, 'knot': 8}",0.8633333333333333,0.8650144115617261,"{'bootstrap': True, 'ccp_alpha': 0.0, 'class_weight': None, 'criterion': 'gini', 'max_depth': None, 'max_features': 'sqrt', 'max_leaf_nodes': None, 'max_samples': None, 'min_impurity_decrease': 0.0, 'min_samples_leaf': 4, 'min_samples_split': 2, 'min_weight_fraction_leaf': 0.0, 'monotonic_cst': None, 'n_estimators': 50, 'n_jobs': None, 'oob_score': False, 'random_state': 42, 'verbose': 0, 'warm_start': False}",1.6907353401184082
Coffee,10,20,4,5,LinearSVC,Time_Warping,4,"{'sigma': 0.05, 'knot': 8}",0.775,0.7815086400804467,"{'C': np.float64(0.4832930238571752), 'class_weight': 'balanced', 'dual': False, 'fit_intercept': True, 'intercept_scaling': 1, 'loss': 'squared_hinge', 'max_iter': 100, 'multi_class': 'ovr', 'penalty': 'l2', 'random_state': 42, 'tol': 0.0001, 'verbose': 0}",0.06414318084716797
Coffee,10,20,4,5,LogisticRegression,Time_Warping,4,"{'sigma': 0.05, 'knot': 8}",0.7166666666666667,0.7303064376365205,"{'C': np.float64(2.6366508987303554), 'class_weight': 'balanced', 'dual': False, 'fit_intercept': True, 'intercept_scaling': 1, 'l1_ratio': None, 'max_iter': 100, 'multi_class': 'deprecated', 'n_jobs': None, 'penalty': 'l1', 'random_state': 42, 'solver': 'saga', 'tol': 0.0001, 'verbose': 0, 'warm_start': False}",0.7914168834686279
Coffee,10,20,4,5,KNN,Time_Warping,5,"{'sigma': 0.1, 'knot': 4}",0.8933333333333333,0.8977077525644502,"{'algorithm': 'auto', 'leaf_size': 30, 'metric': 'euclidean', 'metric_params': None, 'n_jobs': None, 'n_neighbors': np.int64(15), 'p': 2, 'weights': 'distance'}",0.04448246955871582
Coffee,10,20,4,5,RandomForest,Time_Warping,5,"{'sigma': 0.1, 'knot': 4}",0.8483333333333334,0.8481498142842819,"{'bootstrap': True, 'ccp_alpha': 0.0, 'class_weight': 'balanced', 'criterion': 'gini', 'max_depth': None, 'max_features': 'sqrt', 'max_leaf_nodes': None, 'max_samples': None, 'min_impurity_decrease': 0.0, 'min_samples_leaf': 1, 'min_samples_split': 2, 'min_weight_fraction_leaf': 0.0, 'monotonic_cst': None, 'n_estimators': 50, 'n_jobs': None, 'oob_score': False, 'random_state': 42, 'verbose': 0, 'warm_start': False}",1.8925228118896484
Coffee,10,20,4,5,LinearSVC,Time_Warping,5,"{'sigma': 0.1, 'knot': 4}",0.6483333333333333,0.6270956646063474,"{'C': np.float64(0.4832930238571752), 'class_weight': 'balanced', 'dual': False, 'fit_intercept': True, 'intercept_scaling': 1, 'loss': 'squared_hinge', 'max_iter': 100, 'multi_class': 'ovr', 'penalty': 'l2', 'random_state': 42, 'tol': 0.0001, 'verbose': 0}",0.05464744567871094
Coffee,10,20,4,5,LogisticRegression,Time_Warping,5,"{'sigma': 0.1, 'knot': 4}",0.6516666666666666,0.6301570218285178,"{'C': np.float64(33.59818286283781), 'class_weight': None, 'dual': False, 'fit_intercept': True, 'intercept_scaling': 1, 'l1_ratio': None, 'max_iter': 100, 'multi_class': 'deprecated', 'n_jobs': None, 'penalty': 'l2', 'random_state': 42, 'solver': 'saga', 'tol': 0.0001, 'verbose': 0, 'warm_start': False}",0.10630202293395996
Coffee,10,20,4,5,KNN,Time_Warping,6,"{'sigma': 0.3, 'knot': 6}",0.89,0.8949810320906247,"{'algorithm': 'auto', 'leaf_size': 30, 'metric': 'euclidean', 'metric_params': None, 'n_jobs': None, 'n_neighbors': np.int64(15), 'p': 2, 'weights': 'distance'}",0.04884457588195801
Coffee,10,20,4,5,RandomForest,Time_Warping,6,"{'sigma': 0.3, 'knot': 6}",0.8516666666666667,0.8521922906511239,"{'bootstrap': True, 'ccp_alpha': 0.0, 'class_weight': None, 'criterion': 'gini', 'max_depth': None, 'max_features': 'sqrt', 'max_leaf_nodes': None, 'max_samples': None, 'min_impurity_decrease': 0.0, 'min_samples_leaf': 4, 'min_samples_split': 10, 'min_weight_fraction_leaf': 0.0, 'monotonic_cst': None, 'n_estimators': 50, 'n_jobs': None, 'oob_score': False, 'random_state': 42, 'verbose': 0, 'warm_start': False}",1.762962818145752
Coffee,10,20,4,5,LinearSVC,Time_Warping,6,"{'sigma': 0.3, 'knot': 6}",0.6433333333333333,0.6237783228275813,"{'C': np.float64(1000.0), 'class_weight': 'balanced', 'dual': False, 'fit_intercept': True, 'intercept_scaling': 1, 'loss': 'squared_hinge', 'max_iter': 100, 'multi_class': 'ovr', 'penalty': 'l2', 'random_state': 42, 'tol': 0.001, 'verbose': 0}",0.045362234115600586
Coffee,10,20,4,5,LogisticRegression,Time_Warping,6,"{'sigma': 0.3, 'knot': 6}",0.645,0.6237864304469299,"{'C': np.float64(2.6366508987303554), 'class_weight': 'balanced', 'dual': False, 'fit_intercept': True, 'intercept_scaling': 1, 'l1_ratio': None, 'max_iter': 100, 'multi_class': 'deprecated', 'n_jobs': None, 'penalty': 'l1', 'random_state': 42, 'solver': 'saga', 'tol': 0.0001, 'verbose': 0, 'warm_start': False}",0.7690865993499756
Coffee,10,20,4,5,KNN,Time_Warping,7,"{'sigma': 0.05, 'knot': 6}",0.9016666666666666,0.9059220586146205,"{'algorithm': 'auto', 'leaf_size': 30, 'metric': 'minkowski', 'metric_params': None, 'n_jobs': None, 'n_neighbors': np.int64(5), 'p': 3, 'weights': 'distance'}",0.07711291313171387
Coffee,10,20,4,5,RandomForest,Time_Warping,7,"{'sigma': 0.05, 'knot': 6}",0.8383333333333334,0.8375799174746326,"{'bootstrap': True, 'ccp_alpha': 0.0, 'class_weight': None, 'criterion': 'gini', 'max_depth': None, 'max_features': 'sqrt', 'max_leaf_nodes': None, 'max_samples': None, 'min_impurity_decrease': 0.0, 'min_samples_leaf': 4, 'min_samples_split': 2, 'min_weight_fraction_leaf': 0.0, 'monotonic_cst': None, 'n_estimators': 50, 'n_jobs': None, 'oob_score': False, 'random_state': 42, 'verbose': 0, 'warm_start': False}",1.6016759872436523
Coffee,10,20,4,5,LinearSVC,Time_Warping,7,"{'sigma': 0.05, 'knot': 6}",0.7233333333333334,0.7230650289131343,"{'C': np.float64(0.4832930238571752), 'class_weight': 'balanced', 'dual': False, 'fit_intercept': True, 'intercept_scaling': 1, 'loss': 'squared_hinge', 'max_iter': 100, 'multi_class': 'ovr', 'penalty': 'l2', 'random_state': 42, 'tol': 0.0001, 'verbose': 0}",0.06450724601745605
Coffee,10,20,4,5,LogisticRegression,Time_Warping,7,"{'sigma': 0.05, 'knot': 6}",0.7,0.7140925291223349,"{'C': np.float64(2.6366508987303554), 'class_weight': 'balanced', 'dual': False, 'fit_intercept': True, 'intercept_scaling': 1, 'l1_ratio': None, 'max_iter': 100, 'multi_class': 'deprecated', 'n_jobs': None, 'penalty': 'l1', 'random_state': 42, 'solver': 'saga', 'tol': 0.0001, 'verbose': 0, 'warm_start': False}",1.1080262660980225
Coffee,10,20,4,5,KNN,Time_Warping,8,"{'sigma': 0.3, 'knot': 6}",0.9083333333333333,0.9112109746496658,"{'algorithm': 'auto', 'leaf_size': 30, 'metric': 'minkowski', 'metric_params': None, 'n_jobs': None, 'n_neighbors': np.int64(5), 'p': 3, 'weights': 'distance'}",0.13902544975280762
Coffee,10,20,4,5,RandomForest,Time_Warping,8,"{'sigma': 0.3, 'knot': 6}",0.8533333333333334,0.8536636223076804,"{'bootstrap': True, 'ccp_alpha': 0.0, 'class_weight': None, 'criterion': 'gini', 'max_depth': None, 'max_features': 'sqrt', 'max_leaf_nodes': None, 'max_samples': None, 'min_impurity_decrease': 0.0, 'min_samples_leaf': 2, 'min_samples_split': 20, 'min_weight_fraction_leaf': 0.0, 'monotonic_cst': None, 'n_estimators': 100, 'n_jobs': None, 'oob_score': False, 'random_state': 42, 'verbose': 0, 'warm_start': False}",3.6426405906677246
Coffee,10,20,4,5,LinearSVC,Time_Warping,8,"{'sigma': 0.3, 'knot': 6}",0.6433333333333333,0.6250943723782647,"{'C': np.float64(0.4832930238571752), 'class_weight': 'balanced', 'dual': False, 'fit_intercept': True, 'intercept_scaling': 1, 'loss': 'squared_hinge', 'max_iter': 100, 'multi_class': 'ovr', 'penalty': 'l2', 'random_state': 42, 'tol': 0.0001, 'verbose': 0}",0.050658464431762695
Coffee,10,20,4,5,LogisticRegression,Time_Warping,8,"{'sigma': 0.3, 'knot': 6}",0.6433333333333333,0.6224270277189374,"{'C': np.float64(2.6366508987303554), 'class_weight': 'balanced', 'dual': False, 'fit_intercept': True, 'intercept_scaling': 1, 'l1_ratio': None, 'max_iter': 100, 'multi_class': 'deprecated', 'n_jobs': None, 'penalty': 'l1', 'random_state': 42, 'solver': 'saga', 'tol': 0.0001, 'verbose': 0, 'warm_start': False}",0.7914187908172607
Coffee,10,20,4,5,KNN,Time_Warping,9,"{'sigma': 0.1, 'knot': 6}",0.92,0.9222870287550522,"{'algorithm': 'auto', 'leaf_size': 30, 'metric': 'minkowski', 'metric_params': None, 'n_jobs': None, 'n_neighbors': np.int64(5), 'p': 3, 'weights': 'distance'}",0.10930895805358887
Coffee,10,20,4,5,RandomForest,Time_Warping,9,"{'sigma': 0.1, 'knot': 6}",0.85,0.8496206553801819,"{'bootstrap': True, 'ccp_alpha': 0.0, 'class_weight': None, 'criterion': 'gini', 'max_depth': None, 'max_features': 'sqrt', 'max_leaf_nodes': None, 'max_samples': None, 'min_impurity_decrease': 0.0, 'min_samples_leaf': 4, 'min_samples_split': 2, 'min_weight_fraction_leaf': 0.0, 'monotonic_cst': None, 'n_estimators': 50, 'n_jobs': None, 'oob_score': False, 'random_state': 42, 'verbose': 0, 'warm_start': False}",1.8448424339294434
Coffee,10,20,4,5,LinearSVC,Time_Warping,9,"{'sigma': 0.1, 'knot': 6}",0.65,0.6324666888771838,"{'C': np.float64(0.4832930238571752), 'class_weight': 'balanced', 'dual': False, 'fit_intercept': True, 'intercept_scaling': 1, 'loss': 'squared_hinge', 'max_iter': 100, 'multi_class': 'ovr', 'penalty': 'l2', 'random_state': 42, 'tol': 0.0001, 'verbose': 0}",0.0673213005065918
Coffee,10,20,4,5,LogisticRegression,Time_Warping,9,"{'sigma': 0.1, 'knot': 6}",0.645,0.6258252329487154,"{'C': np.float64(33.59818286283781), 'class_weight': None, 'dual': False, 'fit_intercept': True, 'intercept_scaling': 1, 'l1_ratio': None, 'max_iter': 100, 'multi_class': 'deprecated', 'n_jobs': None, 'penalty': 'l2', 'random_state': 42, 'solver': 'saga', 'tol': 0.0001, 'verbose': 0, 'warm_start': False}",0.10432910919189453
Coffee,10,20,4,5,KNN,Time_Warping,10,"{'sigma': 0.1, 'knot': 8}",0.9133333333333333,0.9164378977211679,"{'algorithm': 'auto', 'leaf_size': 30, 'metric': 'minkowski', 'metric_params': None, 'n_jobs': None, 'n_neighbors': np.int64(5), 'p': 3, 'weights': 'distance'}",0.09663224220275879
Coffee,10,20,4,5,RandomForest,Time_Warping,10,"{'sigma': 0.1, 'knot': 8}",0.8466666666666667,0.8455213881622886,"{'bootstrap': True, 'ccp_alpha': 0.0, 'class_weight': 'balanced', 'criterion': 'gini', 'max_depth': None, 'max_features': 'sqrt', 'max_leaf_nodes': None, 'max_samples': None, 'min_impurity_decrease': 0.0, 'min_samples_leaf': 2, 'min_samples_split': 2, 'min_weight_fraction_leaf': 0.0, 'monotonic_cst': None, 'n_estimators': 150, 'n_jobs': None, 'oob_score': False, 'random_state': 42, 'verbose': 0, 'warm_start': False}",5.66237473487854
Coffee,10,20,4,5,LinearSVC,Time_Warping,10,"{'sigma': 0.1, 'knot': 8}",0.66,0.6518049319259958,"{'C': np.float64(0.4832930238571752), 'class_weight': 'balanced', 'dual': False, 'fit_intercept': True, 'intercept_scaling': 1, 'loss': 'squared_hinge', 'max_iter': 100, 'multi_class': 'ovr', 'penalty': 'l2', 'random_state': 42, 'tol': 0.0001, 'verbose': 0}",0.05856490135192871
Coffee,10,20,4,5,LogisticRegression,Time_Warping,10,"{'sigma': 0.1, 'knot': 8}",0.6466666666666666,0.6282178268582034,"{'C': np.float64(2.6366508987303554), 'class_weight': 'balanced', 'dual': False, 'fit_intercept': True, 'intercept_scaling': 1, 'l1_ratio': None, 'max_iter': 100, 'multi_class': 'deprecated', 'n_jobs': None, 'penalty': 'l1', 'random_state': 42, 'solver': 'saga', 'tol': 0.0001, 'verbose': 0, 'warm_start': False}",0.8429532051086426
Coffee,10,20,4,10,KNN,Time_Warping,1,"{'sigma': 0.2, 'knot': 4}",0.9133333333333333,0.9155125837877904,"{'algorithm': 'auto', 'leaf_size': 30, 'metric': 'minkowski', 'metric_params': None, 'n_jobs': None, 'n_neighbors': 5, 'p': 2, 'weights': 'uniform'}",0.12131571769714355
Coffee,10,20,4,10,RandomForest,Time_Warping,1,"{'sigma': 0.2, 'knot': 4}",0.8366666666666667,0.8373191710118493,"{'bootstrap': True, 'ccp_alpha': 0.0, 'class_weight': None, 'criterion': 'gini', 'max_depth': None, 'max_features': 'sqrt', 'max_leaf_nodes': None, 'max_samples': None, 'min_impurity_decrease': 0.0, 'min_samples_leaf': 1, 'min_samples_split': 2, 'min_weight_fraction_leaf': 0.0, 'monotonic_cst': None, 'n_estimators': 100, 'n_jobs': None, 'oob_score': False, 'random_state': 42, 'verbose': 0, 'warm_start': False}",9.818644285202026
Coffee,10,20,4,10,LinearSVC,Time_Warping,1,"{'sigma': 0.2, 'knot': 4}",0.6216666666666667,0.6082679452224922,"{'C': 1.0, 'class_weight': None, 'dual': False, 'fit_intercept': True, 'intercept_scaling': 1, 'loss': 'squared_hinge', 'max_iter': 100, 'multi_class': 'ovr', 'penalty': 'l2', 'random_state': 42, 'tol': 0.0001, 'verbose': 0}",0.08983969688415527
Coffee,10,20,4,10,LogisticRegression,Time_Warping,1,"{'sigma': 0.2, 'knot': 4}",0.64,0.6211298999501321,"{'C': 1.0, 'class_weight': None, 'dual': False, 'fit_intercept': True, 'intercept_scaling': 1, 'l1_ratio': None, 'max_iter': 100, 'multi_class': 'deprecated', 'n_jobs': None, 'penalty': 'l2', 'random_state': 42, 'solver': 'lbfgs', 'tol': 0.0001, 'verbose': 0, 'warm_start': False}",0.18658065795898438
Coffee,10,20,4,10,KNN,Time_Warping,2,"{'sigma': 0.2, 'knot': 3}",0.9016666666666666,0.905210944526672,"{'algorithm': 'auto', 'leaf_size': 30, 'metric': 'minkowski', 'metric_params': None, 'n_jobs': None, 'n_neighbors': 5, 'p': 2, 'weights': 'uniform'}",0.10117888450622559
Coffee,10,20,4,10,RandomForest,Time_Warping,2,"{'sigma': 0.2, 'knot': 3}",0.845,0.8428349973092586,"{'bootstrap': True, 'ccp_alpha': 0.0, 'class_weight': None, 'criterion': 'gini', 'max_depth': None, 'max_features': 'sqrt', 'max_leaf_nodes': None, 'max_samples': None, 'min_impurity_decrease': 0.0, 'min_samples_leaf': 1, 'min_samples_split': 2, 'min_weight_fraction_leaf': 0.0, 'monotonic_cst': None, 'n_estimators': 100, 'n_jobs': None, 'oob_score': False, 'random_state': 42, 'verbose': 0, 'warm_start': False}",8.490901947021484
Coffee,10,20,4,10,LinearSVC,Time_Warping,2,"{'sigma': 0.2, 'knot': 3}",0.6133333333333333,0.6009688900433943,"{'C': 1.0, 'class_weight': None, 'dual': False, 'fit_intercept': True, 'intercept_scaling': 1, 'loss': 'squared_hinge', 'max_iter': 100, 'multi_class': 'ovr', 'penalty': 'l2', 'random_state': 42, 'tol': 0.0001, 'verbose': 0}",0.10970497131347656
Coffee,10,20,4,10,LogisticRegression,Time_Warping,2,"{'sigma': 0.2, 'knot': 3}",0.6366666666666667,0.6182501751699669,"{'C': 1.0, 'class_weight': None, 'dual': False, 'fit_intercept': True, 'intercept_scaling': 1, 'l1_ratio': None, 'max_iter': 100, 'multi_class': 'deprecated', 'n_jobs': None, 'penalty': 'l2', 'random_state': 42, 'solver': 'lbfgs', 'tol': 0.0001, 'verbose': 0, 'warm_start': False}",0.21007490158081055
Coffee,10,20,4,10,KNN,Time_Warping,3,"{'sigma': 0.5, 'knot': 4}",0.9166666666666666,0.9186480440569176,"{'algorithm': 'auto', 'leaf_size': 30, 'metric': 'minkowski', 'metric_params': None, 'n_jobs': None, 'n_neighbors': 5, 'p': 2, 'weights': 'uniform'}",0.09873819351196289
Coffee,10,20,4,10,RandomForest,Time_Warping,3,"{'sigma': 0.5, 'knot': 4}",0.8433333333333334,0.8443106140738637,"{'bootstrap': True, 'ccp_alpha': 0.0, 'class_weight': None, 'criterion': 'gini', 'max_depth': None, 'max_features': 'sqrt', 'max_leaf_nodes': None, 'max_samples': None, 'min_impurity_decrease': 0.0, 'min_samples_leaf': 1, 'min_samples_split': 2, 'min_weight_fraction_leaf': 0.0, 'monotonic_cst': None, 'n_estimators': 100, 'n_jobs': None, 'oob_score': False, 'random_state': 42, 'verbose': 0, 'warm_start': False}",9.360737323760986
Coffee,10,20,4,10,LinearSVC,Time_Warping,3,"{'sigma': 0.5, 'knot': 4}",0.6033333333333334,0.5896463575534822,"{'C': 1.0, 'class_weight': None, 'dual': False, 'fit_intercept': True, 'intercept_scaling': 1, 'loss': 'squared_hinge', 'max_iter': 100, 'multi_class': 'ovr', 'penalty': 'l2', 'random_state': 42, 'tol': 0.0001, 'verbose': 0}",0.09033036231994629
Coffee,10,20,4,10,LogisticRegression,Time_Warping,3,"{'sigma': 0.5, 'knot': 4}",0.635,0.6154898838968211,"{'C': 1.0, 'class_weight': None, 'dual': False, 'fit_intercept': True, 'intercept_scaling': 1, 'l1_ratio': None, 'max_iter': 100, 'multi_class': 'deprecated', 'n_jobs': None, 'penalty': 'l2', 'random_state': 42, 'solver': 'lbfgs', 'tol': 0.0001, 'verbose': 0, 'warm_start': False}",0.17343997955322266
Coffee,10,20,4,10,KNN,Time_Warping,4,"{'sigma': 0.05, 'knot': 8}",0.91,0.9134271152411781,"{'algorithm': 'auto', 'leaf_size': 30, 'metric': 'minkowski', 'metric_params': None, 'n_jobs': None, 'n_neighbors': 5, 'p': 2, 'weights': 'uniform'}",0.08857846260070801
Coffee,10,20,4,10,RandomForest,Time_Warping,4,"{'sigma': 0.05, 'knot': 8}",0.855,0.8561808561808562,"{'bootstrap': True, 'ccp_alpha': 0.0, 'class_weight': None, 'criterion': 'gini', 'max_depth': None, 'max_features': 'sqrt', 'max_leaf_nodes': None, 'max_samples': None, 'min_impurity_decrease': 0.0, 'min_samples_leaf': 1, 'min_samples_split': 2, 'min_weight_fraction_leaf': 0.0, 'monotonic_cst': None, 'n_estimators': 100, 'n_jobs': None, 'oob_score': False, 'random_state': 42, 'verbose': 0, 'warm_start': False}",8.059163570404053
Coffee,10,20,4,10,LinearSVC,Time_Warping,4,"{'sigma': 0.05, 'knot': 8}",0.8516666666666667,0.8473533959156769,"{'C': 1.0, 'class_weight': None, 'dual': False, 'fit_intercept': True, 'intercept_scaling': 1, 'loss': 'squared_hinge', 'max_iter': 100, 'multi_class': 'ovr', 'penalty': 'l2', 'random_state': 42, 'tol': 0.0001, 'verbose': 0}",0.14360952377319336
Coffee,10,20,4,10,LogisticRegression,Time_Warping,4,"{'sigma': 0.05, 'knot': 8}",0.7783333333333333,0.7888275563570054,"{'C': 1.0, 'class_weight': None, 'dual': False, 'fit_intercept': True, 'intercept_scaling': 1, 'l1_ratio': None, 'max_iter': 100, 'multi_class': 'deprecated', 'n_jobs': None, 'penalty': 'l2', 'random_state': 42, 'solver': 'lbfgs', 'tol': 0.0001, 'verbose': 0, 'warm_start': False}",0.5019040107727051
Coffee,10,20,4,10,KNN,Time_Warping,5,"{'sigma': 0.1, 'knot': 4}",0.9216666666666666,0.9238326451380082,"{'algorithm': 'auto', 'leaf_size': 30, 'metric': 'minkowski', 'metric_params': None, 'n_jobs': None, 'n_neighbors': 5, 'p': 2, 'weights': 'uniform'}",0.09503865242004395
Coffee,10,20,4,10,RandomForest,Time_Warping,5,"{'sigma': 0.1, 'knot': 4}",0.8433333333333334,0.8443106140738637,"{'bootstrap': True, 'ccp_alpha': 0.0, 'class_weight': None, 'criterion': 'gini', 'max_depth': None, 'max_features': 'sqrt', 'max_leaf_nodes': None, 'max_samples': None, 'min_impurity_decrease': 0.0, 'min_samples_leaf': 1, 'min_samples_split': 2, 'min_weight_fraction_leaf': 0.0, 'monotonic_cst': None, 'n_estimators': 100, 'n_jobs': None, 'oob_score': False, 'random_state': 42, 'verbose': 0, 'warm_start': False}",7.96183443069458
Coffee,10,20,4,10,LinearSVC,Time_Warping,5,"{'sigma': 0.1, 'knot': 4}",0.645,0.6246900190566655,"{'C': 1.0, 'class_weight': None, 'dual': False, 'fit_intercept': True, 'intercept_scaling': 1, 'loss': 'squared_hinge', 'max_iter': 100, 'multi_class': 'ovr', 'penalty': 'l2', 'random_state': 42, 'tol': 0.0001, 'verbose': 0}",0.11261534690856934
Coffee,10,20,4,10,LogisticRegression,Time_Warping,5,"{'sigma': 0.1, 'knot': 4}",0.6433333333333333,0.6227645917301089,"{'C': 1.0, 'class_weight': None, 'dual': False, 'fit_intercept': True, 'intercept_scaling': 1, 'l1_ratio': None, 'max_iter': 100, 'multi_class': 'deprecated', 'n_jobs': None, 'penalty': 'l2', 'random_state': 42, 'solver': 'lbfgs', 'tol': 0.0001, 'verbose': 0, 'warm_start': False}",0.2042553424835205
Coffee,10,20,4,10,KNN,Time_Warping,6,"{'sigma': 0.3, 'knot': 6}",0.9083333333333333,0.9108688849317775,"{'algorithm': 'auto', 'leaf_size': 30, 'metric': 'minkowski', 'metric_params': None, 'n_jobs': None, 'n_neighbors': 5, 'p': 2, 'weights': 'uniform'}",0.1201791763305664
Coffee,10,20,4,10,RandomForest,Time_Warping,6,"{'sigma': 0.3, 'knot': 6}",0.855,0.8556647419952008,"{'bootstrap': True, 'ccp_alpha': 0.0, 'class_weight': None, 'criterion': 'gini', 'max_depth': None, 'max_features': 'sqrt', 'max_leaf_nodes': None, 'max_samples': None, 'min_impurity_decrease': 0.0, 'min_samples_leaf': 1, 'min_samples_split': 2, 'min_weight_fraction_leaf': 0.0, 'monotonic_cst': None, 'n_estimators': 100, 'n_jobs': None, 'oob_score': False, 'random_state': 42, 'verbose': 0, 'warm_start': False}",8.88524317741394
Coffee,10,20,4,10,LinearSVC,Time_Warping,6,"{'sigma': 0.3, 'knot': 6}",0.6033333333333334,0.5909038154915216,"{'C': 1.0, 'class_weight': None, 'dual': False, 'fit_intercept': True, 'intercept_scaling': 1, 'loss': 'squared_hinge', 'max_iter': 100, 'multi_class': 'ovr', 'penalty': 'l2', 'random_state': 42, 'tol': 0.0001, 'verbose': 0}",0.08911943435668945
Coffee,10,20,4,10,LogisticRegression,Time_Warping,6,"{'sigma': 0.3, 'knot': 6}",0.6383333333333333,0.6182692550055424,"{'C': 1.0, 'class_weight': None, 'dual': False, 'fit_intercept': True, 'intercept_scaling': 1, 'l1_ratio': None, 'max_iter': 100, 'multi_class': 'deprecated', 'n_jobs': None, 'penalty': 'l2', 'random_state': 42, 'solver': 'lbfgs', 'tol': 0.0001, 'verbose': 0, 'warm_start': False}",0.1534414291381836
Coffee,10,20,4,10,KNN,Time_Warping,7,"{'sigma': 0.05, 'knot': 6}",0.9466666666666667,0.9474915340509352,"{'algorithm': 'auto', 'leaf_size': 30, 'metric': 'minkowski', 'metric_params': None, 'n_jobs': None, 'n_neighbors': 5, 'p': 2, 'weights': 'uniform'}",0.10497093200683594
Coffee,10,20,4,10,RandomForest,Time_Warping,7,"{'sigma': 0.05, 'knot': 6}",0.8783333333333333,0.8816791702489332,"{'bootstrap': True, 'ccp_alpha': 0.0, 'class_weight': None, 'criterion': 'gini', 'max_depth': None, 'max_features': 'sqrt', 'max_leaf_nodes': None, 'max_samples': None, 'min_impurity_decrease': 0.0, 'min_samples_leaf': 1, 'min_samples_split': 2, 'min_weight_fraction_leaf': 0.0, 'monotonic_cst': None, 'n_estimators': 100, 'n_jobs': None, 'oob_score': False, 'random_state': 42, 'verbose': 0, 'warm_start': False}",7.973686695098877
Coffee,10,20,4,10,LinearSVC,Time_Warping,7,"{'sigma': 0.05, 'knot': 6}",0.8216666666666667,0.8170727830778989,"{'C': 1.0, 'class_weight': None, 'dual': False, 'fit_intercept': True, 'intercept_scaling': 1, 'loss': 'squared_hinge', 'max_iter': 100, 'multi_class': 'ovr', 'penalty': 'l2', 'random_state': 42, 'tol': 0.0001, 'verbose': 0}",0.11662912368774414
Coffee,10,20,4,10,LogisticRegression,Time_Warping,7,"{'sigma': 0.05, 'knot': 6}",0.7916666666666666,0.8005270555256819,"{'C': 1.0, 'class_weight': None, 'dual': False, 'fit_intercept': True, 'intercept_scaling': 1, 'l1_ratio': None, 'max_iter': 100, 'multi_class': 'deprecated', 'n_jobs': None, 'penalty': 'l2', 'random_state': 42, 'solver': 'lbfgs', 'tol': 0.0001, 'verbose': 0, 'warm_start': False}",0.3236045837402344
Coffee,10,20,4,10,KNN,Time_Warping,8,"{'sigma': 0.3, 'knot': 6}",0.9066666666666666,0.9099545188308154,"{'algorithm': 'auto', 'leaf_size': 30, 'metric': 'minkowski', 'metric_params': None, 'n_jobs': None, 'n_neighbors': 5, 'p': 2, 'weights': 'uniform'}",0.09904122352600098
Coffee,10,20,4,10,RandomForest,Time_Warping,8,"{'sigma': 0.3, 'knot': 6}",0.8366666666666667,0.8390225034497137,"{'bootstrap': True, 'ccp_alpha': 0.0, 'class_weight': None, 'criterion': 'gini', 'max_depth': None, 'max_features': 'sqrt', 'max_leaf_nodes': None, 'max_samples': None, 'min_impurity_decrease': 0.0, 'min_samples_leaf': 1, 'min_samples_split': 2, 'min_weight_fraction_leaf': 0.0, 'monotonic_cst': None, 'n_estimators': 100, 'n_jobs': None, 'oob_score': False, 'random_state': 42, 'verbose': 0, 'warm_start': False}",8.563853025436401
Coffee,10,20,4,10,LinearSVC,Time_Warping,8,"{'sigma': 0.3, 'knot': 6}",0.6283333333333333,0.6127203989661977,"{'C': 1.0, 'class_weight': None, 'dual': False, 'fit_intercept': True, 'intercept_scaling': 1, 'loss': 'squared_hinge', 'max_iter': 100, 'multi_class': 'ovr', 'penalty': 'l2', 'random_state': 42, 'tol': 0.0001, 'verbose': 0}",0.0907740592956543
Coffee,10,20,4,10,LogisticRegression,Time_Warping,8,"{'sigma': 0.3, 'knot': 6}",0.6333333333333333,0.614094796949826,"{'C': 1.0, 'class_weight': None, 'dual': False, 'fit_intercept': True, 'intercept_scaling': 1, 'l1_ratio': None, 'max_iter': 100, 'multi_class': 'deprecated', 'n_jobs': None, 'penalty': 'l2', 'random_state': 42, 'solver': 'lbfgs', 'tol': 0.0001, 'verbose': 0, 'warm_start': False}",0.15904998779296875
Coffee,10,20,4,10,KNN,Time_Warping,9,"{'sigma': 0.1, 'knot': 6}",0.9283333333333333,0.9299079601894884,"{'algorithm': 'auto', 'leaf_size': 30, 'metric': 'minkowski', 'metric_params': None, 'n_jobs': None, 'n_neighbors': 5, 'p': 2, 'weights': 'uniform'}",0.09973335266113281
Coffee,10,20,4,10,RandomForest,Time_Warping,9,"{'sigma': 0.1, 'knot': 6}",0.855,0.8551367700594787,"{'bootstrap': True, 'ccp_alpha': 0.0, 'class_weight': None, 'criterion': 'gini', 'max_depth': None, 'max_features': 'sqrt', 'max_leaf_nodes': None, 'max_samples': None, 'min_impurity_decrease': 0.0, 'min_samples_leaf': 1, 'min_samples_split': 2, 'min_weight_fraction_leaf': 0.0, 'monotonic_cst': None, 'n_estimators': 100, 'n_jobs': None, 'oob_score': False, 'random_state': 42, 'verbose': 0, 'warm_start': False}",7.949532747268677
Coffee,10,20,4,10,LinearSVC,Time_Warping,9,"{'sigma': 0.1, 'knot': 6}",0.6733333333333333,0.6498922735378679,"{'C': 1.0, 'class_weight': None, 'dual': False, 'fit_intercept': True, 'intercept_scaling': 1, 'loss': 'squared_hinge', 'max_iter': 100, 'multi_class': 'ovr', 'penalty': 'l2', 'random_state': 42, 'tol': 0.0001, 'verbose': 0}",0.11126184463500977
Coffee,10,20,4,10,LogisticRegression,Time_Warping,9,"{'sigma': 0.1, 'knot': 6}",0.6466666666666666,0.6258475662403541,"{'C': 1.0, 'class_weight': None, 'dual': False, 'fit_intercept': True, 'intercept_scaling': 1, 'l1_ratio': None, 'max_iter': 100, 'multi_class': 'deprecated', 'n_jobs': None, 'penalty': 'l2', 'random_state': 42, 'solver': 'lbfgs', 'tol': 0.0001, 'verbose': 0, 'warm_start': False}",0.25655102729797363
Coffee,10,20,4,10,KNN,Time_Warping,10,"{'sigma': 0.1, 'knot': 8}",0.9366666666666666,0.9375438713787986,"{'algorithm': 'auto', 'leaf_size': 30, 'metric': 'minkowski', 'metric_params': None, 'n_jobs': None, 'n_neighbors': 5, 'p': 2, 'weights': 'uniform'}",0.0921328067779541
Coffee,10,20,4,10,RandomForest,Time_Warping,10,"{'sigma': 0.1, 'knot': 8}",0.8616666666666667,0.864459803078729,"{'bootstrap': True, 'ccp_alpha': 0.0, 'class_weight': None, 'criterion': 'gini', 'max_depth': None, 'max_features': 'sqrt', 'max_leaf_nodes': None, 'max_samples': None, 'min_impurity_decrease': 0.0, 'min_samples_leaf': 1, 'min_samples_split': 2, 'min_weight_fraction_leaf': 0.0, 'monotonic_cst': None, 'n_estimators': 100, 'n_jobs': None, 'oob_score': False, 'random_state': 42, 'verbose': 0, 'warm_start': False}",7.787060499191284
Coffee,10,20,4,10,LinearSVC,Time_Warping,10,"{'sigma': 0.1, 'knot': 8}",0.7016666666666667,0.6774005665710983,"{'C': 1.0, 'class_weight': None, 'dual': False, 'fit_intercept': True, 'intercept_scaling': 1, 'loss': 'squared_hinge', 'max_iter': 100, 'multi_class': 'ovr', 'penalty': 'l2', 'random_state': 42, 'tol': 0.0001, 'verbose': 0}",0.10674500465393066
Coffee,10,20,4,10,LogisticRegression,Time_Warping,10,"{'sigma': 0.1, 'knot': 8}",0.66,0.6470110632570335,"{'C': 1.0, 'class_weight': None, 'dual': False, 'fit_intercept': True, 'intercept_scaling': 1, 'l1_ratio': None, 'max_iter': 100, 'multi_class': 'deprecated', 'n_jobs': None, 'penalty': 'l2', 'random_state': 42, 'solver': 'lbfgs', 'tol': 0.0001, 'verbose': 0, 'warm_start': False}",0.2665109634399414
Coffee,10,20,5,1,KNN,Baseline,N/A,N/A,0.8,0.8128967093061054,"{'algorithm': 'auto', 'leaf_size': 30, 'metric': 'minkowski', 'metric_params': None, 'n_jobs': None, 'n_neighbors': 5, 'p': 2, 'weights': 'uniform'}",0.027214527130126953
Coffee,10,20,5,1,KNN,Tuned_Baseline,N/A,N/A,0.7933333333333333,0.8055147066679085,"{'algorithm': 'auto', 'leaf_size': 30, 'metric': 'minkowski', 'metric_params': None, 'n_jobs': None, 'n_neighbors': np.int64(5), 'p': 3, 'weights': 'distance'}",0.02435016632080078
Coffee,10,20,5,1,RandomForest,Baseline,N/A,N/A,0.74,0.7469703907653829,"{'bootstrap': True, 'ccp_alpha': 0.0, 'class_weight': None, 'criterion': 'gini', 'max_depth': None, 'max_features': 'sqrt', 'max_leaf_nodes': None, 'max_samples': None, 'min_impurity_decrease': 0.0, 'min_samples_leaf': 1, 'min_samples_split': 2, 'min_weight_fraction_leaf': 0.0, 'monotonic_cst': None, 'n_estimators': 100, 'n_jobs': None, 'oob_score': False, 'random_state': 42, 'verbose': 0, 'warm_start': False}",0.6255233287811279
Coffee,10,20,5,1,RandomForest,Tuned_Baseline,N/A,N/A,0.7766666666666666,0.7834633363101499,"{'bootstrap': True, 'ccp_alpha': 0.0, 'class_weight': 'balanced', 'criterion': 'gini', 'max_depth': 20, 'max_features': 'sqrt', 'max_leaf_nodes': None, 'max_samples': None, 'min_impurity_decrease': 0.0, 'min_samples_leaf': 1, 'min_samples_split': 2, 'min_weight_fraction_leaf': 0.0, 'monotonic_cst': None, 'n_estimators': 50, 'n_jobs': None, 'oob_score': False, 'random_state': 42, 'verbose': 0, 'warm_start': False}",0.004117488861083984
Coffee,10,20,5,1,LinearSVC,Baseline,N/A,N/A,0.7966666666666666,0.8031064751481988,"{'C': 1.0, 'class_weight': None, 'dual': False, 'fit_intercept': True, 'intercept_scaling': 1, 'loss': 'squared_hinge', 'max_iter': 100, 'multi_class': 'ovr', 'penalty': 'l2', 'random_state': 42, 'tol': 0.0001, 'verbose': 0}",0.020110607147216797
Coffee,10,20,5,1,LinearSVC,Tuned_Baseline,N/A,N/A,0.7983333333333333,0.8047346761579963,"{'C': np.float64(6.1584821106602545), 'class_weight': None, 'dual': False, 'fit_intercept': True, 'intercept_scaling': 1, 'loss': 'squared_hinge', 'max_iter': 100, 'multi_class': 'ovr', 'penalty': 'l2', 'random_state': 42, 'tol': 0.0001, 'verbose': 0}",0.0001850128173828125
Coffee,10,20,5,1,LogisticRegression,Baseline,N/A,N/A,0.7116666666666667,0.7243782874040097,"{'C': 1.0, 'class_weight': None, 'dual': False, 'fit_intercept': True, 'intercept_scaling': 1, 'l1_ratio': None, 'max_iter': 100, 'multi_class': 'deprecated', 'n_jobs': None, 'penalty': 'l2', 'random_state': 42, 'solver': 'lbfgs', 'tol': 0.0001, 'verbose': 0, 'warm_start': False}",0.06743907928466797
Coffee,10,20,5,1,LogisticRegression,Tuned_Baseline,N/A,N/A,0.7116666666666667,0.7231159355766668,"{'C': np.float64(6.1584821106602545), 'class_weight': None, 'dual': False, 'fit_intercept': True, 'intercept_scaling': 1, 'l1_ratio': None, 'max_iter': 100, 'multi_class': 'deprecated', 'n_jobs': None, 'penalty': 'l2', 'random_state': 42, 'solver': 'lbfgs', 'tol': 0.0001, 'verbose': 0, 'warm_start': False}",0.00030493736267089844
Coffee,10,20,5,1,RNN,Tuned_Baseline,N/A,N/A,0.16666666666666666,0.047619047619047616,"{'hidden_size': 64, 'epochs': 10, 'batch_size': 32, 'lr': 0.001}",2.8133392333984375e-05
Coffee,10,20,5,2,KNN,Time_Warping,1,"{'sigma': 0.2, 'knot': 4}",0.79,0.801846779744291,"{'algorithm': 'auto', 'leaf_size': 30, 'metric': 'euclidean', 'metric_params': None, 'n_jobs': None, 'n_neighbors': np.int64(9), 'p': 2, 'weights': 'distance'}",0.026113271713256836
Coffee,10,20,5,2,RandomForest,Time_Warping,1,"{'sigma': 0.2, 'knot': 4}",0.8366666666666667,0.8439712944306405,"{'bootstrap': True, 'ccp_alpha': 0.0, 'class_weight': 'balanced', 'criterion': 'gini', 'max_depth': 30, 'max_features': 'sqrt', 'max_leaf_nodes': None, 'max_samples': None, 'min_impurity_decrease': 0.0, 'min_samples_leaf': 1, 'min_samples_split': 2, 'min_weight_fraction_leaf': 0.0, 'monotonic_cst': None, 'n_estimators': 150, 'n_jobs': None, 'oob_score': False, 'random_state': 42, 'verbose': 0, 'warm_start': False}",2.0615832805633545
Coffee,10,20,5,2,LinearSVC,Time_Warping,1,"{'sigma': 0.2, 'knot': 4}",0.6566666666666666,0.6436033971467314,"{'C': np.float64(2.6366508987303554), 'class_weight': 'balanced', 'dual': False, 'fit_intercept': True, 'intercept_scaling': 1, 'loss': 'squared_hinge', 'max_iter': 100, 'multi_class': 'ovr', 'penalty': 'l1', 'random_state': 42, 'tol': 0.0001, 'verbose': 0}",0.05166125297546387
Coffee,10,20,5,2,LogisticRegression,Time_Warping,1,"{'sigma': 0.2, 'knot': 4}",0.6466666666666666,0.6266588369376026,"{'C': np.float64(2.6366508987303554), 'class_weight': 'balanced', 'dual': False, 'fit_intercept': True, 'intercept_scaling': 1, 'l1_ratio': None, 'max_iter': 100, 'multi_class': 'deprecated', 'n_jobs': None, 'penalty': 'l1', 'random_state': 42, 'solver': 'saga', 'tol': 0.0001, 'verbose': 0, 'warm_start': False}",0.2927134037017822
Coffee,10,20,5,2,KNN,Time_Warping,2,"{'sigma': 0.2, 'knot': 3}",0.79,0.801846779744291,"{'algorithm': 'auto', 'leaf_size': 30, 'metric': 'euclidean', 'metric_params': None, 'n_jobs': None, 'n_neighbors': np.int64(9), 'p': 2, 'weights': 'distance'}",0.022014379501342773
Coffee,10,20,5,2,RandomForest,Time_Warping,2,"{'sigma': 0.2, 'knot': 3}",0.775,0.7807397451214656,"{'bootstrap': True, 'ccp_alpha': 0.0, 'class_weight': 'balanced', 'criterion': 'gini', 'max_depth': 30, 'max_features': 'sqrt', 'max_leaf_nodes': None, 'max_samples': None, 'min_impurity_decrease': 0.0, 'min_samples_leaf': 1, 'min_samples_split': 2, 'min_weight_fraction_leaf': 0.0, 'monotonic_cst': None, 'n_estimators': 150, 'n_jobs': None, 'oob_score': False, 'random_state': 42, 'verbose': 0, 'warm_start': False}",2.161760091781616
Coffee,10,20,5,2,LinearSVC,Time_Warping,2,"{'sigma': 0.2, 'knot': 3}",0.655,0.6420972383094063,"{'C': np.float64(0.4832930238571752), 'class_weight': 'balanced', 'dual': False, 'fit_intercept': True, 'intercept_scaling': 1, 'loss': 'squared_hinge', 'max_iter': 100, 'multi_class': 'ovr', 'penalty': 'l2', 'random_state': 42, 'tol': 0.0001, 'verbose': 0}",0.023529529571533203
Coffee,10,20,5,2,LogisticRegression,Time_Warping,2,"{'sigma': 0.2, 'knot': 3}",0.6466666666666666,0.6265334605109403,"{'C': np.float64(1000.0), 'class_weight': 'balanced', 'dual': False, 'fit_intercept': True, 'intercept_scaling': 1, 'l1_ratio': None, 'max_iter': 100, 'multi_class': 'deprecated', 'n_jobs': None, 'penalty': 'l2', 'random_state': 42, 'solver': 'sag', 'tol': 0.0001, 'verbose': 0, 'warm_start': False}",0.07332062721252441
Coffee,10,20,5,2,KNN,Time_Warping,3,"{'sigma': 0.5, 'knot': 4}",0.7866666666666666,0.7981930014972102,"{'algorithm': 'auto', 'leaf_size': 30, 'metric': 'euclidean', 'metric_params': None, 'n_jobs': None, 'n_neighbors': np.int64(9), 'p': 2, 'weights': 'distance'}",0.022031068801879883
Coffee,10,20,5,2,RandomForest,Time_Warping,3,"{'sigma': 0.5, 'knot': 4}",0.78,0.7831431804740648,"{'bootstrap': True, 'ccp_alpha': 0.0, 'class_weight': 'balanced', 'criterion': 'gini', 'max_depth': 10, 'max_features': 'sqrt', 'max_leaf_nodes': None, 'max_samples': None, 'min_impurity_decrease': 0.0, 'min_samples_leaf': 1, 'min_samples_split': 2, 'min_weight_fraction_leaf': 0.0, 'monotonic_cst': None, 'n_estimators': 100, 'n_jobs': None, 'oob_score': False, 'random_state': 42, 'verbose': 0, 'warm_start': False}",1.2907373905181885
Coffee,10,20,5,2,LinearSVC,Time_Warping,3,"{'sigma': 0.5, 'knot': 4}",0.645,0.6237520244432319,"{'C': np.float64(183.29807108324337), 'class_weight': 'balanced', 'dual': False, 'fit_intercept': True, 'intercept_scaling': 1, 'loss': 'squared_hinge', 'max_iter': 100, 'multi_class': 'ovr', 'penalty': 'l1', 'random_state': 42, 'tol': 0.0001, 'verbose': 0}",0.03660106658935547
Coffee,10,20,5,2,LogisticRegression,Time_Warping,3,"{'sigma': 0.5, 'knot': 4}",0.6466666666666666,0.6237019285632773,"{'C': np.float64(1000.0), 'class_weight': 'balanced', 'dual': False, 'fit_intercept': True, 'intercept_scaling': 1, 'l1_ratio': None, 'max_iter': 100, 'multi_class': 'deprecated', 'n_jobs': None, 'penalty': 'l2', 'random_state': 42, 'solver': 'sag', 'tol': 0.0001, 'verbose': 0, 'warm_start': False}",0.07540249824523926
Coffee,10,20,5,2,KNN,Time_Warping,4,"{'sigma': 0.05, 'knot': 8}",0.795,0.8073542615489173,"{'algorithm': 'auto', 'leaf_size': 30, 'metric': 'euclidean', 'metric_params': None, 'n_jobs': None, 'n_neighbors': np.int64(9), 'p': 2, 'weights': 'distance'}",0.018114566802978516
Coffee,10,20,5,2,RandomForest,Time_Warping,4,"{'sigma': 0.05, 'knot': 8}",0.8183333333333334,0.829061652443419,"{'bootstrap': True, 'ccp_alpha': 0.0, 'class_weight': None, 'criterion': 'gini', 'max_depth': 20, 'max_features': 'sqrt', 'max_leaf_nodes': None, 'max_samples': None, 'min_impurity_decrease': 0.0, 'min_samples_leaf': 1, 'min_samples_split': 2, 'min_weight_fraction_leaf': 0.0, 'monotonic_cst': None, 'n_estimators': 100, 'n_jobs': None, 'oob_score': False, 'random_state': 42, 'verbose': 0, 'warm_start': False}",1.386641025543213
Coffee,10,20,5,2,LinearSVC,Time_Warping,4,"{'sigma': 0.05, 'knot': 8}",0.7216666666666667,0.7301609975871715,"{'C': np.float64(33.59818286283781), 'class_weight': 'balanced', 'dual': False, 'fit_intercept': True, 'intercept_scaling': 1, 'loss': 'squared_hinge', 'max_iter': 100, 'multi_class': 'ovr', 'penalty': 'l1', 'random_state': 42, 'tol': 0.0001, 'verbose': 0}",0.0693962574005127
Coffee,10,20,5,2,LogisticRegression,Time_Warping,4,"{'sigma': 0.05, 'knot': 8}",0.6716666666666666,0.6858983211666307,"{'C': np.float64(1000.0), 'class_weight': 'balanced', 'dual': False, 'fit_intercept': True, 'intercept_scaling': 1, 'l1_ratio': None, 'max_iter': 100, 'multi_class': 'deprecated', 'n_jobs': None, 'penalty': 'l2', 'random_state': 42, 'solver': 'sag', 'tol': 0.0001, 'verbose': 0, 'warm_start': False}",0.054187774658203125
Coffee,10,20,5,2,KNN,Time_Warping,5,"{'sigma': 0.1, 'knot': 4}",0.805,0.8184774086426096,"{'algorithm': 'auto', 'leaf_size': 30, 'metric': 'euclidean', 'metric_params': None, 'n_jobs': None, 'n_neighbors': np.int64(9), 'p': 2, 'weights': 'distance'}",0.020418405532836914
Coffee,10,20,5,2,RandomForest,Time_Warping,5,"{'sigma': 0.1, 'knot': 4}",0.7766666666666666,0.784146398605734,"{'bootstrap': True, 'ccp_alpha': 0.0, 'class_weight': 'balanced', 'criterion': 'gini', 'max_depth': 10, 'max_features': 'sqrt', 'max_leaf_nodes': None, 'max_samples': None, 'min_impurity_decrease': 0.0, 'min_samples_leaf': 1, 'min_samples_split': 2, 'min_weight_fraction_leaf': 0.0, 'monotonic_cst': None, 'n_estimators': 100, 'n_jobs': None, 'oob_score': False, 'random_state': 42, 'verbose': 0, 'warm_start': False}",1.2418222427368164
Coffee,10,20,5,2,LinearSVC,Time_Warping,5,"{'sigma': 0.1, 'knot': 4}",0.65,0.6331972756157923,"{'C': np.float64(1000.0), 'class_weight': 'balanced', 'dual': False, 'fit_intercept': True, 'intercept_scaling': 1, 'loss': 'squared_hinge', 'max_iter': 100, 'multi_class': 'ovr', 'penalty': 'l2', 'random_state': 42, 'tol': 0.001, 'verbose': 0}",0.02211761474609375
Coffee,10,20,5,2,LogisticRegression,Time_Warping,5,"{'sigma': 0.1, 'knot': 4}",0.665,0.6570908065613,"{'C': np.float64(33.59818286283781), 'class_weight': None, 'dual': False, 'fit_intercept': True, 'intercept_scaling': 1, 'l1_ratio': None, 'max_iter': 100, 'multi_class': 'deprecated', 'n_jobs': None, 'penalty': 'l2', 'random_state': 42, 'solver': 'saga', 'tol': 0.0001, 'verbose': 0, 'warm_start': False}",0.0399324893951416
Coffee,10,20,5,2,KNN,Time_Warping,6,"{'sigma': 0.3, 'knot': 6}",0.7833333333333333,0.7954850203633058,"{'algorithm': 'auto', 'leaf_size': 30, 'metric': 'euclidean', 'metric_params': None, 'n_jobs': None, 'n_neighbors': np.int64(9), 'p': 2, 'weights': 'distance'}",0.022586584091186523
Coffee,10,20,5,2,RandomForest,Time_Warping,6,"{'sigma': 0.3, 'knot': 6}",0.8033333333333333,0.80989589277915,"{'bootstrap': True, 'ccp_alpha': 0.0, 'class_weight': 'balanced', 'criterion': 'gini', 'max_depth': 20, 'max_features': 'sqrt', 'max_leaf_nodes': None, 'max_samples': None, 'min_impurity_decrease': 0.0, 'min_samples_leaf': 1, 'min_samples_split': 2, 'min_weight_fraction_leaf': 0.0, 'monotonic_cst': None, 'n_estimators': 50, 'n_jobs': None, 'oob_score': False, 'random_state': 42, 'verbose': 0, 'warm_start': False}",0.6443421840667725
Coffee,10,20,5,2,LinearSVC,Time_Warping,6,"{'sigma': 0.3, 'knot': 6}",0.655,0.6420972383094063,"{'C': np.float64(0.4832930238571752), 'class_weight': 'balanced', 'dual': False, 'fit_intercept': True, 'intercept_scaling': 1, 'loss': 'squared_hinge', 'max_iter': 100, 'multi_class': 'ovr', 'penalty': 'l2', 'random_state': 42, 'tol': 0.0001, 'verbose': 0}",0.02151203155517578
Coffee,10,20,5,2,LogisticRegression,Time_Warping,6,"{'sigma': 0.3, 'knot': 6}",0.645,0.6251602499951244,"{'C': np.float64(183.29807108324337), 'class_weight': 'balanced', 'dual': False, 'fit_intercept': True, 'intercept_scaling': 1, 'l1_ratio': None, 'max_iter': 100, 'multi_class': 'deprecated', 'n_jobs': None, 'penalty': 'l1', 'random_state': 42, 'solver': 'saga', 'tol': 0.0001, 'verbose': 0, 'warm_start': False}",0.062209129333496094
Coffee,10,20,5,2,KNN,Time_Warping,7,"{'sigma': 0.05, 'knot': 6}",0.8,0.8128967093061054,"{'algorithm': 'auto', 'leaf_size': 30, 'metric': 'euclidean', 'metric_params': None, 'n_jobs': None, 'n_neighbors': np.int64(9), 'p': 2, 'weights': 'distance'}",0.018011093139648438
Coffee,10,20,5,2,RandomForest,Time_Warping,7,"{'sigma': 0.05, 'knot': 6}",0.81,0.8177343651528791,"{'bootstrap': True, 'ccp_alpha': 0.0, 'class_weight': 'balanced', 'criterion': 'gini', 'max_depth': None, 'max_features': 'sqrt', 'max_leaf_nodes': None, 'max_samples': None, 'min_impurity_decrease': 0.0, 'min_samples_leaf': 1, 'min_samples_split': 2, 'min_weight_fraction_leaf': 0.0, 'monotonic_cst': None, 'n_estimators': 50, 'n_jobs': None, 'oob_score': False, 'random_state': 42, 'verbose': 0, 'warm_start': False}",0.6541063785552979
Coffee,10,20,5,2,LinearSVC,Time_Warping,7,"{'sigma': 0.05, 'knot': 6}",0.7566666666666667,0.7656311543994553,"{'C': np.float64(2.6366508987303554), 'class_weight': 'balanced', 'dual': False, 'fit_intercept': True, 'intercept_scaling': 1, 'loss': 'squared_hinge', 'max_iter': 100, 'multi_class': 'ovr', 'penalty': 'l1', 'random_state': 42, 'tol': 0.0001, 'verbose': 0}",0.0687568187713623
Coffee,10,20,5,2,LogisticRegression,Time_Warping,7,"{'sigma': 0.05, 'knot': 6}",0.73,0.7432478632478633,"{'C': np.float64(33.59818286283781), 'class_weight': None, 'dual': False, 'fit_intercept': True, 'intercept_scaling': 1, 'l1_ratio': None, 'max_iter': 100, 'multi_class': 'deprecated', 'n_jobs': None, 'penalty': 'l2', 'random_state': 42, 'solver': 'saga', 'tol': 0.0001, 'verbose': 0, 'warm_start': False}",0.1086735725402832
Coffee,10,20,5,2,KNN,Time_Warping,8,"{'sigma': 0.3, 'knot': 6}",0.7883333333333333,0.800018178240211,"{'algorithm': 'auto', 'leaf_size': 30, 'metric': 'euclidean', 'metric_params': None, 'n_jobs': None, 'n_neighbors': np.int64(9), 'p': 2, 'weights': 'distance'}",0.02137899398803711
Coffee,10,20,5,2,RandomForest,Time_Warping,8,"{'sigma': 0.3, 'knot': 6}",0.8133333333333334,0.8192753003044904,"{'bootstrap': True, 'ccp_alpha': 0.0, 'class_weight': 'balanced', 'criterion': 'gini', 'max_depth': 10, 'max_features': 'sqrt', 'max_leaf_nodes': None, 'max_samples': None, 'min_impurity_decrease': 0.0, 'min_samples_leaf': 1, 'min_samples_split': 2, 'min_weight_fraction_leaf': 0.0, 'monotonic_cst': None, 'n_estimators': 100, 'n_jobs': None, 'oob_score': False, 'random_state': 42, 'verbose': 0, 'warm_start': False}",1.2601532936096191
Coffee,10,20,5,2,LinearSVC,Time_Warping,8,"{'sigma': 0.3, 'knot': 6}",0.645,0.6237864304469299,"{'C': np.float64(33.59818286283781), 'class_weight': 'balanced', 'dual': False, 'fit_intercept': True, 'intercept_scaling': 1, 'loss': 'squared_hinge', 'max_iter': 100, 'multi_class': 'ovr', 'penalty': 'l1', 'random_state': 42, 'tol': 0.001, 'verbose': 0}",0.0408780574798584
Coffee,10,20,5,2,LogisticRegression,Time_Warping,8,"{'sigma': 0.3, 'knot': 6}",0.645,0.6238813061443031,"{'C': np.float64(33.59818286283781), 'class_weight': None, 'dual': False, 'fit_intercept': True, 'intercept_scaling': 1, 'l1_ratio': None, 'max_iter': 100, 'multi_class': 'deprecated', 'n_jobs': None, 'penalty': 'l2', 'random_state': 42, 'solver': 'saga', 'tol': 0.0001, 'verbose': 0, 'warm_start': False}",0.03954505920410156
Coffee,10,20,5,2,KNN,Time_Warping,9,"{'sigma': 0.1, 'knot': 6}",0.8033333333333333,0.8166127155221116,"{'algorithm': 'auto', 'leaf_size': 30, 'metric': 'euclidean', 'metric_params': None, 'n_jobs': None, 'n_neighbors': np.int64(9), 'p': 2, 'weights': 'distance'}",0.01926136016845703
Coffee,10,20,5,2,RandomForest,Time_Warping,9,"{'sigma': 0.1, 'knot': 6}",0.7916666666666666,0.7979692421987326,"{'bootstrap': True, 'ccp_alpha': 0.0, 'class_weight': 'balanced', 'criterion': 'gini', 'max_depth': None, 'max_features': 'sqrt', 'max_leaf_nodes': None, 'max_samples': None, 'min_impurity_decrease': 0.0, 'min_samples_leaf': 1, 'min_samples_split': 2, 'min_weight_fraction_leaf': 0.0, 'monotonic_cst': None, 'n_estimators': 50, 'n_jobs': None, 'oob_score': False, 'random_state': 42, 'verbose': 0, 'warm_start': False}",0.6440849304199219
Coffee,10,20,5,2,LinearSVC,Time_Warping,9,"{'sigma': 0.1, 'knot': 6}",0.675,0.6661905428400945,"{'C': np.float64(2.6366508987303554), 'class_weight': 'balanced', 'dual': False, 'fit_intercept': True, 'intercept_scaling': 1, 'loss': 'squared_hinge', 'max_iter': 100, 'multi_class': 'ovr', 'penalty': 'l1', 'random_state': 42, 'tol': 0.0001, 'verbose': 0}",0.062341928482055664
Coffee,10,20,5,2,LogisticRegression,Time_Warping,9,"{'sigma': 0.1, 'knot': 6}",0.6833333333333333,0.6809037953616267,"{'C': np.float64(1000.0), 'class_weight': 'balanced', 'dual': False, 'fit_intercept': True, 'intercept_scaling': 1, 'l1_ratio': None, 'max_iter': 100, 'multi_class': 'deprecated', 'n_jobs': None, 'penalty': 'l2', 'random_state': 42, 'solver': 'sag', 'tol': 0.0001, 'verbose': 0, 'warm_start': False}",0.0841517448425293
Coffee,10,20,5,2,KNN,Time_Warping,10,"{'sigma': 0.1, 'knot': 8}",0.7966666666666666,0.8091977002110565,"{'algorithm': 'auto', 'leaf_size': 30, 'metric': 'euclidean', 'metric_params': None, 'n_jobs': None, 'n_neighbors': np.int64(9), 'p': 2, 'weights': 'distance'}",0.020867586135864258
Coffee,10,20,5,2,RandomForest,Time_Warping,10,"{'sigma': 0.1, 'knot': 8}",0.815,0.8230014965542305,"{'bootstrap': True, 'ccp_alpha': 0.0, 'class_weight': 'balanced', 'criterion': 'gini', 'max_depth': 20, 'max_features': 'sqrt', 'max_leaf_nodes': None, 'max_samples': None, 'min_impurity_decrease': 0.0, 'min_samples_leaf': 1, 'min_samples_split': 2, 'min_weight_fraction_leaf': 0.0, 'monotonic_cst': None, 'n_estimators': 50, 'n_jobs': None, 'oob_score': False, 'random_state': 42, 'verbose': 0, 'warm_start': False}",0.665170431137085
Coffee,10,20,5,2,LinearSVC,Time_Warping,10,"{'sigma': 0.1, 'knot': 8}",0.67,0.6535201759350975,"{'C': np.float64(183.29807108324337), 'class_weight': 'balanced', 'dual': False, 'fit_intercept': True, 'intercept_scaling': 1, 'loss': 'squared_hinge', 'max_iter': 100, 'multi_class': 'ovr', 'penalty': 'l1', 'random_state': 42, 'tol': 0.0001, 'verbose': 0}",0.06155109405517578
Coffee,10,20,5,2,LogisticRegression,Time_Warping,10,"{'sigma': 0.1, 'knot': 8}",0.7333333333333333,0.739754410473083,"{'C': np.float64(183.29807108324337), 'class_weight': None, 'dual': False, 'fit_intercept': True, 'intercept_scaling': 1, 'l1_ratio': None, 'max_iter': 100, 'multi_class': 'deprecated', 'n_jobs': None, 'penalty': 'l2', 'random_state': 42, 'solver': 'saga', 'tol': 0.0001, 'verbose': 0, 'warm_start': False}",0.0632939338684082
Coffee,10,20,5,3,KNN,Time_Warping,1,"{'sigma': 0.2, 'knot': 4}",0.8066666666666666,0.8203467348115739,"{'algorithm': 'auto', 'leaf_size': 30, 'metric': 'minkowski', 'metric_params': None, 'n_jobs': None, 'n_neighbors': np.int64(13), 'p': 4, 'weights': 'distance'}",0.13254094123840332
Coffee,10,20,5,3,RandomForest,Time_Warping,1,"{'sigma': 0.2, 'knot': 4}",0.82,0.8282450933960558,"{'bootstrap': True, 'ccp_alpha': 0.0, 'class_weight': 'balanced', 'criterion': 'gini', 'max_depth': 30, 'max_features': 'sqrt', 'max_leaf_nodes': None, 'max_samples': None, 'min_impurity_decrease': 0.0, 'min_samples_leaf': 1, 'min_samples_split': 2, 'min_weight_fraction_leaf': 0.0, 'monotonic_cst': None, 'n_estimators': 150, 'n_jobs': None, 'oob_score': False, 'random_state': 42, 'verbose': 0, 'warm_start': False}",3.114945650100708
Coffee,10,20,5,3,LinearSVC,Time_Warping,1,"{'sigma': 0.2, 'knot': 4}",0.645,0.6277475133479687,"{'C': np.float64(2.6366508987303554), 'class_weight': 'balanced', 'dual': False, 'fit_intercept': True, 'intercept_scaling': 1, 'loss': 'squared_hinge', 'max_iter': 100, 'multi_class': 'ovr', 'penalty': 'l1', 'random_state': 42, 'tol': 0.0001, 'verbose': 0}",0.0684502124786377
Coffee,10,20,5,3,LogisticRegression,Time_Warping,1,"{'sigma': 0.2, 'knot': 4}",0.645,0.6251602499951244,"{'C': np.float64(33.59818286283781), 'class_weight': 'balanced', 'dual': False, 'fit_intercept': True, 'intercept_scaling': 1, 'l1_ratio': None, 'max_iter': 100, 'multi_class': 'deprecated', 'n_jobs': None, 'penalty': 'l2', 'random_state': 42, 'solver': 'saga', 'tol': 0.0001, 'verbose': 0, 'warm_start': False}",0.06690382957458496
Coffee,10,20,5,3,KNN,Time_Warping,2,"{'sigma': 0.2, 'knot': 3}",0.7966666666666666,0.8099206349206349,"{'algorithm': 'auto', 'leaf_size': 30, 'metric': 'euclidean', 'metric_params': None, 'n_jobs': None, 'n_neighbors': np.int64(9), 'p': 2, 'weights': 'distance'}",0.02907848358154297
Coffee,10,20,5,3,RandomForest,Time_Warping,2,"{'sigma': 0.2, 'knot': 3}",0.7916666666666666,0.7999755949958928,"{'bootstrap': True, 'ccp_alpha': 0.0, 'class_weight': 'balanced', 'criterion': 'gini', 'max_depth': 30, 'max_features': 'sqrt', 'max_leaf_nodes': None, 'max_samples': None, 'min_impurity_decrease': 0.0, 'min_samples_leaf': 1, 'min_samples_split': 2, 'min_weight_fraction_leaf': 0.0, 'monotonic_cst': None, 'n_estimators': 150, 'n_jobs': None, 'oob_score': False, 'random_state': 42, 'verbose': 0, 'warm_start': False}",3.136568307876587
Coffee,10,20,5,3,LinearSVC,Time_Warping,2,"{'sigma': 0.2, 'knot': 3}",0.645,0.6264799167745045,"{'C': np.float64(33.59818286283781), 'class_weight': 'balanced', 'dual': False, 'fit_intercept': True, 'intercept_scaling': 1, 'loss': 'squared_hinge', 'max_iter': 100, 'multi_class': 'ovr', 'penalty': 'l1', 'random_state': 42, 'tol': 0.0001, 'verbose': 0}",0.06433367729187012
Coffee,10,20,5,3,LogisticRegression,Time_Warping,2,"{'sigma': 0.2, 'knot': 3}",0.645,0.6237864304469299,"{'C': np.float64(2.6366508987303554), 'class_weight': 'balanced', 'dual': False, 'fit_intercept': True, 'intercept_scaling': 1, 'l1_ratio': None, 'max_iter': 100, 'multi_class': 'deprecated', 'n_jobs': None, 'penalty': 'l1', 'random_state': 42, 'solver': 'saga', 'tol': 0.0001, 'verbose': 0, 'warm_start': False}",0.5129373073577881
Coffee,10,20,5,3,KNN,Time_Warping,3,"{'sigma': 0.5, 'knot': 4}",0.8033333333333333,0.8173958977530406,"{'algorithm': 'auto', 'leaf_size': 30, 'metric': 'euclidean', 'metric_params': None, 'n_jobs': None, 'n_neighbors': np.int64(9), 'p': 2, 'weights': 'distance'}",0.03350257873535156
Coffee,10,20,5,3,RandomForest,Time_Warping,3,"{'sigma': 0.5, 'knot': 4}",0.7683333333333333,0.7786770961448846,"{'bootstrap': True, 'ccp_alpha': 0.0, 'class_weight': 'balanced', 'criterion': 'gini', 'max_depth': None, 'max_features': 'sqrt', 'max_leaf_nodes': None, 'max_samples': None, 'min_impurity_decrease': 0.0, 'min_samples_leaf': 2, 'min_samples_split': 20, 'min_weight_fraction_leaf': 0.0, 'monotonic_cst': None, 'n_estimators': 150, 'n_jobs': None, 'oob_score': False, 'random_state': 42, 'verbose': 0, 'warm_start': False}",3.573157787322998
Coffee,10,20,5,3,LinearSVC,Time_Warping,3,"{'sigma': 0.5, 'knot': 4}",0.645,0.6277475133479687,"{'C': np.float64(2.6366508987303554), 'class_weight': 'balanced', 'dual': False, 'fit_intercept': True, 'intercept_scaling': 1, 'loss': 'squared_hinge', 'max_iter': 100, 'multi_class': 'ovr', 'penalty': 'l1', 'random_state': 42, 'tol': 0.0001, 'verbose': 0}",0.05412721633911133
Coffee,10,20,5,3,LogisticRegression,Time_Warping,3,"{'sigma': 0.5, 'knot': 4}",0.6366666666666667,0.6182689268215584,"{'C': np.float64(33.59818286283781), 'class_weight': None, 'dual': False, 'fit_intercept': True, 'intercept_scaling': 1, 'l1_ratio': None, 'max_iter': 100, 'multi_class': 'deprecated', 'n_jobs': None, 'penalty': 'l2', 'random_state': 42, 'solver': 'saga', 'tol': 0.0001, 'verbose': 0, 'warm_start': False}",0.06212782859802246
Coffee,10,20,5,3,KNN,Time_Warping,4,"{'sigma': 0.05, 'knot': 8}",0.7916666666666666,0.8036789179577544,"{'algorithm': 'auto', 'leaf_size': 30, 'metric': 'minkowski', 'metric_params': None, 'n_jobs': None, 'n_neighbors': np.int64(13), 'p': 4, 'weights': 'distance'}",0.08262443542480469
Coffee,10,20,5,3,RandomForest,Time_Warping,4,"{'sigma': 0.05, 'knot': 8}",0.8416666666666667,0.849095389934242,"{'bootstrap': True, 'ccp_alpha': 0.0, 'class_weight': 'balanced', 'criterion': 'gini', 'max_depth': None, 'max_features': 'sqrt', 'max_leaf_nodes': None, 'max_samples': None, 'min_impurity_decrease': 0.0, 'min_samples_leaf': 1, 'min_samples_split': 2, 'min_weight_fraction_leaf': 0.0, 'monotonic_cst': None, 'n_estimators': 50, 'n_jobs': None, 'oob_score': False, 'random_state': 42, 'verbose': 0, 'warm_start': False}",1.0867152214050293
Coffee,10,20,5,3,LinearSVC,Time_Warping,4,"{'sigma': 0.05, 'knot': 8}",0.7566666666666667,0.7628220514725996,"{'C': np.float64(33.59818286283781), 'class_weight': 'balanced', 'dual': False, 'fit_intercept': True, 'intercept_scaling': 1, 'loss': 'squared_hinge', 'max_iter': 100, 'multi_class': 'ovr', 'penalty': 'l1', 'random_state': 42, 'tol': 0.001, 'verbose': 0}",0.11162281036376953
Coffee,10,20,5,3,LogisticRegression,Time_Warping,4,"{'sigma': 0.05, 'knot': 8}",0.7083333333333334,0.7215419316362011,"{'C': np.float64(1000.0), 'class_weight': 'balanced', 'dual': False, 'fit_intercept': True, 'intercept_scaling': 1, 'l1_ratio': None, 'max_iter': 100, 'multi_class': 'deprecated', 'n_jobs': None, 'penalty': 'l2', 'random_state': 42, 'solver': 'sag', 'tol': 0.0001, 'verbose': 0, 'warm_start': False}",0.10981988906860352
Coffee,10,20,5,3,KNN,Time_Warping,5,"{'sigma': 0.1, 'knot': 4}",0.7916666666666666,0.8036789179577544,"{'algorithm': 'auto', 'leaf_size': 30, 'metric': 'minkowski', 'metric_params': None, 'n_jobs': None, 'n_neighbors': np.int64(13), 'p': 4, 'weights': 'distance'}",0.11102986335754395
Coffee,10,20,5,3,RandomForest,Time_Warping,5,"{'sigma': 0.1, 'knot': 4}",0.775,0.7853658384434478,"{'bootstrap': True, 'ccp_alpha': 0.0, 'class_weight': 'balanced', 'criterion': 'gini', 'max_depth': None, 'max_features': 'sqrt', 'max_leaf_nodes': None, 'max_samples': None, 'min_impurity_decrease': 0.0, 'min_samples_leaf': 1, 'min_samples_split': 2, 'min_weight_fraction_leaf': 0.0, 'monotonic_cst': None, 'n_estimators': 50, 'n_jobs': None, 'oob_score': False, 'random_state': 42, 'verbose': 0, 'warm_start': False}",1.216550588607788
Coffee,10,20,5,3,LinearSVC,Time_Warping,5,"{'sigma': 0.1, 'knot': 4}",0.6583333333333333,0.6460848951410318,"{'C': np.float64(2.6366508987303554), 'class_weight': 'balanced', 'dual': False, 'fit_intercept': True, 'intercept_scaling': 1, 'loss': 'squared_hinge', 'max_iter': 100, 'multi_class': 'ovr', 'penalty': 'l1', 'random_state': 42, 'tol': 0.0001, 'verbose': 0}",0.08823108673095703
Coffee,10,20,5,3,LogisticRegression,Time_Warping,5,"{'sigma': 0.1, 'knot': 4}",0.645,0.6251602499951244,"{'C': np.float64(33.59818286283781), 'class_weight': 'balanced', 'dual': False, 'fit_intercept': True, 'intercept_scaling': 1, 'l1_ratio': None, 'max_iter': 100, 'multi_class': 'deprecated', 'n_jobs': None, 'penalty': 'l2', 'random_state': 42, 'solver': 'saga', 'tol': 0.0001, 'verbose': 0, 'warm_start': False}",0.07077360153198242
Coffee,10,20,5,3,KNN,Time_Warping,6,"{'sigma': 0.3, 'knot': 6}",0.79,0.8035833691449433,"{'algorithm': 'auto', 'leaf_size': 30, 'metric': 'chebyshev', 'metric_params': None, 'n_jobs': None, 'n_neighbors': np.int64(5), 'p': 2, 'weights': 'uniform'}",0.03909587860107422
Coffee,10,20,5,3,RandomForest,Time_Warping,6,"{'sigma': 0.3, 'knot': 6}",0.8016666666666666,0.8079550315417989,"{'bootstrap': True, 'ccp_alpha': 0.0, 'class_weight': 'balanced', 'criterion': 'gini', 'max_depth': None, 'max_features': 'sqrt', 'max_leaf_nodes': None, 'max_samples': None, 'min_impurity_decrease': 0.0, 'min_samples_leaf': 1, 'min_samples_split': 2, 'min_weight_fraction_leaf': 0.0, 'monotonic_cst': None, 'n_estimators': 50, 'n_jobs': None, 'oob_score': False, 'random_state': 42, 'verbose': 0, 'warm_start': False}",0.9958400726318359
Coffee,10,20,5,3,LinearSVC,Time_Warping,6,"{'sigma': 0.3, 'knot': 6}",0.6466666666666666,0.628204212568667,"{'C': np.float64(1000.0), 'class_weight': 'balanced', 'dual': False, 'fit_intercept': True, 'intercept_scaling': 1, 'loss': 'squared_hinge', 'max_iter': 100, 'multi_class': 'ovr', 'penalty': 'l2', 'random_state': 42, 'tol': 0.001, 'verbose': 0}",0.027235746383666992
Coffee,10,20,5,3,LogisticRegression,Time_Warping,6,"{'sigma': 0.3, 'knot': 6}",0.6433333333333333,0.6239011800415308,"{'C': np.float64(33.59818286283781), 'class_weight': 'balanced', 'dual': False, 'fit_intercept': True, 'intercept_scaling': 1, 'l1_ratio': None, 'max_iter': 100, 'multi_class': 'deprecated', 'n_jobs': None, 'penalty': 'l2', 'random_state': 42, 'solver': 'saga', 'tol': 0.0001, 'verbose': 0, 'warm_start': False}",0.06871724128723145
Coffee,10,20,5,3,KNN,Time_Warping,7,"{'sigma': 0.05, 'knot': 6}",0.7933333333333333,0.8055147066679085,"{'algorithm': 'auto', 'leaf_size': 30, 'metric': 'minkowski', 'metric_params': None, 'n_jobs': None, 'n_neighbors': np.int64(13), 'p': 4, 'weights': 'distance'}",0.07508730888366699
Coffee,10,20,5,3,RandomForest,Time_Warping,7,"{'sigma': 0.05, 'knot': 6}",0.8166666666666667,0.8216416369715543,"{'bootstrap': True, 'ccp_alpha': 0.0, 'class_weight': 'balanced', 'criterion': 'gini', 'max_depth': None, 'max_features': 'sqrt', 'max_leaf_nodes': None, 'max_samples': None, 'min_impurity_decrease': 0.0, 'min_samples_leaf': 1, 'min_samples_split': 2, 'min_weight_fraction_leaf': 0.0, 'monotonic_cst': None, 'n_estimators': 50, 'n_jobs': None, 'oob_score': False, 'random_state': 42, 'verbose': 0, 'warm_start': False}",1.1005821228027344
Coffee,10,20,5,3,LinearSVC,Time_Warping,7,"{'sigma': 0.05, 'knot': 6}",0.7133333333333334,0.7159747371367589,"{'C': np.float64(33.59818286283781), 'class_weight': 'balanced', 'dual': False, 'fit_intercept': True, 'intercept_scaling': 1, 'loss': 'squared_hinge', 'max_iter': 100, 'multi_class': 'ovr', 'penalty': 'l1', 'random_state': 42, 'tol': 0.0001, 'verbose': 0}",0.1040353775024414
Coffee,10,20,5,3,LogisticRegression,Time_Warping,7,"{'sigma': 0.05, 'knot': 6}",0.7166666666666667,0.7302905501384737,"{'C': np.float64(1000.0), 'class_weight': 'balanced', 'dual': False, 'fit_intercept': True, 'intercept_scaling': 1, 'l1_ratio': None, 'max_iter': 100, 'multi_class': 'deprecated', 'n_jobs': None, 'penalty': 'l2', 'random_state': 42, 'solver': 'sag', 'tol': 0.0001, 'verbose': 0, 'warm_start': False}",0.14612936973571777
Coffee,10,20,5,3,KNN,Time_Warping,8,"{'sigma': 0.3, 'knot': 6}",0.8033333333333333,0.8173958977530406,"{'algorithm': 'auto', 'leaf_size': 30, 'metric': 'minkowski', 'metric_params': None, 'n_jobs': None, 'n_neighbors': np.int64(13), 'p': 4, 'weights': 'distance'}",0.13770604133605957
Coffee,10,20,5,3,RandomForest,Time_Warping,8,"{'sigma': 0.3, 'knot': 6}",0.785,0.7952991035697803,"{'bootstrap': True, 'ccp_alpha': 0.0, 'class_weight': 'balanced', 'criterion': 'gini', 'max_depth': 30, 'max_features': 'sqrt', 'max_leaf_nodes': None, 'max_samples': None, 'min_impurity_decrease': 0.0, 'min_samples_leaf': 1, 'min_samples_split': 2, 'min_weight_fraction_leaf': 0.0, 'monotonic_cst': None, 'n_estimators': 150, 'n_jobs': None, 'oob_score': False, 'random_state': 42, 'verbose': 0, 'warm_start': False}",3.6580371856689453
Coffee,10,20,5,3,LinearSVC,Time_Warping,8,"{'sigma': 0.3, 'knot': 6}",0.645,0.6266003547540998,"{'C': np.float64(2.6366508987303554), 'class_weight': 'balanced', 'dual': False, 'fit_intercept': True, 'intercept_scaling': 1, 'loss': 'squared_hinge', 'max_iter': 100, 'multi_class': 'ovr', 'penalty': 'l1', 'random_state': 42, 'tol': 0.0001, 'verbose': 0}",0.06210970878601074
Coffee,10,20,5,3,LogisticRegression,Time_Warping,8,"{'sigma': 0.3, 'knot': 6}",0.645,0.6237864304469299,"{'C': np.float64(2.6366508987303554), 'class_weight': 'balanced', 'dual': False, 'fit_intercept': True, 'intercept_scaling': 1, 'l1_ratio': None, 'max_iter': 100, 'multi_class': 'deprecated', 'n_jobs': None, 'penalty': 'l1', 'random_state': 42, 'solver': 'saga', 'tol': 0.0001, 'verbose': 0, 'warm_start': False}",0.43212008476257324
Coffee,10,20,5,3,KNN,Time_Warping,9,"{'sigma': 0.1, 'knot': 6}",0.8,0.8128967093061054,"{'algorithm': 'auto', 'leaf_size': 30, 'metric': 'euclidean', 'metric_params': None, 'n_jobs': None, 'n_neighbors': np.int64(9), 'p': 2, 'weights': 'distance'}",0.0287473201751709
Coffee,10,20,5,3,RandomForest,Time_Warping,9,"{'sigma': 0.1, 'knot': 6}",0.7916666666666666,0.799047270394214,"{'bootstrap': True, 'ccp_alpha': 0.0, 'class_weight': 'balanced', 'criterion': 'gini', 'max_depth': None, 'max_features': 'sqrt', 'max_leaf_nodes': None, 'max_samples': None, 'min_impurity_decrease': 0.0, 'min_samples_leaf': 1, 'min_samples_split': 2, 'min_weight_fraction_leaf': 0.0, 'monotonic_cst': None, 'n_estimators': 50, 'n_jobs': None, 'oob_score': False, 'random_state': 42, 'verbose': 0, 'warm_start': False}",0.9737696647644043
Coffee,10,20,5,3,LinearSVC,Time_Warping,9,"{'sigma': 0.1, 'knot': 6}",0.6483333333333333,0.6283828302176926,"{'C': np.float64(1000.0), 'class_weight': 'balanced', 'dual': False, 'fit_intercept': True, 'intercept_scaling': 1, 'loss': 'squared_hinge', 'max_iter': 100, 'multi_class': 'ovr', 'penalty': 'l2', 'random_state': 42, 'tol': 0.001, 'verbose': 0}",0.04031705856323242
Coffee,10,20,5,3,LogisticRegression,Time_Warping,9,"{'sigma': 0.1, 'knot': 6}",0.645,0.6255267687228867,"{'C': np.float64(33.59818286283781), 'class_weight': 'balanced', 'dual': False, 'fit_intercept': True, 'intercept_scaling': 1, 'l1_ratio': None, 'max_iter': 100, 'multi_class': 'deprecated', 'n_jobs': None, 'penalty': 'l2', 'random_state': 42, 'solver': 'saga', 'tol': 0.0001, 'verbose': 0, 'warm_start': False}",0.10224270820617676
Coffee,10,20,5,3,KNN,Time_Warping,10,"{'sigma': 0.1, 'knot': 8}",0.7916666666666666,0.8043589737549071,"{'algorithm': 'auto', 'leaf_size': 30, 'metric': 'minkowski', 'metric_params': None, 'n_jobs': None, 'n_neighbors': np.int64(13), 'p': 4, 'weights': 'distance'}",0.11854410171508789
Coffee,10,20,5,3,RandomForest,Time_Warping,10,"{'sigma': 0.1, 'knot': 8}",0.8316666666666667,0.839193434673583,"{'bootstrap': True, 'ccp_alpha': 0.0, 'class_weight': 'balanced', 'criterion': 'gini', 'max_depth': 30, 'max_features': 'sqrt', 'max_leaf_nodes': None, 'max_samples': None, 'min_impurity_decrease': 0.0, 'min_samples_leaf': 1, 'min_samples_split': 2, 'min_weight_fraction_leaf': 0.0, 'monotonic_cst': None, 'n_estimators': 150, 'n_jobs': None, 'oob_score': False, 'random_state': 42, 'verbose': 0, 'warm_start': False}",3.0221986770629883
Coffee,10,20,5,3,LinearSVC,Time_Warping,10,"{'sigma': 0.1, 'knot': 8}",0.6633333333333333,0.6538553044694985,"{'C': np.float64(1000.0), 'class_weight': 'balanced', 'dual': False, 'fit_intercept': True, 'intercept_scaling': 1, 'loss': 'squared_hinge', 'max_iter': 100, 'multi_class': 'ovr', 'penalty': 'l2', 'random_state': 42, 'tol': 0.001, 'verbose': 0}",0.044713497161865234
Coffee,10,20,5,3,LogisticRegression,Time_Warping,10,"{'sigma': 0.1, 'knot': 8}",0.6783333333333333,0.6748456222140432,"{'C': np.float64(1000.0), 'class_weight': 'balanced', 'dual': False, 'fit_intercept': True, 'intercept_scaling': 1, 'l1_ratio': None, 'max_iter': 100, 'multi_class': 'deprecated', 'n_jobs': None, 'penalty': 'l2', 'random_state': 42, 'solver': 'sag', 'tol': 0.0001, 'verbose': 0, 'warm_start': False}",0.1721811294555664
Coffee,10,20,5,5,KNN,Time_Warping,1,"{'sigma': 0.2, 'knot': 4}",0.8016666666666666,0.8147525251039999,"{'algorithm': 'auto', 'leaf_size': 30, 'metric': 'minkowski', 'metric_params': None, 'n_jobs': None, 'n_neighbors': np.int64(13), 'p': 4, 'weights': 'distance'}",0.16451025009155273
Coffee,10,20,5,5,RandomForest,Time_Warping,1,"{'sigma': 0.2, 'knot': 4}",0.7783333333333333,0.7811138522376333,"{'bootstrap': True, 'ccp_alpha': 0.0, 'class_weight': None, 'criterion': 'gini', 'max_depth': None, 'max_features': 'sqrt', 'max_leaf_nodes': None, 'max_samples': None, 'min_impurity_decrease': 0.0, 'min_samples_leaf': 4, 'min_samples_split': 2, 'min_weight_fraction_leaf': 0.0, 'monotonic_cst': None, 'n_estimators': 50, 'n_jobs': None, 'oob_score': False, 'random_state': 42, 'verbose': 0, 'warm_start': False}",1.7745635509490967
Coffee,10,20,5,5,LinearSVC,Time_Warping,1,"{'sigma': 0.2, 'knot': 4}",0.6466666666666666,0.6303750559069707,"{'C': np.float64(2.6366508987303554), 'class_weight': 'balanced', 'dual': False, 'fit_intercept': True, 'intercept_scaling': 1, 'loss': 'squared_hinge', 'max_iter': 100, 'multi_class': 'ovr', 'penalty': 'l1', 'random_state': 42, 'tol': 0.0001, 'verbose': 0}",0.09964656829833984
Coffee,10,20,5,5,LogisticRegression,Time_Warping,1,"{'sigma': 0.2, 'knot': 4}",0.6466666666666666,0.6265334605109403,"{'C': np.float64(2.6366508987303554), 'class_weight': 'balanced', 'dual': False, 'fit_intercept': True, 'intercept_scaling': 1, 'l1_ratio': None, 'max_iter': 100, 'multi_class': 'deprecated', 'n_jobs': None, 'penalty': 'l1', 'random_state': 42, 'solver': 'saga', 'tol': 0.0001, 'verbose': 0, 'warm_start': False}",0.7976603507995605
Coffee,10,20,5,5,KNN,Time_Warping,2,"{'sigma': 0.2, 'knot': 3}",0.8,0.8132679998530993,"{'algorithm': 'auto', 'leaf_size': 30, 'metric': 'minkowski', 'metric_params': None, 'n_jobs': None, 'n_neighbors': np.int64(5), 'p': 3, 'weights': 'distance'}",0.1700434684753418
Coffee,10,20,5,5,RandomForest,Time_Warping,2,"{'sigma': 0.2, 'knot': 3}",0.755,0.7620547549675827,"{'bootstrap': True, 'ccp_alpha': 0.0, 'class_weight': 'balanced', 'criterion': 'gini', 'max_depth': None, 'max_features': 'sqrt', 'max_leaf_nodes': None, 'max_samples': None, 'min_impurity_decrease': 0.0, 'min_samples_leaf': 1, 'min_samples_split': 2, 'min_weight_fraction_leaf': 0.0, 'monotonic_cst': None, 'n_estimators': 50, 'n_jobs': None, 'oob_score': False, 'random_state': 42, 'verbose': 0, 'warm_start': False}",1.8303422927856445
Coffee,10,20,5,5,LinearSVC,Time_Warping,2,"{'sigma': 0.2, 'knot': 3}",0.6483333333333333,0.6341219246461556,"{'C': np.float64(1000.0), 'class_weight': 'balanced', 'dual': False, 'fit_intercept': True, 'intercept_scaling': 1, 'loss': 'squared_hinge', 'max_iter': 100, 'multi_class': 'ovr', 'penalty': 'l2', 'random_state': 42, 'tol': 0.001, 'verbose': 0}",0.04272007942199707
Coffee,10,20,5,5,LogisticRegression,Time_Warping,2,"{'sigma': 0.2, 'knot': 3}",0.6383333333333333,0.548878942972782,"{'C': np.float64(0.000545559478116852), 'class_weight': None, 'dual': False, 'fit_intercept': True, 'intercept_scaling': 1, 'l1_ratio': None, 'max_iter': 100, 'multi_class': 'deprecated', 'n_jobs': None, 'penalty': 'l2', 'random_state': 42, 'solver': 'saga', 'tol': 0.0001, 'verbose': 0, 'warm_start': False}",0.10294532775878906
Coffee,10,20,5,5,KNN,Time_Warping,3,"{'sigma': 0.5, 'knot': 4}",0.8133333333333334,0.8270359222297656,"{'algorithm': 'auto', 'leaf_size': 30, 'metric': 'manhattan', 'metric_params': None, 'n_jobs': None, 'n_neighbors': np.int64(5), 'p': 2, 'weights': 'distance'}",0.061005592346191406
Coffee,10,20,5,5,RandomForest,Time_Warping,3,"{'sigma': 0.5, 'knot': 4}",0.7633333333333333,0.7719283517561182,"{'bootstrap': True, 'ccp_alpha': 0.0, 'class_weight': 'balanced', 'criterion': 'gini', 'max_depth': None, 'max_features': 'sqrt', 'max_leaf_nodes': None, 'max_samples': None, 'min_impurity_decrease': 0.0, 'min_samples_leaf': 1, 'min_samples_split': 2, 'min_weight_fraction_leaf': 0.0, 'monotonic_cst': None, 'n_estimators': 50, 'n_jobs': None, 'oob_score': False, 'random_state': 42, 'verbose': 0, 'warm_start': False}",2.037705659866333
Coffee,10,20,5,5,LinearSVC,Time_Warping,3,"{'sigma': 0.5, 'knot': 4}",0.6416666666666667,0.623709244654037,"{'C': np.float64(2.6366508987303554), 'class_weight': 'balanced', 'dual': False, 'fit_intercept': True, 'intercept_scaling': 1, 'loss': 'squared_hinge', 'max_iter': 100, 'multi_class': 'ovr', 'penalty': 'l1', 'random_state': 42, 'tol': 0.0001, 'verbose': 0}",0.09096503257751465
Coffee,10,20,5,5,LogisticRegression,Time_Warping,3,"{'sigma': 0.5, 'knot': 4}",0.605,0.5313436837358942,"{'C': np.float64(0.000545559478116852), 'class_weight': None, 'dual': False, 'fit_intercept': True, 'intercept_scaling': 1, 'l1_ratio': None, 'max_iter': 100, 'multi_class': 'deprecated', 'n_jobs': None, 'penalty': 'l2', 'random_state': 42, 'solver': 'saga', 'tol': 0.0001, 'verbose': 0, 'warm_start': False}",0.10533475875854492
Coffee,10,20,5,5,KNN,Time_Warping,4,"{'sigma': 0.05, 'knot': 8}",0.7866666666666666,0.7983759911909011,"{'algorithm': 'auto', 'leaf_size': 30, 'metric': 'minkowski', 'metric_params': None, 'n_jobs': None, 'n_neighbors': np.int64(5), 'p': 3, 'weights': 'distance'}",0.08662772178649902
Coffee,10,20,5,5,RandomForest,Time_Warping,4,"{'sigma': 0.05, 'knot': 8}",0.8233333333333334,0.8350888187400449,"{'bootstrap': True, 'ccp_alpha': 0.0, 'class_weight': 'balanced', 'criterion': 'gini', 'max_depth': None, 'max_features': 'sqrt', 'max_leaf_nodes': None, 'max_samples': None, 'min_impurity_decrease': 0.0, 'min_samples_leaf': 2, 'min_samples_split': 2, 'min_weight_fraction_leaf': 0.0, 'monotonic_cst': None, 'n_estimators': 150, 'n_jobs': None, 'oob_score': False, 'random_state': 42, 'verbose': 0, 'warm_start': False}",5.168992519378662
Coffee,10,20,5,5,LinearSVC,Time_Warping,4,"{'sigma': 0.05, 'knot': 8}",0.7166666666666667,0.7206434426235174,"{'C': np.float64(33.59818286283781), 'class_weight': 'balanced', 'dual': False, 'fit_intercept': True, 'intercept_scaling': 1, 'loss': 'squared_hinge', 'max_iter': 100, 'multi_class': 'ovr', 'penalty': 'l1', 'random_state': 42, 'tol': 0.001, 'verbose': 0}",0.16882991790771484
Coffee,10,20,5,5,LogisticRegression,Time_Warping,4,"{'sigma': 0.05, 'knot': 8}",0.735,0.7475641612335134,"{'C': np.float64(33.59818286283781), 'class_weight': 'balanced', 'dual': False, 'fit_intercept': True, 'intercept_scaling': 1, 'l1_ratio': None, 'max_iter': 100, 'multi_class': 'deprecated', 'n_jobs': None, 'penalty': 'l2', 'random_state': 42, 'solver': 'saga', 'tol': 0.0001, 'verbose': 0, 'warm_start': False}",0.1486666202545166
Coffee,10,20,5,5,KNN,Time_Warping,5,"{'sigma': 0.1, 'knot': 4}",0.79,0.80171679518671,"{'algorithm': 'auto', 'leaf_size': 30, 'metric': 'minkowski', 'metric_params': None, 'n_jobs': None, 'n_neighbors': np.int64(5), 'p': 3, 'weights': 'distance'}",0.16756939888000488
Coffee,10,20,5,5,RandomForest,Time_Warping,5,"{'sigma': 0.1, 'knot': 4}",0.7566666666666667,0.7635024549918167,"{'bootstrap': True, 'ccp_alpha': 0.0, 'class_weight': None, 'criterion': 'gini', 'max_depth': None, 'max_features': 'sqrt', 'max_leaf_nodes': None, 'max_samples': None, 'min_impurity_decrease': 0.0, 'min_samples_leaf': 4, 'min_samples_split': 2, 'min_weight_fraction_leaf': 0.0, 'monotonic_cst': None, 'n_estimators': 50, 'n_jobs': None, 'oob_score': False, 'random_state': 42, 'verbose': 0, 'warm_start': False}",1.6174476146697998
Coffee,10,20,5,5,LinearSVC,Time_Warping,5,"{'sigma': 0.1, 'knot': 4}",0.655,0.6399274996191677,"{'C': np.float64(1000.0), 'class_weight': 'balanced', 'dual': False, 'fit_intercept': True, 'intercept_scaling': 1, 'loss': 'squared_hinge', 'max_iter': 100, 'multi_class': 'ovr', 'penalty': 'l2', 'random_state': 42, 'tol': 0.001, 'verbose': 0}",0.050679922103881836
Coffee,10,20,5,5,LogisticRegression,Time_Warping,5,"{'sigma': 0.1, 'knot': 4}",0.645,0.6251602499951244,"{'C': np.float64(33.59818286283781), 'class_weight': 'balanced', 'dual': False, 'fit_intercept': True, 'intercept_scaling': 1, 'l1_ratio': None, 'max_iter': 100, 'multi_class': 'deprecated', 'n_jobs': None, 'penalty': 'l2', 'random_state': 42, 'solver': 'saga', 'tol': 0.0001, 'verbose': 0, 'warm_start': False}",0.12867403030395508
Coffee,10,20,5,5,KNN,Time_Warping,6,"{'sigma': 0.3, 'knot': 6}",0.7966666666666666,0.8099206349206349,"{'algorithm': 'auto', 'leaf_size': 30, 'metric': 'euclidean', 'metric_params': None, 'n_jobs': None, 'n_neighbors': np.int64(15), 'p': 2, 'weights': 'distance'}",0.04989814758300781
Coffee,10,20,5,5,RandomForest,Time_Warping,6,"{'sigma': 0.3, 'knot': 6}",0.755,0.7627366577544842,"{'bootstrap': True, 'ccp_alpha': 0.0, 'class_weight': None, 'criterion': 'gini', 'max_depth': None, 'max_features': 'sqrt', 'max_leaf_nodes': None, 'max_samples': None, 'min_impurity_decrease': 0.0, 'min_samples_leaf': 4, 'min_samples_split': 2, 'min_weight_fraction_leaf': 0.0, 'monotonic_cst': None, 'n_estimators': 50, 'n_jobs': None, 'oob_score': False, 'random_state': 42, 'verbose': 0, 'warm_start': False}",1.744901180267334
Coffee,10,20,5,5,LinearSVC,Time_Warping,6,"{'sigma': 0.3, 'knot': 6}",0.6466666666666666,0.6265334605109403,"{'C': np.float64(183.29807108324337), 'class_weight': 'balanced', 'dual': False, 'fit_intercept': True, 'intercept_scaling': 1, 'loss': 'squared_hinge', 'max_iter': 100, 'multi_class': 'ovr', 'penalty': 'l1', 'random_state': 42, 'tol': 0.0001, 'verbose': 0}",0.08956336975097656
Coffee,10,20,5,5,LogisticRegression,Time_Warping,6,"{'sigma': 0.3, 'knot': 6}",0.6466666666666666,0.6251461988304093,"{'C': np.float64(33.59818286283781), 'class_weight': 'balanced', 'dual': False, 'fit_intercept': True, 'intercept_scaling': 1, 'l1_ratio': None, 'max_iter': 100, 'multi_class': 'deprecated', 'n_jobs': None, 'penalty': 'l2', 'random_state': 42, 'solver': 'saga', 'tol': 0.0001, 'verbose': 0, 'warm_start': False}",0.11450839042663574
Coffee,10,20,5,5,KNN,Time_Warping,7,"{'sigma': 0.05, 'knot': 6}",0.785,0.7964894070542613,"{'algorithm': 'auto', 'leaf_size': 30, 'metric': 'minkowski', 'metric_params': None, 'n_jobs': None, 'n_neighbors': np.int64(5), 'p': 3, 'weights': 'distance'}",0.09564876556396484
Coffee,10,20,5,5,RandomForest,Time_Warping,7,"{'sigma': 0.05, 'knot': 6}",0.8266666666666667,0.8364650364650366,"{'bootstrap': True, 'ccp_alpha': 0.0, 'class_weight': 'balanced', 'criterion': 'gini', 'max_depth': None, 'max_features': 'sqrt', 'max_leaf_nodes': None, 'max_samples': None, 'min_impurity_decrease': 0.0, 'min_samples_leaf': 2, 'min_samples_split': 20, 'min_weight_fraction_leaf': 0.0, 'monotonic_cst': None, 'n_estimators': 150, 'n_jobs': None, 'oob_score': False, 'random_state': 42, 'verbose': 0, 'warm_start': False}",4.963487863540649
Coffee,10,20,5,5,LinearSVC,Time_Warping,7,"{'sigma': 0.05, 'knot': 6}",0.68,0.6740528464893694,"{'C': np.float64(183.29807108324337), 'class_weight': 'balanced', 'dual': False, 'fit_intercept': True, 'intercept_scaling': 1, 'loss': 'squared_hinge', 'max_iter': 100, 'multi_class': 'ovr', 'penalty': 'l1', 'random_state': 42, 'tol': 0.0001, 'verbose': 0}",0.183546781539917
Coffee,10,20,5,5,LogisticRegression,Time_Warping,7,"{'sigma': 0.05, 'knot': 6}",0.735,0.7467889194520853,"{'C': np.float64(33.59818286283781), 'class_weight': 'balanced', 'dual': False, 'fit_intercept': True, 'intercept_scaling': 1, 'l1_ratio': None, 'max_iter': 100, 'multi_class': 'deprecated', 'n_jobs': None, 'penalty': 'l2', 'random_state': 42, 'solver': 'saga', 'tol': 0.0001, 'verbose': 0, 'warm_start': False}",0.12339973449707031
Coffee,10,20,5,5,KNN,Time_Warping,8,"{'sigma': 0.3, 'knot': 6}",0.8016666666666666,0.8164985748516993,"{'algorithm': 'auto', 'leaf_size': 30, 'metric': 'manhattan', 'metric_params': None, 'n_jobs': None, 'n_neighbors': np.int64(5), 'p': 2, 'weights': 'distance'}",0.06888580322265625
Coffee,10,20,5,5,RandomForest,Time_Warping,8,"{'sigma': 0.3, 'knot': 6}",0.7633333333333333,0.7728741323880203,"{'bootstrap': True, 'ccp_alpha': 0.0, 'class_weight': 'balanced', 'criterion': 'gini', 'max_depth': None, 'max_features': 'sqrt', 'max_leaf_nodes': None, 'max_samples': None, 'min_impurity_decrease': 0.0, 'min_samples_leaf': 2, 'min_samples_split': 2, 'min_weight_fraction_leaf': 0.0, 'monotonic_cst': None, 'n_estimators': 150, 'n_jobs': None, 'oob_score': False, 'random_state': 42, 'verbose': 0, 'warm_start': False}",6.479389667510986
Coffee,10,20,5,5,LinearSVC,Time_Warping,8,"{'sigma': 0.3, 'knot': 6}",0.355,0.40754067410739075,"{'C': np.float64(0.08858667904100823), 'class_weight': None, 'dual': False, 'fit_intercept': False, 'intercept_scaling': 1, 'loss': 'squared_hinge', 'max_iter': 100, 'multi_class': 'ovr', 'penalty': 'l1', 'random_state': 42, 'tol': 0.0001, 'verbose': 0}",0.05708646774291992
Coffee,10,20,5,5,LogisticRegression,Time_Warping,8,"{'sigma': 0.3, 'knot': 6}",0.645,0.6251602499951244,"{'C': np.float64(33.59818286283781), 'class_weight': 'balanced', 'dual': False, 'fit_intercept': True, 'intercept_scaling': 1, 'l1_ratio': None, 'max_iter': 100, 'multi_class': 'deprecated', 'n_jobs': None, 'penalty': 'l2', 'random_state': 42, 'solver': 'saga', 'tol': 0.0001, 'verbose': 0, 'warm_start': False}",0.13744354248046875
Coffee,10,20,5,5,KNN,Time_Warping,9,"{'sigma': 0.1, 'knot': 6}",0.7933333333333333,0.8056427732897931,"{'algorithm': 'auto', 'leaf_size': 30, 'metric': 'minkowski', 'metric_params': None, 'n_jobs': None, 'n_neighbors': np.int64(5), 'p': 3, 'weights': 'distance'}",0.11489462852478027
Coffee,10,20,5,5,RandomForest,Time_Warping,9,"{'sigma': 0.1, 'knot': 6}",0.8366666666666667,0.8418114452597212,"{'bootstrap': True, 'ccp_alpha': 0.0, 'class_weight': 'balanced', 'criterion': 'gini', 'max_depth': None, 'max_features': 'sqrt', 'max_leaf_nodes': None, 'max_samples': None, 'min_impurity_decrease': 0.0, 'min_samples_leaf': 1, 'min_samples_split': 2, 'min_weight_fraction_leaf': 0.0, 'monotonic_cst': None, 'n_estimators': 50, 'n_jobs': None, 'oob_score': False, 'random_state': 42, 'verbose': 0, 'warm_start': False}",2.0157885551452637
Coffee,10,20,5,5,LinearSVC,Time_Warping,9,"{'sigma': 0.1, 'knot': 6}",0.6516666666666666,0.6311518919928907,"{'C': np.float64(2.6366508987303554), 'class_weight': 'balanced', 'dual': False, 'fit_intercept': True, 'intercept_scaling': 1, 'loss': 'squared_hinge', 'max_iter': 100, 'multi_class': 'ovr', 'penalty': 'l1', 'random_state': 42, 'tol': 0.0001, 'verbose': 0}",0.16745829582214355
Coffee,10,20,5,5,LogisticRegression,Time_Warping,9,"{'sigma': 0.1, 'knot': 6}",0.6483333333333333,0.6268900973419811,"{'C': np.float64(33.59818286283781), 'class_weight': 'balanced', 'dual': False, 'fit_intercept': True, 'intercept_scaling': 1, 'l1_ratio': None, 'max_iter': 100, 'multi_class': 'deprecated', 'n_jobs': None, 'penalty': 'l2', 'random_state': 42, 'solver': 'saga', 'tol': 0.0001, 'verbose': 0, 'warm_start': False}",0.14269781112670898
Coffee,10,20,5,5,KNN,Time_Warping,10,"{'sigma': 0.1, 'knot': 8}",0.7866666666666666,0.7983759911909011,"{'algorithm': 'auto', 'leaf_size': 30, 'metric': 'minkowski', 'metric_params': None, 'n_jobs': None, 'n_neighbors': np.int64(5), 'p': 3, 'weights': 'distance'}",0.13320231437683105
Coffee,10,20,5,5,RandomForest,Time_Warping,10,"{'sigma': 0.1, 'knot': 8}",0.815,0.8231757569926005,"{'bootstrap': True, 'ccp_alpha': 0.0, 'class_weight': 'balanced', 'criterion': 'gini', 'max_depth': None, 'max_features': 'sqrt', 'max_leaf_nodes': None, 'max_samples': None, 'min_impurity_decrease': 0.0, 'min_samples_leaf': 2, 'min_samples_split': 2, 'min_weight_fraction_leaf': 0.0, 'monotonic_cst': None, 'n_estimators': 150, 'n_jobs': None, 'oob_score': False, 'random_state': 42, 'verbose': 0, 'warm_start': False}",5.281073331832886
Coffee,10,20,5,5,LinearSVC,Time_Warping,10,"{'sigma': 0.1, 'knot': 8}",0.6683333333333333,0.6591959531918994,"{'C': np.float64(2.6366508987303554), 'class_weight': 'balanced', 'dual': False, 'fit_intercept': True, 'intercept_scaling': 1, 'loss': 'squared_hinge', 'max_iter': 100, 'multi_class': 'ovr', 'penalty': 'l1', 'random_state': 42, 'tol': 0.0001, 'verbose': 0}",0.1825857162475586
Coffee,10,20,5,5,LogisticRegression,Time_Warping,10,"{'sigma': 0.1, 'knot': 8}",0.6766666666666666,0.6709485359900174,"{'C': np.float64(33.59818286283781), 'class_weight': 'balanced', 'dual': False, 'fit_intercept': True, 'intercept_scaling': 1, 'l1_ratio': None, 'max_iter': 100, 'multi_class': 'deprecated', 'n_jobs': None, 'penalty': 'l2', 'random_state': 42, 'solver': 'saga', 'tol': 0.0001, 'verbose': 0, 'warm_start': False}",0.12752580642700195
Coffee,10,20,5,10,KNN,Time_Warping,1,"{'sigma': 0.2, 'knot': 4}",0.79,0.8023047262854294,"{'algorithm': 'auto', 'leaf_size': 30, 'metric': 'minkowski', 'metric_params': None, 'n_jobs': None, 'n_neighbors': 5, 'p': 2, 'weights': 'uniform'}",0.12182474136352539
Coffee,10,20,5,10,RandomForest,Time_Warping,1,"{'sigma': 0.2, 'knot': 4}",0.7633333333333333,0.7695067373383893,"{'bootstrap': True, 'ccp_alpha': 0.0, 'class_weight': None, 'criterion': 'gini', 'max_depth': None, 'max_features': 'sqrt', 'max_leaf_nodes': None, 'max_samples': None, 'min_impurity_decrease': 0.0, 'min_samples_leaf': 1, 'min_samples_split': 2, 'min_weight_fraction_leaf': 0.0, 'monotonic_cst': None, 'n_estimators': 100, 'n_jobs': None, 'oob_score': False, 'random_state': 42, 'verbose': 0, 'warm_start': False}",8.32282280921936
Coffee,10,20,5,10,LinearSVC,Time_Warping,1,"{'sigma': 0.2, 'knot': 4}",0.6316666666666667,0.6130350248909762,"{'C': 1.0, 'class_weight': None, 'dual': False, 'fit_intercept': True, 'intercept_scaling': 1, 'loss': 'squared_hinge', 'max_iter': 100, 'multi_class': 'ovr', 'penalty': 'l2', 'random_state': 42, 'tol': 0.0001, 'verbose': 0}",0.09444713592529297
Coffee,10,20,5,10,LogisticRegression,Time_Warping,1,"{'sigma': 0.2, 'knot': 4}",0.64,0.6196264327154379,"{'C': 1.0, 'class_weight': None, 'dual': False, 'fit_intercept': True, 'intercept_scaling': 1, 'l1_ratio': None, 'max_iter': 100, 'multi_class': 'deprecated', 'n_jobs': None, 'penalty': 'l2', 'random_state': 42, 'solver': 'lbfgs', 'tol': 0.0001, 'verbose': 0, 'warm_start': False}",0.16413164138793945
Coffee,10,20,5,10,KNN,Time_Warping,2,"{'sigma': 0.2, 'knot': 3}",0.8066666666666666,0.8203467348115739,"{'algorithm': 'auto', 'leaf_size': 30, 'metric': 'minkowski', 'metric_params': None, 'n_jobs': None, 'n_neighbors': 5, 'p': 2, 'weights': 'uniform'}",0.1023249626159668
Coffee,10,20,5,10,RandomForest,Time_Warping,2,"{'sigma': 0.2, 'knot': 3}",0.7666666666666667,0.7770011585879427,"{'bootstrap': True, 'ccp_alpha': 0.0, 'class_weight': None, 'criterion': 'gini', 'max_depth': None, 'max_features': 'sqrt', 'max_leaf_nodes': None, 'max_samples': None, 'min_impurity_decrease': 0.0, 'min_samples_leaf': 1, 'min_samples_split': 2, 'min_weight_fraction_leaf': 0.0, 'monotonic_cst': None, 'n_estimators': 100, 'n_jobs': None, 'oob_score': False, 'random_state': 42, 'verbose': 0, 'warm_start': False}",8.239507913589478
Coffee,10,20,5,10,LinearSVC,Time_Warping,2,"{'sigma': 0.2, 'knot': 3}",0.6233333333333333,0.608269619846911,"{'C': 1.0, 'class_weight': None, 'dual': False, 'fit_intercept': True, 'intercept_scaling': 1, 'loss': 'squared_hinge', 'max_iter': 100, 'multi_class': 'ovr', 'penalty': 'l2', 'random_state': 42, 'tol': 0.0001, 'verbose': 0}",0.08952808380126953
Coffee,10,20,5,10,LogisticRegression,Time_Warping,2,"{'sigma': 0.2, 'knot': 3}",0.6316666666666667,0.6140619400893373,"{'C': 1.0, 'class_weight': None, 'dual': False, 'fit_intercept': True, 'intercept_scaling': 1, 'l1_ratio': None, 'max_iter': 100, 'multi_class': 'deprecated', 'n_jobs': None, 'penalty': 'l2', 'random_state': 42, 'solver': 'lbfgs', 'tol': 0.0001, 'verbose': 0, 'warm_start': False}",0.15811920166015625
Coffee,10,20,5,10,KNN,Time_Warping,3,"{'sigma': 0.5, 'knot': 4}",0.8033333333333333,0.8166127155221116,"{'algorithm': 'auto', 'leaf_size': 30, 'metric': 'minkowski', 'metric_params': None, 'n_jobs': None, 'n_neighbors': 5, 'p': 2, 'weights': 'uniform'}",0.10712814331054688
Coffee,10,20,5,10,RandomForest,Time_Warping,3,"{'sigma': 0.5, 'knot': 4}",0.7733333333333333,0.7841291807943077,"{'bootstrap': True, 'ccp_alpha': 0.0, 'class_weight': None, 'criterion': 'gini', 'max_depth': None, 'max_features': 'sqrt', 'max_leaf_nodes': None, 'max_samples': None, 'min_impurity_decrease': 0.0, 'min_samples_leaf': 1, 'min_samples_split': 2, 'min_weight_fraction_leaf': 0.0, 'monotonic_cst': None, 'n_estimators': 100, 'n_jobs': None, 'oob_score': False, 'random_state': 42, 'verbose': 0, 'warm_start': False}",9.213833332061768
Coffee,10,20,5,10,LinearSVC,Time_Warping,3,"{'sigma': 0.5, 'knot': 4}",0.6066666666666667,0.5923398005378893,"{'C': 1.0, 'class_weight': None, 'dual': False, 'fit_intercept': True, 'intercept_scaling': 1, 'loss': 'squared_hinge', 'max_iter': 100, 'multi_class': 'ovr', 'penalty': 'l2', 'random_state': 42, 'tol': 0.0001, 'verbose': 0}",0.08923673629760742
Coffee,10,20,5,10,LogisticRegression,Time_Warping,3,"{'sigma': 0.5, 'knot': 4}",0.635,0.6154898838968211,"{'C': 1.0, 'class_weight': None, 'dual': False, 'fit_intercept': True, 'intercept_scaling': 1, 'l1_ratio': None, 'max_iter': 100, 'multi_class': 'deprecated', 'n_jobs': None, 'penalty': 'l2', 'random_state': 42, 'solver': 'lbfgs', 'tol': 0.0001, 'verbose': 0, 'warm_start': False}",0.12598228454589844
Coffee,10,20,5,10,KNN,Time_Warping,4,"{'sigma': 0.05, 'knot': 8}",0.7966666666666666,0.8094092378855442,"{'algorithm': 'auto', 'leaf_size': 30, 'metric': 'minkowski', 'metric_params': None, 'n_jobs': None, 'n_neighbors': 5, 'p': 2, 'weights': 'uniform'}",0.10769510269165039
Coffee,10,20,5,10,RandomForest,Time_Warping,4,"{'sigma': 0.05, 'knot': 8}",0.81,0.821188829704389,"{'bootstrap': True, 'ccp_alpha': 0.0, 'class_weight': None, 'criterion': 'gini', 'max_depth': None, 'max_features': 'sqrt', 'max_leaf_nodes': None, 'max_samples': None, 'min_impurity_decrease': 0.0, 'min_samples_leaf': 1, 'min_samples_split': 2, 'min_weight_fraction_leaf': 0.0, 'monotonic_cst': None, 'n_estimators': 100, 'n_jobs': None, 'oob_score': False, 'random_state': 42, 'verbose': 0, 'warm_start': False}",8.054629802703857
Coffee,10,20,5,10,LinearSVC,Time_Warping,4,"{'sigma': 0.05, 'knot': 8}",0.8216666666666667,0.8198679290692833,"{'C': 1.0, 'class_weight': None, 'dual': False, 'fit_intercept': True, 'intercept_scaling': 1, 'loss': 'squared_hinge', 'max_iter': 100, 'multi_class': 'ovr', 'penalty': 'l2', 'random_state': 42, 'tol': 0.0001, 'verbose': 0}",0.1407303810119629
Coffee,10,20,5,10,LogisticRegression,Time_Warping,4,"{'sigma': 0.05, 'knot': 8}",0.7566666666666667,0.76814470452836,"{'C': 1.0, 'class_weight': None, 'dual': False, 'fit_intercept': True, 'intercept_scaling': 1, 'l1_ratio': None, 'max_iter': 100, 'multi_class': 'deprecated', 'n_jobs': None, 'penalty': 'l2', 'random_state': 42, 'solver': 'lbfgs', 'tol': 0.0001, 'verbose': 0, 'warm_start': False}",0.3433051109313965
Coffee,10,20,5,10,KNN,Time_Warping,5,"{'sigma': 0.1, 'knot': 4}",0.79,0.8026484596883757,"{'algorithm': 'auto', 'leaf_size': 30, 'metric': 'minkowski', 'metric_params': None, 'n_jobs': None, 'n_neighbors': 5, 'p': 2, 'weights': 'uniform'}",0.11162114143371582
Coffee,10,20,5,10,RandomForest,Time_Warping,5,"{'sigma': 0.1, 'knot': 4}",0.7866666666666666,0.8000655728556281,"{'bootstrap': True, 'ccp_alpha': 0.0, 'class_weight': None, 'criterion': 'gini', 'max_depth': None, 'max_features': 'sqrt', 'max_leaf_nodes': None, 'max_samples': None, 'min_impurity_decrease': 0.0, 'min_samples_leaf': 1, 'min_samples_split': 2, 'min_weight_fraction_leaf': 0.0, 'monotonic_cst': None, 'n_estimators': 100, 'n_jobs': None, 'oob_score': False, 'random_state': 42, 'verbose': 0, 'warm_start': False}",8.300694942474365
Coffee,10,20,5,10,LinearSVC,Time_Warping,5,"{'sigma': 0.1, 'knot': 4}",0.6466666666666666,0.6275993582548328,"{'C': 1.0, 'class_weight': None, 'dual': False, 'fit_intercept': True, 'intercept_scaling': 1, 'loss': 'squared_hinge', 'max_iter': 100, 'multi_class': 'ovr', 'penalty': 'l2', 'random_state': 42, 'tol': 0.0001, 'verbose': 0}",0.09786605834960938
Coffee,10,20,5,10,LogisticRegression,Time_Warping,5,"{'sigma': 0.1, 'knot': 4}",0.6433333333333333,0.6242029499007777,"{'C': 1.0, 'class_weight': None, 'dual': False, 'fit_intercept': True, 'intercept_scaling': 1, 'l1_ratio': None, 'max_iter': 100, 'multi_class': 'deprecated', 'n_jobs': None, 'penalty': 'l2', 'random_state': 42, 'solver': 'lbfgs', 'tol': 0.0001, 'verbose': 0, 'warm_start': False}",0.2003648281097412
Coffee,10,20,5,10,KNN,Time_Warping,6,"{'sigma': 0.3, 'knot': 6}",0.795,0.8073542615489173,"{'algorithm': 'auto', 'leaf_size': 30, 'metric': 'minkowski', 'metric_params': None, 'n_jobs': None, 'n_neighbors': 5, 'p': 2, 'weights': 'uniform'}",0.10509538650512695
Coffee,10,20,5,10,RandomForest,Time_Warping,6,"{'sigma': 0.3, 'knot': 6}",0.78,0.7897375397313853,"{'bootstrap': True, 'ccp_alpha': 0.0, 'class_weight': None, 'criterion': 'gini', 'max_depth': None, 'max_features': 'sqrt', 'max_leaf_nodes': None, 'max_samples': None, 'min_impurity_decrease': 0.0, 'min_samples_leaf': 1, 'min_samples_split': 2, 'min_weight_fraction_leaf': 0.0, 'monotonic_cst': None, 'n_estimators': 100, 'n_jobs': None, 'oob_score': False, 'random_state': 42, 'verbose': 0, 'warm_start': False}",8.71357798576355
Coffee,10,20,5,10,LinearSVC,Time_Warping,6,"{'sigma': 0.3, 'knot': 6}",0.625,0.6099184665049215,"{'C': 1.0, 'class_weight': None, 'dual': False, 'fit_intercept': True, 'intercept_scaling': 1, 'loss': 'squared_hinge', 'max_iter': 100, 'multi_class': 'ovr', 'penalty': 'l2', 'random_state': 42, 'tol': 0.0001, 'verbose': 0}",0.09098339080810547
Coffee,10,20,5,10,LogisticRegression,Time_Warping,6,"{'sigma': 0.3, 'knot': 6}",0.6366666666666667,0.6183121176598799,"{'C': 1.0, 'class_weight': None, 'dual': False, 'fit_intercept': True, 'intercept_scaling': 1, 'l1_ratio': None, 'max_iter': 100, 'multi_class': 'deprecated', 'n_jobs': None, 'penalty': 'l2', 'random_state': 42, 'solver': 'lbfgs', 'tol': 0.0001, 'verbose': 0, 'warm_start': False}",0.16638827323913574
Coffee,10,20,5,10,KNN,Time_Warping,7,"{'sigma': 0.05, 'knot': 6}",0.8066666666666666,0.8204167540705302,"{'algorithm': 'auto', 'leaf_size': 30, 'metric': 'minkowski', 'metric_params': None, 'n_jobs': None, 'n_neighbors': 5, 'p': 2, 'weights': 'uniform'}",0.08724260330200195
Coffee,10,20,5,10,RandomForest,Time_Warping,7,"{'sigma': 0.05, 'knot': 6}",0.8083333333333333,0.8193344604538635,"{'bootstrap': True, 'ccp_alpha': 0.0, 'class_weight': None, 'criterion': 'gini', 'max_depth': None, 'max_features': 'sqrt', 'max_leaf_nodes': None, 'max_samples': None, 'min_impurity_decrease': 0.0, 'min_samples_leaf': 1, 'min_samples_split': 2, 'min_weight_fraction_leaf': 0.0, 'monotonic_cst': None, 'n_estimators': 100, 'n_jobs': None, 'oob_score': False, 'random_state': 42, 'verbose': 0, 'warm_start': False}",7.97535514831543
Coffee,10,20,5,10,LinearSVC,Time_Warping,7,"{'sigma': 0.05, 'knot': 6}",0.7733333333333333,0.7656084172982025,"{'C': 1.0, 'class_weight': None, 'dual': False, 'fit_intercept': True, 'intercept_scaling': 1, 'loss': 'squared_hinge', 'max_iter': 100, 'multi_class': 'ovr', 'penalty': 'l2', 'random_state': 42, 'tol': 0.0001, 'verbose': 0}",0.12353754043579102
Coffee,10,20,5,10,LogisticRegression,Time_Warping,7,"{'sigma': 0.05, 'knot': 6}",0.7633333333333333,0.7742859490936413,"{'C': 1.0, 'class_weight': None, 'dual': False, 'fit_intercept': True, 'intercept_scaling': 1, 'l1_ratio': None, 'max_iter': 100, 'multi_class': 'deprecated', 'n_jobs': None, 'penalty': 'l2', 'random_state': 42, 'solver': 'lbfgs', 'tol': 0.0001, 'verbose': 0, 'warm_start': False}",0.5347154140472412
Coffee,10,20,5,10,KNN,Time_Warping,8,"{'sigma': 0.3, 'knot': 6}",0.8033333333333333,0.8173958977530406,"{'algorithm': 'auto', 'leaf_size': 30, 'metric': 'minkowski', 'metric_params': None, 'n_jobs': None, 'n_neighbors': 5, 'p': 2, 'weights': 'uniform'}",0.10373544692993164
Coffee,10,20,5,10,RandomForest,Time_Warping,8,"{'sigma': 0.3, 'knot': 6}",0.7816666666666666,0.7903853330783912,"{'bootstrap': True, 'ccp_alpha': 0.0, 'class_weight': None, 'criterion': 'gini', 'max_depth': None, 'max_features': 'sqrt', 'max_leaf_nodes': None, 'max_samples': None, 'min_impurity_decrease': 0.0, 'min_samples_leaf': 1, 'min_samples_split': 2, 'min_weight_fraction_leaf': 0.0, 'monotonic_cst': None, 'n_estimators': 100, 'n_jobs': None, 'oob_score': False, 'random_state': 42, 'verbose': 0, 'warm_start': False}",8.517024517059326
Coffee,10,20,5,10,LinearSVC,Time_Warping,8,"{'sigma': 0.3, 'knot': 6}",0.6283333333333333,0.6113947444260532,"{'C': 1.0, 'class_weight': None, 'dual': False, 'fit_intercept': True, 'intercept_scaling': 1, 'loss': 'squared_hinge', 'max_iter': 100, 'multi_class': 'ovr', 'penalty': 'l2', 'random_state': 42, 'tol': 0.0001, 'verbose': 0}",0.08879303932189941
Coffee,10,20,5,10,LogisticRegression,Time_Warping,8,"{'sigma': 0.3, 'knot': 6}",0.6333333333333333,0.614094796949826,"{'C': 1.0, 'class_weight': None, 'dual': False, 'fit_intercept': True, 'intercept_scaling': 1, 'l1_ratio': None, 'max_iter': 100, 'multi_class': 'deprecated', 'n_jobs': None, 'penalty': 'l2', 'random_state': 42, 'solver': 'lbfgs', 'tol': 0.0001, 'verbose': 0, 'warm_start': False}",0.13806486129760742
Coffee,10,20,5,10,KNN,Time_Warping,9,"{'sigma': 0.1, 'knot': 6}",0.7816666666666666,0.7934625760712717,"{'algorithm': 'auto', 'leaf_size': 30, 'metric': 'minkowski', 'metric_params': None, 'n_jobs': None, 'n_neighbors': 5, 'p': 2, 'weights': 'uniform'}",0.09856152534484863
Coffee,10,20,5,10,RandomForest,Time_Warping,9,"{'sigma': 0.1, 'knot': 6}",0.7883333333333333,0.7970480816197401,"{'bootstrap': True, 'ccp_alpha': 0.0, 'class_weight': None, 'criterion': 'gini', 'max_depth': None, 'max_features': 'sqrt', 'max_leaf_nodes': None, 'max_samples': None, 'min_impurity_decrease': 0.0, 'min_samples_leaf': 1, 'min_samples_split': 2, 'min_weight_fraction_leaf': 0.0, 'monotonic_cst': None, 'n_estimators': 100, 'n_jobs': None, 'oob_score': False, 'random_state': 42, 'verbose': 0, 'warm_start': False}",7.979808807373047
Coffee,10,20,5,10,LinearSVC,Time_Warping,9,"{'sigma': 0.1, 'knot': 6}",0.67,0.6481214895911177,"{'C': 1.0, 'class_weight': None, 'dual': False, 'fit_intercept': True, 'intercept_scaling': 1, 'loss': 'squared_hinge', 'max_iter': 100, 'multi_class': 'ovr', 'penalty': 'l2', 'random_state': 42, 'tol': 0.0001, 'verbose': 0}",0.13730907440185547
Coffee,10,20,5,10,LogisticRegression,Time_Warping,9,"{'sigma': 0.1, 'knot': 6}",0.6433333333333333,0.6243353790902635,"{'C': 1.0, 'class_weight': None, 'dual': False, 'fit_intercept': True, 'intercept_scaling': 1, 'l1_ratio': None, 'max_iter': 100, 'multi_class': 'deprecated', 'n_jobs': None, 'penalty': 'l2', 'random_state': 42, 'solver': 'lbfgs', 'tol': 0.0001, 'verbose': 0, 'warm_start': False}",0.7732594013214111
Coffee,10,20,5,10,KNN,Time_Warping,10,"{'sigma': 0.1, 'knot': 8}",0.7966666666666666,0.8093307074067702,"{'algorithm': 'auto', 'leaf_size': 30, 'metric': 'minkowski', 'metric_params': None, 'n_jobs': None, 'n_neighbors': 5, 'p': 2, 'weights': 'uniform'}",0.09928417205810547
Coffee,10,20,5,10,RandomForest,Time_Warping,10,"{'sigma': 0.1, 'knot': 8}",0.7916666666666666,0.8036073771024093,"{'bootstrap': True, 'ccp_alpha': 0.0, 'class_weight': None, 'criterion': 'gini', 'max_depth': None, 'max_features': 'sqrt', 'max_leaf_nodes': None, 'max_samples': None, 'min_impurity_decrease': 0.0, 'min_samples_leaf': 1, 'min_samples_split': 2, 'min_weight_fraction_leaf': 0.0, 'monotonic_cst': None, 'n_estimators': 100, 'n_jobs': None, 'oob_score': False, 'random_state': 42, 'verbose': 0, 'warm_start': False}",7.930379867553711
Coffee,10,20,5,10,LinearSVC,Time_Warping,10,"{'sigma': 0.1, 'knot': 8}",0.6783333333333333,0.655509759608502,"{'C': 1.0, 'class_weight': None, 'dual': False, 'fit_intercept': True, 'intercept_scaling': 1, 'loss': 'squared_hinge', 'max_iter': 100, 'multi_class': 'ovr', 'penalty': 'l2', 'random_state': 42, 'tol': 0.0001, 'verbose': 0}",0.12241697311401367
Coffee,10,20,5,10,LogisticRegression,Time_Warping,10,"{'sigma': 0.1, 'knot': 8}",0.6583333333333333,0.6454251734084846,"{'C': 1.0, 'class_weight': None, 'dual': False, 'fit_intercept': True, 'intercept_scaling': 1, 'l1_ratio': None, 'max_iter': 100, 'multi_class': 'deprecated', 'n_jobs': None, 'penalty': 'l2', 'random_state': 42, 'solver': 'lbfgs', 'tol': 0.0001, 'verbose': 0, 'warm_start': False}",0.2749147415161133
Coffee,10,20,6,1,KNN,Baseline,N/A,N/A,0.9266666666666666,0.9284045785055202,"{'algorithm': 'auto', 'leaf_size': 30, 'metric': 'minkowski', 'metric_params': None, 'n_jobs': None, 'n_neighbors': 5, 'p': 2, 'weights': 'uniform'}",0.03415560722351074
Coffee,10,20,6,1,KNN,Tuned_Baseline,N/A,N/A,0.87,0.8769216188520255,"{'algorithm': 'auto', 'leaf_size': 30, 'metric': 'chebyshev', 'metric_params': None, 'n_jobs': None, 'n_neighbors': np.int64(11), 'p': 2, 'weights': 'distance'}",0.003983497619628906
Coffee,10,20,6,1,RandomForest,Baseline,N/A,N/A,0.875,0.8791003720766961,"{'bootstrap': True, 'ccp_alpha': 0.0, 'class_weight': None, 'criterion': 'gini', 'max_depth': None, 'max_features': 'sqrt', 'max_leaf_nodes': None, 'max_samples': None, 'min_impurity_decrease': 0.0, 'min_samples_leaf': 1, 'min_samples_split': 2, 'min_weight_fraction_leaf': 0.0, 'monotonic_cst': None, 'n_estimators': 100, 'n_jobs': None, 'oob_score': False, 'random_state': 42, 'verbose': 0, 'warm_start': False}",0.6403226852416992
Coffee,10,20,6,1,RandomForest,Tuned_Baseline,N/A,N/A,0.86,0.8625342124409281,"{'bootstrap': True, 'ccp_alpha': 0.0, 'class_weight': 'balanced', 'criterion': 'gini', 'max_depth': 10, 'max_features': 'sqrt', 'max_leaf_nodes': None, 'max_samples': None, 'min_impurity_decrease': 0.0, 'min_samples_leaf': 2, 'min_samples_split': 5, 'min_weight_fraction_leaf': 0.0, 'monotonic_cst': None, 'n_estimators': 50, 'n_jobs': None, 'oob_score': False, 'random_state': 42, 'verbose': 0, 'warm_start': False}",0.0031423568725585938
Coffee,10,20,6,1,LinearSVC,Baseline,N/A,N/A,0.765,0.7717694235588972,"{'C': 1.0, 'class_weight': None, 'dual': False, 'fit_intercept': True, 'intercept_scaling': 1, 'loss': 'squared_hinge', 'max_iter': 100, 'multi_class': 'ovr', 'penalty': 'l2', 'random_state': 42, 'tol': 0.0001, 'verbose': 0}",0.013729572296142578
Coffee,10,20,6,1,LinearSVC,Tuned_Baseline,N/A,N/A,0.7583333333333333,0.7649254755418012,"{'C': np.float64(6.1584821106602545), 'class_weight': None, 'dual': False, 'fit_intercept': True, 'intercept_scaling': 1, 'loss': 'squared_hinge', 'max_iter': 100, 'multi_class': 'ovr', 'penalty': 'l2', 'random_state': 42, 'tol': 0.0001, 'verbose': 0}",0.0001838207244873047
Coffee,10,20,6,1,LogisticRegression,Baseline,N/A,N/A,0.7516666666666667,0.7635111370511516,"{'C': 1.0, 'class_weight': None, 'dual': False, 'fit_intercept': True, 'intercept_scaling': 1, 'l1_ratio': None, 'max_iter': 100, 'multi_class': 'deprecated', 'n_jobs': None, 'penalty': 'l2', 'random_state': 42, 'solver': 'lbfgs', 'tol': 0.0001, 'verbose': 0, 'warm_start': False}",0.07447624206542969
Coffee,10,20,6,1,LogisticRegression,Tuned_Baseline,N/A,N/A,0.7433333333333333,0.7539037702748399,"{'C': np.float64(33.59818286283781), 'class_weight': None, 'dual': False, 'fit_intercept': True, 'intercept_scaling': 1, 'l1_ratio': None, 'max_iter': 100, 'multi_class': 'deprecated', 'n_jobs': None, 'penalty': 'l2', 'random_state': 42, 'solver': 'saga', 'tol': 0.0001, 'verbose': 0, 'warm_start': False}",0.0002989768981933594
Coffee,10,20,6,1,RNN,Tuned_Baseline,N/A,N/A,0.16666666666666666,0.047619047619047616,"{'hidden_size': 64, 'epochs': 10, 'batch_size': 32, 'lr': 0.001}",6.461143493652344e-05
Coffee,10,20,6,2,KNN,Time_Warping,1,"{'sigma': 0.2, 'knot': 4}",0.8933333333333333,0.8984718162377129,"{'algorithm': 'auto', 'leaf_size': 30, 'metric': 'chebyshev', 'metric_params': None, 'n_jobs': None, 'n_neighbors': np.int64(5), 'p': 2, 'weights': 'uniform'}",0.030226707458496094
Coffee,10,20,6,2,RandomForest,Time_Warping,1,"{'sigma': 0.2, 'knot': 4}",0.87,0.8731135881953386,"{'bootstrap': True, 'ccp_alpha': 0.0, 'class_weight': 'balanced', 'criterion': 'gini', 'max_depth': 30, 'max_features': 'sqrt', 'max_leaf_nodes': None, 'max_samples': None, 'min_impurity_decrease': 0.0, 'min_samples_leaf': 1, 'min_samples_split': 2, 'min_weight_fraction_leaf': 0.0, 'monotonic_cst': None, 'n_estimators': 150, 'n_jobs': None, 'oob_score': False, 'random_state': 42, 'verbose': 0, 'warm_start': False}",2.1348917484283447
Coffee,10,20,6,2,LinearSVC,Time_Warping,1,"{'sigma': 0.2, 'knot': 4}",0.6466666666666666,0.6241666223335326,"{'C': np.float64(33.59818286283781), 'class_weight': 'balanced', 'dual': False, 'fit_intercept': True, 'intercept_scaling': 1, 'loss': 'squared_hinge', 'max_iter': 100, 'multi_class': 'ovr', 'penalty': 'l1', 'random_state': 42, 'tol': 0.0001, 'verbose': 0}",0.061611175537109375
Coffee,10,20,6,2,LogisticRegression,Time_Warping,1,"{'sigma': 0.2, 'knot': 4}",0.6516666666666666,0.6286182968290603,"{'C': np.float64(33.59818286283781), 'class_weight': None, 'dual': False, 'fit_intercept': True, 'intercept_scaling': 1, 'l1_ratio': None, 'max_iter': 100, 'multi_class': 'deprecated', 'n_jobs': None, 'penalty': 'l2', 'random_state': 42, 'solver': 'saga', 'tol': 0.0001, 'verbose': 0, 'warm_start': False}",0.04327869415283203
Coffee,10,20,6,2,KNN,Time_Warping,2,"{'sigma': 0.2, 'knot': 3}",0.8866666666666667,0.8921763567432858,"{'algorithm': 'auto', 'leaf_size': 30, 'metric': 'chebyshev', 'metric_params': None, 'n_jobs': None, 'n_neighbors': np.int64(5), 'p': 2, 'weights': 'uniform'}",0.0398097038269043
Coffee,10,20,6,2,RandomForest,Time_Warping,2,"{'sigma': 0.2, 'knot': 3}",0.8566666666666667,0.8560734456156622,"{'bootstrap': True, 'ccp_alpha': 0.0, 'class_weight': 'balanced', 'criterion': 'gini', 'max_depth': 20, 'max_features': 'sqrt', 'max_leaf_nodes': None, 'max_samples': None, 'min_impurity_decrease': 0.0, 'min_samples_leaf': 1, 'min_samples_split': 2, 'min_weight_fraction_leaf': 0.0, 'monotonic_cst': None, 'n_estimators': 50, 'n_jobs': None, 'oob_score': False, 'random_state': 42, 'verbose': 0, 'warm_start': False}",0.7977347373962402
Coffee,10,20,6,2,LinearSVC,Time_Warping,2,"{'sigma': 0.2, 'knot': 3}",0.63,0.611548838267434,"{'C': np.float64(33.59818286283781), 'class_weight': 'balanced', 'dual': False, 'fit_intercept': True, 'intercept_scaling': 1, 'loss': 'squared_hinge', 'max_iter': 100, 'multi_class': 'ovr', 'penalty': 'l1', 'random_state': 42, 'tol': 0.0001, 'verbose': 0}",0.043875932693481445
Coffee,10,20,6,2,LogisticRegression,Time_Warping,2,"{'sigma': 0.2, 'knot': 3}",0.63,0.6113385821530145,"{'C': np.float64(33.59818286283781), 'class_weight': None, 'dual': False, 'fit_intercept': True, 'intercept_scaling': 1, 'l1_ratio': None, 'max_iter': 100, 'multi_class': 'deprecated', 'n_jobs': None, 'penalty': 'l2', 'random_state': 42, 'solver': 'saga', 'tol': 0.0001, 'verbose': 0, 'warm_start': False}",0.0352783203125
Coffee,10,20,6,2,KNN,Time_Warping,3,"{'sigma': 0.5, 'knot': 4}",0.9133333333333333,0.9160052965260548,"{'algorithm': 'auto', 'leaf_size': 30, 'metric': 'euclidean', 'metric_params': None, 'n_jobs': None, 'n_neighbors': np.int64(9), 'p': 2, 'weights': 'distance'}",0.019260644912719727
Coffee,10,20,6,2,RandomForest,Time_Warping,3,"{'sigma': 0.5, 'knot': 4}",0.845,0.8440510447828047,"{'bootstrap': True, 'ccp_alpha': 0.0, 'class_weight': 'balanced', 'criterion': 'gini', 'max_depth': 30, 'max_features': 'sqrt', 'max_leaf_nodes': None, 'max_samples': None, 'min_impurity_decrease': 0.0, 'min_samples_leaf': 1, 'min_samples_split': 2, 'min_weight_fraction_leaf': 0.0, 'monotonic_cst': None, 'n_estimators': 150, 'n_jobs': None, 'oob_score': False, 'random_state': 42, 'verbose': 0, 'warm_start': False}",2.2370553016662598
Coffee,10,20,6,2,LinearSVC,Time_Warping,3,"{'sigma': 0.5, 'knot': 4}",0.6233333333333333,0.6057113726127811,"{'C': np.float64(2.6366508987303554), 'class_weight': 'balanced', 'dual': False, 'fit_intercept': True, 'intercept_scaling': 1, 'loss': 'squared_hinge', 'max_iter': 100, 'multi_class': 'ovr', 'penalty': 'l1', 'random_state': 42, 'tol': 0.0001, 'verbose': 0}",0.04209780693054199
Coffee,10,20,6,2,LogisticRegression,Time_Warping,3,"{'sigma': 0.5, 'knot': 4}",0.6633333333333333,0.6387834387834388,"{'C': np.float64(33.59818286283781), 'class_weight': 'balanced', 'dual': False, 'fit_intercept': True, 'intercept_scaling': 1, 'l1_ratio': None, 'max_iter': 100, 'multi_class': 'deprecated', 'n_jobs': None, 'penalty': 'l2', 'random_state': 42, 'solver': 'saga', 'tol': 0.0001, 'verbose': 0, 'warm_start': False}",0.051705360412597656
Coffee,10,20,6,2,KNN,Time_Warping,4,"{'sigma': 0.05, 'knot': 8}",0.915,0.9175243300293403,"{'algorithm': 'auto', 'leaf_size': 30, 'metric': 'euclidean', 'metric_params': None, 'n_jobs': None, 'n_neighbors': np.int64(9), 'p': 2, 'weights': 'distance'}",0.017787694931030273
Coffee,10,20,6,2,RandomForest,Time_Warping,4,"{'sigma': 0.05, 'knot': 8}",0.8816666666666667,0.8838774799365933,"{'bootstrap': True, 'ccp_alpha': 0.0, 'class_weight': 'balanced', 'criterion': 'gini', 'max_depth': None, 'max_features': 'sqrt', 'max_leaf_nodes': None, 'max_samples': None, 'min_impurity_decrease': 0.0, 'min_samples_leaf': 1, 'min_samples_split': 2, 'min_weight_fraction_leaf': 0.0, 'monotonic_cst': None, 'n_estimators': 50, 'n_jobs': None, 'oob_score': False, 'random_state': 42, 'verbose': 0, 'warm_start': False}",0.6754639148712158
Coffee,10,20,6,2,LinearSVC,Time_Warping,4,"{'sigma': 0.05, 'knot': 8}",0.7316666666666667,0.735054262166491,"{'C': np.float64(2.6366508987303554), 'class_weight': 'balanced', 'dual': False, 'fit_intercept': True, 'intercept_scaling': 1, 'loss': 'squared_hinge', 'max_iter': 100, 'multi_class': 'ovr', 'penalty': 'l1', 'random_state': 42, 'tol': 0.0001, 'verbose': 0}",0.06807637214660645
Coffee,10,20,6,2,LogisticRegression,Time_Warping,4,"{'sigma': 0.05, 'knot': 8}",0.7316666666666667,0.7447741745883806,"{'C': np.float64(2.6366508987303554), 'class_weight': 'balanced', 'dual': False, 'fit_intercept': True, 'intercept_scaling': 1, 'l1_ratio': None, 'max_iter': 100, 'multi_class': 'deprecated', 'n_jobs': None, 'penalty': 'l1', 'random_state': 42, 'solver': 'saga', 'tol': 0.0001, 'verbose': 0, 'warm_start': False}",0.3128347396850586
Coffee,10,20,6,2,KNN,Time_Warping,5,"{'sigma': 0.1, 'knot': 4}",0.94,0.940675176906916,"{'algorithm': 'auto', 'leaf_size': 30, 'metric': 'euclidean', 'metric_params': None, 'n_jobs': None, 'n_neighbors': np.int64(9), 'p': 2, 'weights': 'distance'}",0.022522449493408203
Coffee,10,20,6,2,RandomForest,Time_Warping,5,"{'sigma': 0.1, 'knot': 4}",0.8666666666666667,0.8679686928534855,"{'bootstrap': True, 'ccp_alpha': 0.0, 'class_weight': 'balanced', 'criterion': 'gini', 'max_depth': 30, 'max_features': 'sqrt', 'max_leaf_nodes': None, 'max_samples': None, 'min_impurity_decrease': 0.0, 'min_samples_leaf': 1, 'min_samples_split': 2, 'min_weight_fraction_leaf': 0.0, 'monotonic_cst': None, 'n_estimators': 150, 'n_jobs': None, 'oob_score': False, 'random_state': 42, 'verbose': 0, 'warm_start': False}",2.1559581756591797
Coffee,10,20,6,2,LinearSVC,Time_Warping,5,"{'sigma': 0.1, 'knot': 4}",0.64,0.6202856042252061,"{'C': np.float64(1000.0), 'class_weight': 'balanced', 'dual': False, 'fit_intercept': True, 'intercept_scaling': 1, 'loss': 'squared_hinge', 'max_iter': 100, 'multi_class': 'ovr', 'penalty': 'l2', 'random_state': 42, 'tol': 0.001, 'verbose': 0}",0.020247459411621094
Coffee,10,20,6,2,LogisticRegression,Time_Warping,5,"{'sigma': 0.1, 'knot': 4}",0.655,0.6325997679902104,"{'C': np.float64(33.59818286283781), 'class_weight': None, 'dual': False, 'fit_intercept': True, 'intercept_scaling': 1, 'l1_ratio': None, 'max_iter': 100, 'multi_class': 'deprecated', 'n_jobs': None, 'penalty': 'l2', 'random_state': 42, 'solver': 'saga', 'tol': 0.0001, 'verbose': 0, 'warm_start': False}",0.03991079330444336
Coffee,10,20,6,2,KNN,Time_Warping,6,"{'sigma': 0.3, 'knot': 6}",0.9,0.9032015731477454,"{'algorithm': 'auto', 'leaf_size': 30, 'metric': 'euclidean', 'metric_params': None, 'n_jobs': None, 'n_neighbors': np.int64(9), 'p': 2, 'weights': 'distance'}",0.019943714141845703
Coffee,10,20,6,2,RandomForest,Time_Warping,6,"{'sigma': 0.3, 'knot': 6}",0.8633333333333333,0.8630510102569379,"{'bootstrap': True, 'ccp_alpha': 0.0, 'class_weight': 'balanced', 'criterion': 'gini', 'max_depth': 30, 'max_features': 'sqrt', 'max_leaf_nodes': None, 'max_samples': None, 'min_impurity_decrease': 0.0, 'min_samples_leaf': 1, 'min_samples_split': 2, 'min_weight_fraction_leaf': 0.0, 'monotonic_cst': None, 'n_estimators': 150, 'n_jobs': None, 'oob_score': False, 'random_state': 42, 'verbose': 0, 'warm_start': False}",2.0257904529571533
Coffee,10,20,6,2,LinearSVC,Time_Warping,6,"{'sigma': 0.3, 'knot': 6}",0.645,0.627148673060414,"{'C': np.float64(33.59818286283781), 'class_weight': 'balanced', 'dual': False, 'fit_intercept': True, 'intercept_scaling': 1, 'loss': 'squared_hinge', 'max_iter': 100, 'multi_class': 'ovr', 'penalty': 'l1', 'random_state': 42, 'tol': 0.0001, 'verbose': 0}",0.04432535171508789
Coffee,10,20,6,2,LogisticRegression,Time_Warping,6,"{'sigma': 0.3, 'knot': 6}",0.6533333333333333,0.6328417238828158,"{'C': np.float64(33.59818286283781), 'class_weight': None, 'dual': False, 'fit_intercept': True, 'intercept_scaling': 1, 'l1_ratio': None, 'max_iter': 100, 'multi_class': 'deprecated', 'n_jobs': None, 'penalty': 'l2', 'random_state': 42, 'solver': 'saga', 'tol': 0.0001, 'verbose': 0, 'warm_start': False}",0.04206442832946777
Coffee,10,20,6,2,KNN,Time_Warping,7,"{'sigma': 0.05, 'knot': 6}",0.92,0.9220978126591142,"{'algorithm': 'auto', 'leaf_size': 30, 'metric': 'euclidean', 'metric_params': None, 'n_jobs': None, 'n_neighbors': np.int64(9), 'p': 2, 'weights': 'distance'}",0.01795172691345215
Coffee,10,20,6,2,RandomForest,Time_Warping,7,"{'sigma': 0.05, 'knot': 6}",0.8666666666666667,0.8709786945081063,"{'bootstrap': True, 'ccp_alpha': 0.0, 'class_weight': None, 'criterion': 'gini', 'max_depth': 20, 'max_features': 'sqrt', 'max_leaf_nodes': None, 'max_samples': None, 'min_impurity_decrease': 0.0, 'min_samples_leaf': 1, 'min_samples_split': 2, 'min_weight_fraction_leaf': 0.0, 'monotonic_cst': None, 'n_estimators': 100, 'n_jobs': None, 'oob_score': False, 'random_state': 42, 'verbose': 0, 'warm_start': False}",1.403773307800293
Coffee,10,20,6,2,LinearSVC,Time_Warping,7,"{'sigma': 0.05, 'knot': 6}",0.6966666666666667,0.6964834432120846,"{'C': np.float64(1000.0), 'class_weight': 'balanced', 'dual': False, 'fit_intercept': True, 'intercept_scaling': 1, 'loss': 'squared_hinge', 'max_iter': 100, 'multi_class': 'ovr', 'penalty': 'l2', 'random_state': 42, 'tol': 0.001, 'verbose': 0}",0.03046584129333496
Coffee,10,20,6,2,LogisticRegression,Time_Warping,7,"{'sigma': 0.05, 'knot': 6}",0.7633333333333333,0.7770994437661104,"{'C': np.float64(33.59818286283781), 'class_weight': None, 'dual': False, 'fit_intercept': True, 'intercept_scaling': 1, 'l1_ratio': None, 'max_iter': 100, 'multi_class': 'deprecated', 'n_jobs': None, 'penalty': 'l2', 'random_state': 42, 'solver': 'saga', 'tol': 0.0001, 'verbose': 0, 'warm_start': False}",0.1306746006011963
Coffee,10,20,6,2,KNN,Time_Warping,8,"{'sigma': 0.3, 'knot': 6}",0.9116666666666666,0.9142874874874195,"{'algorithm': 'auto', 'leaf_size': 30, 'metric': 'euclidean', 'metric_params': None, 'n_jobs': None, 'n_neighbors': np.int64(9), 'p': 2, 'weights': 'distance'}",0.0214080810546875
Coffee,10,20,6,2,RandomForest,Time_Warping,8,"{'sigma': 0.3, 'knot': 6}",0.845,0.8422061735087423,"{'bootstrap': True, 'ccp_alpha': 0.0, 'class_weight': 'balanced', 'criterion': 'gini', 'max_depth': 30, 'max_features': 'sqrt', 'max_leaf_nodes': None, 'max_samples': None, 'min_impurity_decrease': 0.0, 'min_samples_leaf': 1, 'min_samples_split': 2, 'min_weight_fraction_leaf': 0.0, 'monotonic_cst': None, 'n_estimators': 150, 'n_jobs': None, 'oob_score': False, 'random_state': 42, 'verbose': 0, 'warm_start': False}",2.242716073989868
Coffee,10,20,6,2,LinearSVC,Time_Warping,8,"{'sigma': 0.3, 'knot': 6}",0.6466666666666666,0.6241666223335326,"{'C': np.float64(183.29807108324337), 'class_weight': 'balanced', 'dual': False, 'fit_intercept': True, 'intercept_scaling': 1, 'loss': 'squared_hinge', 'max_iter': 100, 'multi_class': 'ovr', 'penalty': 'l1', 'random_state': 42, 'tol': 0.0001, 'verbose': 0}",0.04675102233886719
Coffee,10,20,6,2,LogisticRegression,Time_Warping,8,"{'sigma': 0.3, 'knot': 6}",0.6516666666666666,0.6281043653895674,"{'C': np.float64(33.59818286283781), 'class_weight': None, 'dual': False, 'fit_intercept': True, 'intercept_scaling': 1, 'l1_ratio': None, 'max_iter': 100, 'multi_class': 'deprecated', 'n_jobs': None, 'penalty': 'l2', 'random_state': 42, 'solver': 'saga', 'tol': 0.0001, 'verbose': 0, 'warm_start': False}",0.04828071594238281
Coffee,10,20,6,2,KNN,Time_Warping,9,"{'sigma': 0.1, 'knot': 6}",0.8866666666666667,0.8906746152952407,"{'algorithm': 'auto', 'leaf_size': 30, 'metric': 'chebyshev', 'metric_params': None, 'n_jobs': None, 'n_neighbors': np.int64(5), 'p': 2, 'weights': 'uniform'}",0.03098130226135254
Coffee,10,20,6,2,RandomForest,Time_Warping,9,"{'sigma': 0.1, 'knot': 6}",0.85,0.8496206553801819,"{'bootstrap': True, 'ccp_alpha': 0.0, 'class_weight': 'balanced', 'criterion': 'gini', 'max_depth': 30, 'max_features': 'sqrt', 'max_leaf_nodes': None, 'max_samples': None, 'min_impurity_decrease': 0.0, 'min_samples_leaf': 1, 'min_samples_split': 2, 'min_weight_fraction_leaf': 0.0, 'monotonic_cst': None, 'n_estimators': 150, 'n_jobs': None, 'oob_score': False, 'random_state': 42, 'verbose': 0, 'warm_start': False}",1.9995896816253662
Coffee,10,20,6,2,LinearSVC,Time_Warping,9,"{'sigma': 0.1, 'knot': 6}",0.6916666666666667,0.6872240678289607,"{'C': np.float64(2.6366508987303554), 'class_weight': 'balanced', 'dual': False, 'fit_intercept': True, 'intercept_scaling': 1, 'loss': 'squared_hinge', 'max_iter': 100, 'multi_class': 'ovr', 'penalty': 'l1', 'random_state': 42, 'tol': 0.0001, 'verbose': 0}",0.06359696388244629
Coffee,10,20,6,2,LogisticRegression,Time_Warping,9,"{'sigma': 0.1, 'knot': 6}",0.7316666666666667,0.7345506260808924,"{'C': np.float64(33.59818286283781), 'class_weight': None, 'dual': False, 'fit_intercept': True, 'intercept_scaling': 1, 'l1_ratio': None, 'max_iter': 100, 'multi_class': 'deprecated', 'n_jobs': None, 'penalty': 'l2', 'random_state': 42, 'solver': 'saga', 'tol': 0.0001, 'verbose': 0, 'warm_start': False}",0.037436723709106445
Coffee,10,20,6,2,KNN,Time_Warping,10,"{'sigma': 0.1, 'knot': 8}",0.92,0.9219221205348737,"{'algorithm': 'auto', 'leaf_size': 30, 'metric': 'euclidean', 'metric_params': None, 'n_jobs': None, 'n_neighbors': np.int64(9), 'p': 2, 'weights': 'distance'}",0.019112110137939453
Coffee,10,20,6,2,RandomForest,Time_Warping,10,"{'sigma': 0.1, 'knot': 8}",0.8716666666666667,0.8724151244572375,"{'bootstrap': True, 'ccp_alpha': 0.0, 'class_weight': 'balanced', 'criterion': 'gini', 'max_depth': None, 'max_features': 'sqrt', 'max_leaf_nodes': None, 'max_samples': None, 'min_impurity_decrease': 0.0, 'min_samples_leaf': 1, 'min_samples_split': 2, 'min_weight_fraction_leaf': 0.0, 'monotonic_cst': None, 'n_estimators': 50, 'n_jobs': None, 'oob_score': False, 'random_state': 42, 'verbose': 0, 'warm_start': False}",0.6700522899627686
Coffee,10,20,6,2,LinearSVC,Time_Warping,10,"{'sigma': 0.1, 'knot': 8}",0.76,0.737210962649527,"{'C': np.float64(33.59818286283781), 'class_weight': None, 'dual': False, 'fit_intercept': True, 'intercept_scaling': 1, 'loss': 'squared_hinge', 'max_iter': 100, 'multi_class': 'ovr', 'penalty': 'l1', 'random_state': 42, 'tol': 0.001, 'verbose': 0}",0.07034111022949219
Coffee,10,20,6,2,LogisticRegression,Time_Warping,10,"{'sigma': 0.1, 'knot': 8}",0.795,0.803044624548384,"{'C': np.float64(33.59818286283781), 'class_weight': None, 'dual': False, 'fit_intercept': True, 'intercept_scaling': 1, 'l1_ratio': None, 'max_iter': 100, 'multi_class': 'deprecated', 'n_jobs': None, 'penalty': 'l2', 'random_state': 42, 'solver': 'saga', 'tol': 0.0001, 'verbose': 0, 'warm_start': False}",0.040617942810058594
Coffee,10,20,6,3,KNN,Time_Warping,1,"{'sigma': 0.2, 'knot': 4}",0.8833333333333333,0.8893321513002364,"{'algorithm': 'auto', 'leaf_size': 30, 'metric': 'minkowski', 'metric_params': None, 'n_jobs': None, 'n_neighbors': np.int64(13), 'p': 4, 'weights': 'distance'}",0.12490153312683105
Coffee,10,20,6,3,RandomForest,Time_Warping,1,"{'sigma': 0.2, 'knot': 4}",0.8333333333333334,0.8306082951752243,"{'bootstrap': True, 'ccp_alpha': 0.0, 'class_weight': 'balanced', 'criterion': 'gini', 'max_depth': None, 'max_features': 'sqrt', 'max_leaf_nodes': None, 'max_samples': None, 'min_impurity_decrease': 0.0, 'min_samples_leaf': 2, 'min_samples_split': 20, 'min_weight_fraction_leaf': 0.0, 'monotonic_cst': None, 'n_estimators': 150, 'n_jobs': None, 'oob_score': False, 'random_state': 42, 'verbose': 0, 'warm_start': False}",3.18915057182312
Coffee,10,20,6,3,LinearSVC,Time_Warping,1,"{'sigma': 0.2, 'knot': 4}",0.6366666666666667,0.6171990371651043,"{'C': np.float64(2.6366508987303554), 'class_weight': 'balanced', 'dual': False, 'fit_intercept': True, 'intercept_scaling': 1, 'loss': 'squared_hinge', 'max_iter': 100, 'multi_class': 'ovr', 'penalty': 'l1', 'random_state': 42, 'tol': 0.0001, 'verbose': 0}",0.06890225410461426
Coffee,10,20,6,3,LogisticRegression,Time_Warping,1,"{'sigma': 0.2, 'knot': 4}",0.65,0.6264210275404306,"{'C': np.float64(2.6366508987303554), 'class_weight': 'balanced', 'dual': False, 'fit_intercept': True, 'intercept_scaling': 1, 'l1_ratio': None, 'max_iter': 100, 'multi_class': 'deprecated', 'n_jobs': None, 'penalty': 'l1', 'random_state': 42, 'solver': 'saga', 'tol': 0.0001, 'verbose': 0, 'warm_start': False}",0.45813608169555664
Coffee,10,20,6,3,KNN,Time_Warping,2,"{'sigma': 0.2, 'knot': 3}",0.9083333333333333,0.9112523407703906,"{'algorithm': 'auto', 'leaf_size': 30, 'metric': 'euclidean', 'metric_params': None, 'n_jobs': None, 'n_neighbors': np.int64(9), 'p': 2, 'weights': 'distance'}",0.028603553771972656
Coffee,10,20,6,3,RandomForest,Time_Warping,2,"{'sigma': 0.2, 'knot': 3}",0.8516666666666667,0.8527233467933848,"{'bootstrap': True, 'ccp_alpha': 0.0, 'class_weight': 'balanced', 'criterion': 'gini', 'max_depth': 30, 'max_features': 'sqrt', 'max_leaf_nodes': None, 'max_samples': None, 'min_impurity_decrease': 0.0, 'min_samples_leaf': 1, 'min_samples_split': 2, 'min_weight_fraction_leaf': 0.0, 'monotonic_cst': None, 'n_estimators': 150, 'n_jobs': None, 'oob_score': False, 'random_state': 42, 'verbose': 0, 'warm_start': False}",3.4436681270599365
Coffee,10,20,6,3,LinearSVC,Time_Warping,2,"{'sigma': 0.2, 'knot': 3}",0.6416666666666667,0.6224975520463265,"{'C': np.float64(2.6366508987303554), 'class_weight': 'balanced', 'dual': False, 'fit_intercept': True, 'intercept_scaling': 1, 'loss': 'squared_hinge', 'max_iter': 100, 'multi_class': 'ovr', 'penalty': 'l1', 'random_state': 42, 'tol': 0.0001, 'verbose': 0}",0.06490921974182129
Coffee,10,20,6,3,LogisticRegression,Time_Warping,2,"{'sigma': 0.2, 'knot': 3}",0.645,0.6237864304469299,"{'C': np.float64(2.6366508987303554), 'class_weight': 'balanced', 'dual': False, 'fit_intercept': True, 'intercept_scaling': 1, 'l1_ratio': None, 'max_iter': 100, 'multi_class': 'deprecated', 'n_jobs': None, 'penalty': 'l1', 'random_state': 42, 'solver': 'saga', 'tol': 0.0001, 'verbose': 0, 'warm_start': False}",0.4568181037902832
Coffee,10,20,6,3,KNN,Time_Warping,3,"{'sigma': 0.5, 'knot': 4}",0.915,0.9179469779233224,"{'algorithm': 'auto', 'leaf_size': 30, 'metric': 'euclidean', 'metric_params': None, 'n_jobs': None, 'n_neighbors': np.int64(9), 'p': 2, 'weights': 'distance'}",0.027501583099365234
Coffee,10,20,6,3,RandomForest,Time_Warping,3,"{'sigma': 0.5, 'knot': 4}",0.8366666666666667,0.8307233707845082,"{'bootstrap': True, 'ccp_alpha': 0.0, 'class_weight': 'balanced', 'criterion': 'gini', 'max_depth': 20, 'max_features': 'sqrt', 'max_leaf_nodes': None, 'max_samples': None, 'min_impurity_decrease': 0.0, 'min_samples_leaf': 2, 'min_samples_split': 10, 'min_weight_fraction_leaf': 0.0, 'monotonic_cst': None, 'n_estimators': 150, 'n_jobs': None, 'oob_score': False, 'random_state': 42, 'verbose': 0, 'warm_start': False}",3.243032693862915
Coffee,10,20,6,3,LinearSVC,Time_Warping,3,"{'sigma': 0.5, 'knot': 4}",0.6383333333333333,0.6209547151076387,"{'C': np.float64(33.59818286283781), 'class_weight': 'balanced', 'dual': False, 'fit_intercept': True, 'intercept_scaling': 1, 'loss': 'squared_hinge', 'max_iter': 100, 'multi_class': 'ovr', 'penalty': 'l1', 'random_state': 42, 'tol': 0.001, 'verbose': 0}",0.04529404640197754
Coffee,10,20,6,3,LogisticRegression,Time_Warping,3,"{'sigma': 0.5, 'knot': 4}",0.6516666666666666,0.6292285435793104,"{'C': np.float64(1000.0), 'class_weight': 'balanced', 'dual': False, 'fit_intercept': True, 'intercept_scaling': 1, 'l1_ratio': None, 'max_iter': 100, 'multi_class': 'deprecated', 'n_jobs': None, 'penalty': 'l2', 'random_state': 42, 'solver': 'sag', 'tol': 0.0001, 'verbose': 0, 'warm_start': False}",0.11016702651977539
Coffee,10,20,6,3,KNN,Time_Warping,4,"{'sigma': 0.05, 'knot': 8}",0.9283333333333333,0.9301177496661209,"{'algorithm': 'auto', 'leaf_size': 30, 'metric': 'euclidean', 'metric_params': None, 'n_jobs': None, 'n_neighbors': np.int64(9), 'p': 2, 'weights': 'distance'}",0.022984027862548828
Coffee,10,20,6,3,RandomForest,Time_Warping,4,"{'sigma': 0.05, 'knot': 8}",0.8816666666666667,0.8864007706595964,"{'bootstrap': True, 'ccp_alpha': 0.0, 'class_weight': 'balanced', 'criterion': 'gini', 'max_depth': 30, 'max_features': 'sqrt', 'max_leaf_nodes': None, 'max_samples': None, 'min_impurity_decrease': 0.0, 'min_samples_leaf': 1, 'min_samples_split': 2, 'min_weight_fraction_leaf': 0.0, 'monotonic_cst': None, 'n_estimators': 150, 'n_jobs': None, 'oob_score': False, 'random_state': 42, 'verbose': 0, 'warm_start': False}",3.1413180828094482
Coffee,10,20,6,3,LinearSVC,Time_Warping,4,"{'sigma': 0.05, 'knot': 8}",0.7016666666666667,0.6968325704450073,"{'C': np.float64(2.6366508987303554), 'class_weight': 'balanced', 'dual': False, 'fit_intercept': True, 'intercept_scaling': 1, 'loss': 'squared_hinge', 'max_iter': 100, 'multi_class': 'ovr', 'penalty': 'l1', 'random_state': 42, 'tol': 0.0001, 'verbose': 0}",0.11884760856628418
Coffee,10,20,6,3,LogisticRegression,Time_Warping,4,"{'sigma': 0.05, 'knot': 8}",0.7183333333333334,0.7340771809760384,"{'C': np.float64(2.6366508987303554), 'class_weight': 'balanced', 'dual': False, 'fit_intercept': True, 'intercept_scaling': 1, 'l1_ratio': None, 'max_iter': 100, 'multi_class': 'deprecated', 'n_jobs': None, 'penalty': 'l1', 'random_state': 42, 'solver': 'saga', 'tol': 0.0001, 'verbose': 0, 'warm_start': False}",0.49967408180236816
Coffee,10,20,6,3,KNN,Time_Warping,5,"{'sigma': 0.1, 'knot': 4}",0.9166666666666666,0.9192456004898372,"{'algorithm': 'auto', 'leaf_size': 30, 'metric': 'euclidean', 'metric_params': None, 'n_jobs': None, 'n_neighbors': np.int64(9), 'p': 2, 'weights': 'distance'}",0.02760481834411621
Coffee,10,20,6,3,RandomForest,Time_Warping,5,"{'sigma': 0.1, 'knot': 4}",0.85,0.851775675305087,"{'bootstrap': True, 'ccp_alpha': 0.0, 'class_weight': 'balanced', 'criterion': 'gini', 'max_depth': None, 'max_features': 'sqrt', 'max_leaf_nodes': None, 'max_samples': None, 'min_impurity_decrease': 0.0, 'min_samples_leaf': 2, 'min_samples_split': 20, 'min_weight_fraction_leaf': 0.0, 'monotonic_cst': None, 'n_estimators': 150, 'n_jobs': None, 'oob_score': False, 'random_state': 42, 'verbose': 0, 'warm_start': False}",3.0540707111358643
Coffee,10,20,6,3,LinearSVC,Time_Warping,5,"{'sigma': 0.1, 'knot': 4}",0.65,0.6285830378250591,"{'C': np.float64(2.6366508987303554), 'class_weight': 'balanced', 'dual': False, 'fit_intercept': True, 'intercept_scaling': 1, 'loss': 'squared_hinge', 'max_iter': 100, 'multi_class': 'ovr', 'penalty': 'l1', 'random_state': 42, 'tol': 0.0001, 'verbose': 0}",0.08265066146850586
Coffee,10,20,6,3,LogisticRegression,Time_Warping,5,"{'sigma': 0.1, 'knot': 4}",0.6566666666666666,0.6336140528230924,"{'C': np.float64(2.6366508987303554), 'class_weight': 'balanced', 'dual': False, 'fit_intercept': True, 'intercept_scaling': 1, 'l1_ratio': None, 'max_iter': 100, 'multi_class': 'deprecated', 'n_jobs': None, 'penalty': 'l1', 'random_state': 42, 'solver': 'saga', 'tol': 0.0001, 'verbose': 0, 'warm_start': False}",0.45098233222961426
Coffee,10,20,6,3,KNN,Time_Warping,6,"{'sigma': 0.3, 'knot': 6}",0.905,0.9084478096752624,"{'algorithm': 'auto', 'leaf_size': 30, 'metric': 'euclidean', 'metric_params': None, 'n_jobs': None, 'n_neighbors': np.int64(9), 'p': 2, 'weights': 'distance'}",0.02853870391845703
Coffee,10,20,6,3,RandomForest,Time_Warping,6,"{'sigma': 0.3, 'knot': 6}",0.8583333333333333,0.8580887543454674,"{'bootstrap': True, 'ccp_alpha': 0.0, 'class_weight': 'balanced', 'criterion': 'gini', 'max_depth': 30, 'max_features': 'sqrt', 'max_leaf_nodes': None, 'max_samples': None, 'min_impurity_decrease': 0.0, 'min_samples_leaf': 1, 'min_samples_split': 2, 'min_weight_fraction_leaf': 0.0, 'monotonic_cst': None, 'n_estimators': 150, 'n_jobs': None, 'oob_score': False, 'random_state': 42, 'verbose': 0, 'warm_start': False}",3.2579345703125
Coffee,10,20,6,3,LinearSVC,Time_Warping,6,"{'sigma': 0.3, 'knot': 6}",0.6466666666666666,0.6252814012782854,"{'C': np.float64(33.59818286283781), 'class_weight': 'balanced', 'dual': False, 'fit_intercept': True, 'intercept_scaling': 1, 'loss': 'squared_hinge', 'max_iter': 100, 'multi_class': 'ovr', 'penalty': 'l1', 'random_state': 42, 'tol': 0.0001, 'verbose': 0}",0.06706881523132324
Coffee,10,20,6,3,LogisticRegression,Time_Warping,6,"{'sigma': 0.3, 'knot': 6}",0.645,0.6237864304469299,"{'C': np.float64(2.6366508987303554), 'class_weight': 'balanced', 'dual': False, 'fit_intercept': True, 'intercept_scaling': 1, 'l1_ratio': None, 'max_iter': 100, 'multi_class': 'deprecated', 'n_jobs': None, 'penalty': 'l1', 'random_state': 42, 'solver': 'saga', 'tol': 0.0001, 'verbose': 0, 'warm_start': False}",0.5833017826080322
Coffee,10,20,6,3,KNN,Time_Warping,7,"{'sigma': 0.05, 'knot': 6}",0.905,0.9084478096752624,"{'algorithm': 'auto', 'leaf_size': 30, 'metric': 'euclidean', 'metric_params': None, 'n_jobs': None, 'n_neighbors': np.int64(9), 'p': 2, 'weights': 'distance'}",0.0255587100982666
Coffee,10,20,6,3,RandomForest,Time_Warping,7,"{'sigma': 0.05, 'knot': 6}",0.8583333333333333,0.8615222433059244,"{'bootstrap': True, 'ccp_alpha': 0.0, 'class_weight': None, 'criterion': 'gini', 'max_depth': None, 'max_features': 'sqrt', 'max_leaf_nodes': None, 'max_samples': None, 'min_impurity_decrease': 0.0, 'min_samples_leaf': 4, 'min_samples_split': 10, 'min_weight_fraction_leaf': 0.0, 'monotonic_cst': None, 'n_estimators': 50, 'n_jobs': None, 'oob_score': False, 'random_state': 42, 'verbose': 0, 'warm_start': False}",1.1151037216186523
Coffee,10,20,6,3,LinearSVC,Time_Warping,7,"{'sigma': 0.05, 'knot': 6}",0.71,0.709730737940208,"{'C': np.float64(2.6366508987303554), 'class_weight': 'balanced', 'dual': False, 'fit_intercept': True, 'intercept_scaling': 1, 'loss': 'squared_hinge', 'max_iter': 100, 'multi_class': 'ovr', 'penalty': 'l1', 'random_state': 42, 'tol': 0.0001, 'verbose': 0}",0.11671805381774902
Coffee,10,20,6,3,LogisticRegression,Time_Warping,7,"{'sigma': 0.05, 'knot': 6}",0.6983333333333334,0.7144912415988146,"{'C': np.float64(2.6366508987303554), 'class_weight': 'balanced', 'dual': False, 'fit_intercept': True, 'intercept_scaling': 1, 'l1_ratio': None, 'max_iter': 100, 'multi_class': 'deprecated', 'n_jobs': None, 'penalty': 'l1', 'random_state': 42, 'solver': 'saga', 'tol': 0.0001, 'verbose': 0, 'warm_start': False}",0.45452141761779785
Coffee,10,20,6,3,KNN,Time_Warping,8,"{'sigma': 0.3, 'knot': 6}",0.9183333333333333,0.9207460655757445,"{'algorithm': 'auto', 'leaf_size': 30, 'metric': 'euclidean', 'metric_params': None, 'n_jobs': None, 'n_neighbors': np.int64(9), 'p': 2, 'weights': 'distance'}",0.030493497848510742
Coffee,10,20,6,3,RandomForest,Time_Warping,8,"{'sigma': 0.3, 'knot': 6}",0.84,0.841938940398101,"{'bootstrap': True, 'ccp_alpha': 0.0, 'class_weight': None, 'criterion': 'gini', 'max_depth': None, 'max_features': 'sqrt', 'max_leaf_nodes': None, 'max_samples': None, 'min_impurity_decrease': 0.0, 'min_samples_leaf': 4, 'min_samples_split': 10, 'min_weight_fraction_leaf': 0.0, 'monotonic_cst': None, 'n_estimators': 50, 'n_jobs': None, 'oob_score': False, 'random_state': 42, 'verbose': 0, 'warm_start': False}",1.4022712707519531
Coffee,10,20,6,3,LinearSVC,Time_Warping,8,"{'sigma': 0.3, 'knot': 6}",0.6433333333333333,0.6252174802185512,"{'C': np.float64(33.59818286283781), 'class_weight': 'balanced', 'dual': False, 'fit_intercept': True, 'intercept_scaling': 1, 'loss': 'squared_hinge', 'max_iter': 100, 'multi_class': 'ovr', 'penalty': 'l1', 'random_state': 42, 'tol': 0.0001, 'verbose': 0}",0.06520581245422363
Coffee,10,20,6,3,LogisticRegression,Time_Warping,8,"{'sigma': 0.3, 'knot': 6}",0.645,0.6237864304469299,"{'C': np.float64(1000.0), 'class_weight': 'balanced', 'dual': False, 'fit_intercept': True, 'intercept_scaling': 1, 'l1_ratio': None, 'max_iter': 100, 'multi_class': 'deprecated', 'n_jobs': None, 'penalty': 'l2', 'random_state': 42, 'solver': 'sag', 'tol': 0.0001, 'verbose': 0, 'warm_start': False}",0.11676740646362305
Coffee,10,20,6,3,KNN,Time_Warping,9,"{'sigma': 0.1, 'knot': 6}",0.9133333333333333,0.9160052965260548,"{'algorithm': 'auto', 'leaf_size': 30, 'metric': 'euclidean', 'metric_params': None, 'n_jobs': None, 'n_neighbors': np.int64(9), 'p': 2, 'weights': 'distance'}",0.02880120277404785
Coffee,10,20,6,3,RandomForest,Time_Warping,9,"{'sigma': 0.1, 'knot': 6}",0.84,0.8390448575538287,"{'bootstrap': True, 'ccp_alpha': 0.0, 'class_weight': 'balanced', 'criterion': 'gini', 'max_depth': None, 'max_features': 'sqrt', 'max_leaf_nodes': None, 'max_samples': None, 'min_impurity_decrease': 0.0, 'min_samples_leaf': 2, 'min_samples_split': 20, 'min_weight_fraction_leaf': 0.0, 'monotonic_cst': None, 'n_estimators': 150, 'n_jobs': None, 'oob_score': False, 'random_state': 42, 'verbose': 0, 'warm_start': False}",3.506678581237793
Coffee,10,20,6,3,LinearSVC,Time_Warping,9,"{'sigma': 0.1, 'knot': 6}",0.6583333333333333,0.6360955636971375,"{'C': np.float64(2.6366508987303554), 'class_weight': 'balanced', 'dual': False, 'fit_intercept': True, 'intercept_scaling': 1, 'loss': 'squared_hinge', 'max_iter': 100, 'multi_class': 'ovr', 'penalty': 'l1', 'random_state': 42, 'tol': 0.0001, 'verbose': 0}",0.10853314399719238
Coffee,10,20,6,3,LogisticRegression,Time_Warping,9,"{'sigma': 0.1, 'knot': 6}",0.655,0.6323447388012189,"{'C': np.float64(2.6366508987303554), 'class_weight': 'balanced', 'dual': False, 'fit_intercept': True, 'intercept_scaling': 1, 'l1_ratio': None, 'max_iter': 100, 'multi_class': 'deprecated', 'n_jobs': None, 'penalty': 'l1', 'random_state': 42, 'solver': 'saga', 'tol': 0.0001, 'verbose': 0, 'warm_start': False}",0.49650049209594727
Coffee,10,20,6,3,KNN,Time_Warping,10,"{'sigma': 0.1, 'knot': 8}",0.91,0.9127472201001613,"{'algorithm': 'auto', 'leaf_size': 30, 'metric': 'euclidean', 'metric_params': None, 'n_jobs': None, 'n_neighbors': np.int64(9), 'p': 2, 'weights': 'distance'}",0.026592254638671875
Coffee,10,20,6,3,RandomForest,Time_Warping,10,"{'sigma': 0.1, 'knot': 8}",0.855,0.8576601811895929,"{'bootstrap': True, 'ccp_alpha': 0.0, 'class_weight': None, 'criterion': 'gini', 'max_depth': None, 'max_features': 'sqrt', 'max_leaf_nodes': None, 'max_samples': None, 'min_impurity_decrease': 0.0, 'min_samples_leaf': 4, 'min_samples_split': 10, 'min_weight_fraction_leaf': 0.0, 'monotonic_cst': None, 'n_estimators': 50, 'n_jobs': None, 'oob_score': False, 'random_state': 42, 'verbose': 0, 'warm_start': False}",0.9948348999023438
Coffee,10,20,6,3,LinearSVC,Time_Warping,10,"{'sigma': 0.1, 'knot': 8}",0.675,0.6494458038221663,"{'C': np.float64(2.6366508987303554), 'class_weight': 'balanced', 'dual': False, 'fit_intercept': True, 'intercept_scaling': 1, 'loss': 'squared_hinge', 'max_iter': 100, 'multi_class': 'ovr', 'penalty': 'l1', 'random_state': 42, 'tol': 0.0001, 'verbose': 0}",0.12032580375671387
Coffee,10,20,6,3,LogisticRegression,Time_Warping,10,"{'sigma': 0.1, 'knot': 8}",0.6666666666666666,0.6462842712842712,"{'C': np.float64(2.6366508987303554), 'class_weight': 'balanced', 'dual': False, 'fit_intercept': True, 'intercept_scaling': 1, 'l1_ratio': None, 'max_iter': 100, 'multi_class': 'deprecated', 'n_jobs': None, 'penalty': 'l1', 'random_state': 42, 'solver': 'saga', 'tol': 0.0001, 'verbose': 0, 'warm_start': False}",0.5009474754333496
Coffee,10,20,6,5,KNN,Time_Warping,1,"{'sigma': 0.2, 'knot': 4}",0.9166666666666666,0.919458611967,"{'algorithm': 'auto', 'leaf_size': 30, 'metric': 'minkowski', 'metric_params': None, 'n_jobs': None, 'n_neighbors': np.int64(5), 'p': 3, 'weights': 'distance'}",0.1413249969482422
Coffee,10,20,6,5,RandomForest,Time_Warping,1,"{'sigma': 0.2, 'knot': 4}",0.82,0.8250561493911829,"{'bootstrap': True, 'ccp_alpha': 0.0, 'class_weight': None, 'criterion': 'gini', 'max_depth': None, 'max_features': 'sqrt', 'max_leaf_nodes': None, 'max_samples': None, 'min_impurity_decrease': 0.0, 'min_samples_leaf': 4, 'min_samples_split': 2, 'min_weight_fraction_leaf': 0.0, 'monotonic_cst': None, 'n_estimators': 50, 'n_jobs': None, 'oob_score': False, 'random_state': 42, 'verbose': 0, 'warm_start': False}",1.887347936630249
Coffee,10,20,6,5,LinearSVC,Time_Warping,1,"{'sigma': 0.2, 'knot': 4}",0.655,0.6317647495902389,"{'C': np.float64(33.59818286283781), 'class_weight': None, 'dual': False, 'fit_intercept': True, 'intercept_scaling': 1, 'loss': 'squared_hinge', 'max_iter': 100, 'multi_class': 'ovr', 'penalty': 'l1', 'random_state': 42, 'tol': 0.001, 'verbose': 0}",0.0788431167602539
Coffee,10,20,6,5,LogisticRegression,Time_Warping,1,"{'sigma': 0.2, 'knot': 4}",0.6466666666666666,0.6251461988304093,"{'C': np.float64(33.59818286283781), 'class_weight': 'balanced', 'dual': False, 'fit_intercept': True, 'intercept_scaling': 1, 'l1_ratio': None, 'max_iter': 100, 'multi_class': 'deprecated', 'n_jobs': None, 'penalty': 'l2', 'random_state': 42, 'solver': 'saga', 'tol': 0.0001, 'verbose': 0, 'warm_start': False}",0.13658881187438965
Coffee,10,20,6,5,KNN,Time_Warping,2,"{'sigma': 0.2, 'knot': 3}",0.9,0.9041979656500891,"{'algorithm': 'auto', 'leaf_size': 30, 'metric': 'manhattan', 'metric_params': None, 'n_jobs': None, 'n_neighbors': np.int64(5), 'p': 2, 'weights': 'distance'}",0.05605268478393555
Coffee,10,20,6,5,RandomForest,Time_Warping,2,"{'sigma': 0.2, 'knot': 3}",0.85,0.8512552205692023,"{'bootstrap': True, 'ccp_alpha': 0.0, 'class_weight': None, 'criterion': 'gini', 'max_depth': None, 'max_features': 'sqrt', 'max_leaf_nodes': None, 'max_samples': None, 'min_impurity_decrease': 0.0, 'min_samples_leaf': 4, 'min_samples_split': 2, 'min_weight_fraction_leaf': 0.0, 'monotonic_cst': None, 'n_estimators': 50, 'n_jobs': None, 'oob_score': False, 'random_state': 42, 'verbose': 0, 'warm_start': False}",1.8246493339538574
Coffee,10,20,6,5,LinearSVC,Time_Warping,2,"{'sigma': 0.2, 'knot': 3}",0.6466666666666666,0.6278659611992945,"{'C': np.float64(183.29807108324337), 'class_weight': 'balanced', 'dual': False, 'fit_intercept': True, 'intercept_scaling': 1, 'loss': 'squared_hinge', 'max_iter': 100, 'multi_class': 'ovr', 'penalty': 'l1', 'random_state': 42, 'tol': 0.0001, 'verbose': 0}",0.09105062484741211
Coffee,10,20,6,5,LogisticRegression,Time_Warping,2,"{'sigma': 0.2, 'knot': 3}",0.645,0.6237864304469299,"{'C': np.float64(2.6366508987303554), 'class_weight': 'balanced', 'dual': False, 'fit_intercept': True, 'intercept_scaling': 1, 'l1_ratio': None, 'max_iter': 100, 'multi_class': 'deprecated', 'n_jobs': None, 'penalty': 'l1', 'random_state': 42, 'solver': 'saga', 'tol': 0.0001, 'verbose': 0, 'warm_start': False}",1.1089308261871338
Coffee,10,20,6,5,KNN,Time_Warping,3,"{'sigma': 0.5, 'knot': 4}",0.9133333333333333,0.9164378977211679,"{'algorithm': 'auto', 'leaf_size': 30, 'metric': 'minkowski', 'metric_params': None, 'n_jobs': None, 'n_neighbors': np.int64(5), 'p': 3, 'weights': 'distance'}",0.13319635391235352
Coffee,10,20,6,5,RandomForest,Time_Warping,3,"{'sigma': 0.5, 'knot': 4}",0.81,0.8073482920811165,"{'bootstrap': True, 'ccp_alpha': 0.0, 'class_weight': None, 'criterion': 'gini', 'max_depth': None, 'max_features': 'sqrt', 'max_leaf_nodes': None, 'max_samples': None, 'min_impurity_decrease': 0.0, 'min_samples_leaf': 4, 'min_samples_split': 2, 'min_weight_fraction_leaf': 0.0, 'monotonic_cst': None, 'n_estimators': 50, 'n_jobs': None, 'oob_score': False, 'random_state': 42, 'verbose': 0, 'warm_start': False}",1.9960334300994873
Coffee,10,20,6,5,LinearSVC,Time_Warping,3,"{'sigma': 0.5, 'knot': 4}",0.645,0.6264799167745045,"{'C': np.float64(1000.0), 'class_weight': 'balanced', 'dual': False, 'fit_intercept': True, 'intercept_scaling': 1, 'loss': 'squared_hinge', 'max_iter': 100, 'multi_class': 'ovr', 'penalty': 'l2', 'random_state': 42, 'tol': 0.001, 'verbose': 0}",0.04367876052856445
Coffee,10,20,6,5,LogisticRegression,Time_Warping,3,"{'sigma': 0.5, 'knot': 4}",0.645,0.6237864304469299,"{'C': np.float64(0.4832930238571752), 'class_weight': 'balanced', 'dual': False, 'fit_intercept': True, 'intercept_scaling': 1, 'l1_ratio': None, 'max_iter': 100, 'multi_class': 'deprecated', 'n_jobs': None, 'penalty': 'l2', 'random_state': 42, 'solver': 'lbfgs', 'tol': 0.0001, 'verbose': 0, 'warm_start': False}",0.06005573272705078
Coffee,10,20,6,5,KNN,Time_Warping,4,"{'sigma': 0.05, 'knot': 8}",0.9366666666666666,0.937490455202483,"{'algorithm': 'auto', 'leaf_size': 30, 'metric': 'minkowski', 'metric_params': None, 'n_jobs': None, 'n_neighbors': np.int64(5), 'p': 3, 'weights': 'distance'}",0.0778508186340332
Coffee,10,20,6,5,RandomForest,Time_Warping,4,"{'sigma': 0.05, 'knot': 8}",0.8616666666666667,0.8630641654111956,"{'bootstrap': True, 'ccp_alpha': 0.0, 'class_weight': None, 'criterion': 'gini', 'max_depth': None, 'max_features': 'sqrt', 'max_leaf_nodes': None, 'max_samples': None, 'min_impurity_decrease': 0.0, 'min_samples_leaf': 4, 'min_samples_split': 2, 'min_weight_fraction_leaf': 0.0, 'monotonic_cst': None, 'n_estimators': 50, 'n_jobs': None, 'oob_score': False, 'random_state': 42, 'verbose': 0, 'warm_start': False}",1.8045909404754639
Coffee,10,20,6,5,LinearSVC,Time_Warping,4,"{'sigma': 0.05, 'knot': 8}",0.8483333333333334,0.843026802053139,"{'C': np.float64(33.59818286283781), 'class_weight': None, 'dual': False, 'fit_intercept': True, 'intercept_scaling': 1, 'loss': 'squared_hinge', 'max_iter': 100, 'multi_class': 'ovr', 'penalty': 'l1', 'random_state': 42, 'tol': 0.001, 'verbose': 0}",0.19834542274475098
Coffee,10,20,6,5,LogisticRegression,Time_Warping,4,"{'sigma': 0.05, 'knot': 8}",0.7683333333333333,0.7795690489490622,"{'C': np.float64(33.59818286283781), 'class_weight': None, 'dual': False, 'fit_intercept': True, 'intercept_scaling': 1, 'l1_ratio': None, 'max_iter': 100, 'multi_class': 'deprecated', 'n_jobs': None, 'penalty': 'l2', 'random_state': 42, 'solver': 'saga', 'tol': 0.0001, 'verbose': 0, 'warm_start': False}",0.11142158508300781
Coffee,10,20,6,5,KNN,Time_Warping,5,"{'sigma': 0.1, 'knot': 4}",0.9,0.9039427289240303,"{'algorithm': 'auto', 'leaf_size': 30, 'metric': 'minkowski', 'metric_params': None, 'n_jobs': None, 'n_neighbors': np.int64(5), 'p': 3, 'weights': 'distance'}",0.12210226058959961
Coffee,10,20,6,5,RandomForest,Time_Warping,5,"{'sigma': 0.1, 'knot': 4}",0.8566666666666667,0.8581556363887736,"{'bootstrap': True, 'ccp_alpha': 0.0, 'class_weight': None, 'criterion': 'gini', 'max_depth': None, 'max_features': 'sqrt', 'max_leaf_nodes': None, 'max_samples': None, 'min_impurity_decrease': 0.0, 'min_samples_leaf': 4, 'min_samples_split': 2, 'min_weight_fraction_leaf': 0.0, 'monotonic_cst': None, 'n_estimators': 50, 'n_jobs': None, 'oob_score': False, 'random_state': 42, 'verbose': 0, 'warm_start': False}",1.8788561820983887
Coffee,10,20,6,5,LinearSVC,Time_Warping,5,"{'sigma': 0.1, 'knot': 4}",0.6883333333333334,0.6618933680587096,"{'C': np.float64(33.59818286283781), 'class_weight': None, 'dual': False, 'fit_intercept': True, 'intercept_scaling': 1, 'loss': 'squared_hinge', 'max_iter': 100, 'multi_class': 'ovr', 'penalty': 'l1', 'random_state': 42, 'tol': 0.001, 'verbose': 0}",0.09860754013061523
Coffee,10,20,6,5,LogisticRegression,Time_Warping,5,"{'sigma': 0.1, 'knot': 4}",0.6633333333333333,0.6393692979370729,"{'C': np.float64(33.59818286283781), 'class_weight': None, 'dual': False, 'fit_intercept': True, 'intercept_scaling': 1, 'l1_ratio': None, 'max_iter': 100, 'multi_class': 'deprecated', 'n_jobs': None, 'penalty': 'l2', 'random_state': 42, 'solver': 'saga', 'tol': 0.0001, 'verbose': 0, 'warm_start': False}",0.10575270652770996
Coffee,10,20,6,5,KNN,Time_Warping,6,"{'sigma': 0.3, 'knot': 6}",0.9066666666666666,0.9093452002210806,"{'algorithm': 'auto', 'leaf_size': 30, 'metric': 'manhattan', 'metric_params': None, 'n_jobs': None, 'n_neighbors': np.int64(5), 'p': 2, 'weights': 'distance'}",0.054517269134521484
Coffee,10,20,6,5,RandomForest,Time_Warping,6,"{'sigma': 0.3, 'knot': 6}",0.835,0.8357801481879036,"{'bootstrap': True, 'ccp_alpha': 0.0, 'class_weight': None, 'criterion': 'gini', 'max_depth': None, 'max_features': 'sqrt', 'max_leaf_nodes': None, 'max_samples': None, 'min_impurity_decrease': 0.0, 'min_samples_leaf': 4, 'min_samples_split': 2, 'min_weight_fraction_leaf': 0.0, 'monotonic_cst': None, 'n_estimators': 50, 'n_jobs': None, 'oob_score': False, 'random_state': 42, 'verbose': 0, 'warm_start': False}",1.7704401016235352
Coffee,10,20,6,5,LinearSVC,Time_Warping,6,"{'sigma': 0.3, 'knot': 6}",0.6316666666666667,0.598673862542478,"{'C': np.float64(33.59818286283781), 'class_weight': None, 'dual': False, 'fit_intercept': True, 'intercept_scaling': 1, 'loss': 'squared_hinge', 'max_iter': 100, 'multi_class': 'ovr', 'penalty': 'l1', 'random_state': 42, 'tol': 0.001, 'verbose': 0}",0.07377243041992188
Coffee,10,20,6,5,LogisticRegression,Time_Warping,6,"{'sigma': 0.3, 'knot': 6}",0.645,0.6237864304469299,"{'C': np.float64(33.59818286283781), 'class_weight': 'balanced', 'dual': False, 'fit_intercept': True, 'intercept_scaling': 1, 'l1_ratio': None, 'max_iter': 100, 'multi_class': 'deprecated', 'n_jobs': None, 'penalty': 'l1', 'random_state': 42, 'solver': 'saga', 'tol': 0.0001, 'verbose': 0, 'warm_start': False}",0.16674184799194336
Coffee,10,20,6,5,KNN,Time_Warping,7,"{'sigma': 0.05, 'knot': 6}",0.91,0.9139115517082346,"{'algorithm': 'auto', 'leaf_size': 30, 'metric': 'minkowski', 'metric_params': None, 'n_jobs': None, 'n_neighbors': np.int64(5), 'p': 3, 'weights': 'distance'}",0.09723281860351562
Coffee,10,20,6,5,RandomForest,Time_Warping,7,"{'sigma': 0.05, 'knot': 6}",0.8616666666666667,0.8649039724590171,"{'bootstrap': True, 'ccp_alpha': 0.0, 'class_weight': None, 'criterion': 'gini', 'max_depth': None, 'max_features': 'sqrt', 'max_leaf_nodes': None, 'max_samples': None, 'min_impurity_decrease': 0.0, 'min_samples_leaf': 4, 'min_samples_split': 2, 'min_weight_fraction_leaf': 0.0, 'monotonic_cst': None, 'n_estimators': 50, 'n_jobs': None, 'oob_score': False, 'random_state': 42, 'verbose': 0, 'warm_start': False}",1.7095000743865967
Coffee,10,20,6,5,LinearSVC,Time_Warping,7,"{'sigma': 0.05, 'knot': 6}",0.705,0.6990805425447949,"{'C': np.float64(1000.0), 'class_weight': 'balanced', 'dual': False, 'fit_intercept': True, 'intercept_scaling': 1, 'loss': 'squared_hinge', 'max_iter': 100, 'multi_class': 'ovr', 'penalty': 'l2', 'random_state': 42, 'tol': 0.001, 'verbose': 0}",0.05804753303527832
Coffee,10,20,6,5,LogisticRegression,Time_Warping,7,"{'sigma': 0.05, 'knot': 6}",0.7783333333333333,0.7900849671124214,"{'C': np.float64(33.59818286283781), 'class_weight': None, 'dual': False, 'fit_intercept': True, 'intercept_scaling': 1, 'l1_ratio': None, 'max_iter': 100, 'multi_class': 'deprecated', 'n_jobs': None, 'penalty': 'l2', 'random_state': 42, 'solver': 'saga', 'tol': 0.0001, 'verbose': 0, 'warm_start': False}",0.10490560531616211
Coffee,10,20,6,5,KNN,Time_Warping,8,"{'sigma': 0.3, 'knot': 6}",0.91,0.9134222785858627,"{'algorithm': 'auto', 'leaf_size': 30, 'metric': 'minkowski', 'metric_params': None, 'n_jobs': None, 'n_neighbors': np.int64(5), 'p': 3, 'weights': 'distance'}",0.1228632926940918
Coffee,10,20,6,5,RandomForest,Time_Warping,8,"{'sigma': 0.3, 'knot': 6}",0.8616666666666667,0.8625772729985761,"{'bootstrap': True, 'ccp_alpha': 0.0, 'class_weight': None, 'criterion': 'gini', 'max_depth': None, 'max_features': 'sqrt', 'max_leaf_nodes': None, 'max_samples': None, 'min_impurity_decrease': 0.0, 'min_samples_leaf': 4, 'min_samples_split': 2, 'min_weight_fraction_leaf': 0.0, 'monotonic_cst': None, 'n_estimators': 50, 'n_jobs': None, 'oob_score': False, 'random_state': 42, 'verbose': 0, 'warm_start': False}",1.9414644241333008
Coffee,10,20,6,5,LinearSVC,Time_Warping,8,"{'sigma': 0.3, 'knot': 6}",0.6416666666666667,0.6210346161429637,"{'C': np.float64(183.29807108324337), 'class_weight': 'balanced', 'dual': False, 'fit_intercept': True, 'intercept_scaling': 1, 'loss': 'squared_hinge', 'max_iter': 100, 'multi_class': 'ovr', 'penalty': 'l1', 'random_state': 42, 'tol': 0.0001, 'verbose': 0}",0.09232354164123535
Coffee,10,20,6,5,LogisticRegression,Time_Warping,8,"{'sigma': 0.3, 'knot': 6}",0.65,0.6278671687778158,"{'C': np.float64(33.59818286283781), 'class_weight': 'balanced', 'dual': False, 'fit_intercept': True, 'intercept_scaling': 1, 'l1_ratio': None, 'max_iter': 100, 'multi_class': 'deprecated', 'n_jobs': None, 'penalty': 'l2', 'random_state': 42, 'solver': 'saga', 'tol': 0.0001, 'verbose': 0, 'warm_start': False}",0.12804865837097168
Coffee,10,20,6,5,KNN,Time_Warping,9,"{'sigma': 0.1, 'knot': 6}",0.9083333333333333,0.9119178447819938,"{'algorithm': 'auto', 'leaf_size': 30, 'metric': 'minkowski', 'metric_params': None, 'n_jobs': None, 'n_neighbors': np.int64(5), 'p': 3, 'weights': 'distance'}",0.09547257423400879
Coffee,10,20,6,5,RandomForest,Time_Warping,9,"{'sigma': 0.1, 'knot': 6}",0.8566666666666667,0.8595971339592182,"{'bootstrap': True, 'ccp_alpha': 0.0, 'class_weight': None, 'criterion': 'gini', 'max_depth': None, 'max_features': 'sqrt', 'max_leaf_nodes': None, 'max_samples': None, 'min_impurity_decrease': 0.0, 'min_samples_leaf': 4, 'min_samples_split': 2, 'min_weight_fraction_leaf': 0.0, 'monotonic_cst': None, 'n_estimators': 50, 'n_jobs': None, 'oob_score': False, 'random_state': 42, 'verbose': 0, 'warm_start': False}",1.8503460884094238
Coffee,10,20,6,5,LinearSVC,Time_Warping,9,"{'sigma': 0.1, 'knot': 6}",0.485,0.474747304238765,"{'C': np.float64(0.0069519279617756054), 'class_weight': 'balanced', 'dual': False, 'fit_intercept': False, 'intercept_scaling': 1, 'loss': 'squared_hinge', 'max_iter': 100, 'multi_class': 'ovr', 'penalty': 'l2', 'random_state': 42, 'tol': 0.0001, 'verbose': 0}",0.05475330352783203
Coffee,10,20,6,5,LogisticRegression,Time_Warping,9,"{'sigma': 0.1, 'knot': 6}",0.6666666666666666,0.6423814500050448,"{'C': np.float64(33.59818286283781), 'class_weight': None, 'dual': False, 'fit_intercept': True, 'intercept_scaling': 1, 'l1_ratio': None, 'max_iter': 100, 'multi_class': 'deprecated', 'n_jobs': None, 'penalty': 'l2', 'random_state': 42, 'solver': 'saga', 'tol': 0.0001, 'verbose': 0, 'warm_start': False}",0.12267374992370605
Coffee,10,20,6,5,KNN,Time_Warping,10,"{'sigma': 0.1, 'knot': 8}",0.9183333333333333,0.9207460655757445,"{'algorithm': 'auto', 'leaf_size': 30, 'metric': 'minkowski', 'metric_params': None, 'n_jobs': None, 'n_neighbors': np.int64(5), 'p': 3, 'weights': 'distance'}",0.09748315811157227
Coffee,10,20,6,5,RandomForest,Time_Warping,10,"{'sigma': 0.1, 'knot': 8}",0.8483333333333334,0.8492548396662085,"{'bootstrap': True, 'ccp_alpha': 0.0, 'class_weight': None, 'criterion': 'gini', 'max_depth': None, 'max_features': 'sqrt', 'max_leaf_nodes': None, 'max_samples': None, 'min_impurity_decrease': 0.0, 'min_samples_leaf': 4, 'min_samples_split': 10, 'min_weight_fraction_leaf': 0.0, 'monotonic_cst': None, 'n_estimators': 50, 'n_jobs': None, 'oob_score': False, 'random_state': 42, 'verbose': 0, 'warm_start': False}",2.080441474914551
Coffee,10,20,6,5,LinearSVC,Time_Warping,10,"{'sigma': 0.1, 'knot': 8}",0.7616666666666667,0.7302912418327914,"{'C': np.float64(33.59818286283781), 'class_weight': None, 'dual': False, 'fit_intercept': True, 'intercept_scaling': 1, 'loss': 'squared_hinge', 'max_iter': 100, 'multi_class': 'ovr', 'penalty': 'l1', 'random_state': 42, 'tol': 0.001, 'verbose': 0}",0.16693449020385742
Coffee,10,20,6,5,LogisticRegression,Time_Warping,10,"{'sigma': 0.1, 'knot': 8}",0.685,0.6648422000534677,"{'C': np.float64(33.59818286283781), 'class_weight': None, 'dual': False, 'fit_intercept': True, 'intercept_scaling': 1, 'l1_ratio': None, 'max_iter': 100, 'multi_class': 'deprecated', 'n_jobs': None, 'penalty': 'l2', 'random_state': 42, 'solver': 'saga', 'tol': 0.0001, 'verbose': 0, 'warm_start': False}",0.13143324851989746
Coffee,10,20,6,10,KNN,Time_Warping,1,"{'sigma': 0.2, 'knot': 4}",0.9383333333333334,0.939051826828991,"{'algorithm': 'auto', 'leaf_size': 30, 'metric': 'minkowski', 'metric_params': None, 'n_jobs': None, 'n_neighbors': 5, 'p': 2, 'weights': 'uniform'}",0.10036134719848633
Coffee,10,20,6,10,RandomForest,Time_Warping,1,"{'sigma': 0.2, 'knot': 4}",0.8283333333333334,0.8306211382508717,"{'bootstrap': True, 'ccp_alpha': 0.0, 'class_weight': None, 'criterion': 'gini', 'max_depth': None, 'max_features': 'sqrt', 'max_leaf_nodes': None, 'max_samples': None, 'min_impurity_decrease': 0.0, 'min_samples_leaf': 1, 'min_samples_split': 2, 'min_weight_fraction_leaf': 0.0, 'monotonic_cst': None, 'n_estimators': 100, 'n_jobs': None, 'oob_score': False, 'random_state': 42, 'verbose': 0, 'warm_start': False}",9.24479603767395
Coffee,10,20,6,10,LinearSVC,Time_Warping,1,"{'sigma': 0.2, 'knot': 4}",0.645,0.6211310494817321,"{'C': 1.0, 'class_weight': None, 'dual': False, 'fit_intercept': True, 'intercept_scaling': 1, 'loss': 'squared_hinge', 'max_iter': 100, 'multi_class': 'ovr', 'penalty': 'l2', 'random_state': 42, 'tol': 0.0001, 'verbose': 0}",0.09724760055541992
Coffee,10,20,6,10,LogisticRegression,Time_Warping,1,"{'sigma': 0.2, 'knot': 4}",0.62,0.6028631160338135,"{'C': 1.0, 'class_weight': None, 'dual': False, 'fit_intercept': True, 'intercept_scaling': 1, 'l1_ratio': None, 'max_iter': 100, 'multi_class': 'deprecated', 'n_jobs': None, 'penalty': 'l2', 'random_state': 42, 'solver': 'lbfgs', 'tol': 0.0001, 'verbose': 0, 'warm_start': False}",0.15382146835327148
Coffee,10,20,6,10,KNN,Time_Warping,2,"{'sigma': 0.2, 'knot': 3}",0.915,0.917078302107858,"{'algorithm': 'auto', 'leaf_size': 30, 'metric': 'minkowski', 'metric_params': None, 'n_jobs': None, 'n_neighbors': 5, 'p': 2, 'weights': 'uniform'}",0.09481549263000488
Coffee,10,20,6,10,RandomForest,Time_Warping,2,"{'sigma': 0.2, 'knot': 3}",0.8566666666666667,0.8560734456156622,"{'bootstrap': True, 'ccp_alpha': 0.0, 'class_weight': None, 'criterion': 'gini', 'max_depth': None, 'max_features': 'sqrt', 'max_leaf_nodes': None, 'max_samples': None, 'min_impurity_decrease': 0.0, 'min_samples_leaf': 1, 'min_samples_split': 2, 'min_weight_fraction_leaf': 0.0, 'monotonic_cst': None, 'n_estimators': 100, 'n_jobs': None, 'oob_score': False, 'random_state': 42, 'verbose': 0, 'warm_start': False}",8.69084644317627
Coffee,10,20,6,10,LinearSVC,Time_Warping,2,"{'sigma': 0.2, 'knot': 3}",0.6216666666666667,0.602698943101656,"{'C': 1.0, 'class_weight': None, 'dual': False, 'fit_intercept': True, 'intercept_scaling': 1, 'loss': 'squared_hinge', 'max_iter': 100, 'multi_class': 'ovr', 'penalty': 'l2', 'random_state': 42, 'tol': 0.0001, 'verbose': 0}",0.10646963119506836
Coffee,10,20,6,10,LogisticRegression,Time_Warping,2,"{'sigma': 0.2, 'knot': 3}",0.6216666666666667,0.6043069640022909,"{'C': 1.0, 'class_weight': None, 'dual': False, 'fit_intercept': True, 'intercept_scaling': 1, 'l1_ratio': None, 'max_iter': 100, 'multi_class': 'deprecated', 'n_jobs': None, 'penalty': 'l2', 'random_state': 42, 'solver': 'lbfgs', 'tol': 0.0001, 'verbose': 0, 'warm_start': False}",0.1845111846923828
Coffee,10,20,6,10,KNN,Time_Warping,3,"{'sigma': 0.5, 'knot': 4}",0.9083333333333333,0.9114635523039843,"{'algorithm': 'auto', 'leaf_size': 30, 'metric': 'minkowski', 'metric_params': None, 'n_jobs': None, 'n_neighbors': 5, 'p': 2, 'weights': 'uniform'}",0.09534168243408203
Coffee,10,20,6,10,RandomForest,Time_Warping,3,"{'sigma': 0.5, 'knot': 4}",0.8416666666666667,0.8433991758950263,"{'bootstrap': True, 'ccp_alpha': 0.0, 'class_weight': None, 'criterion': 'gini', 'max_depth': None, 'max_features': 'sqrt', 'max_leaf_nodes': None, 'max_samples': None, 'min_impurity_decrease': 0.0, 'min_samples_leaf': 1, 'min_samples_split': 2, 'min_weight_fraction_leaf': 0.0, 'monotonic_cst': None, 'n_estimators': 100, 'n_jobs': None, 'oob_score': False, 'random_state': 42, 'verbose': 0, 'warm_start': False}",8.89164423942566
Coffee,10,20,6,10,LinearSVC,Time_Warping,3,"{'sigma': 0.5, 'knot': 4}",0.6316666666666667,0.6127260724523177,"{'C': 1.0, 'class_weight': None, 'dual': False, 'fit_intercept': True, 'intercept_scaling': 1, 'loss': 'squared_hinge', 'max_iter': 100, 'multi_class': 'ovr', 'penalty': 'l2', 'random_state': 42, 'tol': 0.0001, 'verbose': 0}",0.10453629493713379
Coffee,10,20,6,10,LogisticRegression,Time_Warping,3,"{'sigma': 0.5, 'knot': 4}",0.6216666666666667,0.6042881787562638,"{'C': 1.0, 'class_weight': None, 'dual': False, 'fit_intercept': True, 'intercept_scaling': 1, 'l1_ratio': None, 'max_iter': 100, 'multi_class': 'deprecated', 'n_jobs': None, 'penalty': 'l2', 'random_state': 42, 'solver': 'lbfgs', 'tol': 0.0001, 'verbose': 0, 'warm_start': False}",0.11740493774414062
Coffee,10,20,6,10,KNN,Time_Warping,4,"{'sigma': 0.05, 'knot': 8}",0.925,0.9274732608065942,"{'algorithm': 'auto', 'leaf_size': 30, 'metric': 'minkowski', 'metric_params': None, 'n_jobs': None, 'n_neighbors': 5, 'p': 2, 'weights': 'uniform'}",0.10114502906799316
Coffee,10,20,6,10,RandomForest,Time_Warping,4,"{'sigma': 0.05, 'knot': 8}",0.8366666666666667,0.8425603954905111,"{'bootstrap': True, 'ccp_alpha': 0.0, 'class_weight': None, 'criterion': 'gini', 'max_depth': None, 'max_features': 'sqrt', 'max_leaf_nodes': None, 'max_samples': None, 'min_impurity_decrease': 0.0, 'min_samples_leaf': 1, 'min_samples_split': 2, 'min_weight_fraction_leaf': 0.0, 'monotonic_cst': None, 'n_estimators': 100, 'n_jobs': None, 'oob_score': False, 'random_state': 42, 'verbose': 0, 'warm_start': False}",8.07841444015503
Coffee,10,20,6,10,LinearSVC,Time_Warping,4,"{'sigma': 0.05, 'knot': 8}",0.8183333333333334,0.7997028695043583,"{'C': 1.0, 'class_weight': None, 'dual': False, 'fit_intercept': True, 'intercept_scaling': 1, 'loss': 'squared_hinge', 'max_iter': 100, 'multi_class': 'ovr', 'penalty': 'l2', 'random_state': 42, 'tol': 0.0001, 'verbose': 0}",0.11869955062866211
Coffee,10,20,6,10,LogisticRegression,Time_Warping,4,"{'sigma': 0.05, 'knot': 8}",0.7766666666666666,0.7886807296338032,"{'C': 1.0, 'class_weight': None, 'dual': False, 'fit_intercept': True, 'intercept_scaling': 1, 'l1_ratio': None, 'max_iter': 100, 'multi_class': 'deprecated', 'n_jobs': None, 'penalty': 'l2', 'random_state': 42, 'solver': 'lbfgs', 'tol': 0.0001, 'verbose': 0, 'warm_start': False}",0.9037494659423828
Coffee,10,20,6,10,KNN,Time_Warping,5,"{'sigma': 0.1, 'knot': 4}",0.91,0.9131944444444445,"{'algorithm': 'auto', 'leaf_size': 30, 'metric': 'minkowski', 'metric_params': None, 'n_jobs': None, 'n_neighbors': 5, 'p': 2, 'weights': 'uniform'}",0.09714436531066895
Coffee,10,20,6,10,RandomForest,Time_Warping,5,"{'sigma': 0.1, 'knot': 4}",0.8466666666666667,0.8483238221805295,"{'bootstrap': True, 'ccp_alpha': 0.0, 'class_weight': None, 'criterion': 'gini', 'max_depth': None, 'max_features': 'sqrt', 'max_leaf_nodes': None, 'max_samples': None, 'min_impurity_decrease': 0.0, 'min_samples_leaf': 1, 'min_samples_split': 2, 'min_weight_fraction_leaf': 0.0, 'monotonic_cst': None, 'n_estimators': 100, 'n_jobs': None, 'oob_score': False, 'random_state': 42, 'verbose': 0, 'warm_start': False}",8.178404092788696
Coffee,10,20,6,10,LinearSVC,Time_Warping,5,"{'sigma': 0.1, 'knot': 4}",0.6583333333333333,0.6335889141906303,"{'C': 1.0, 'class_weight': None, 'dual': False, 'fit_intercept': True, 'intercept_scaling': 1, 'loss': 'squared_hinge', 'max_iter': 100, 'multi_class': 'ovr', 'penalty': 'l2', 'random_state': 42, 'tol': 0.0001, 'verbose': 0}",0.10453605651855469
Coffee,10,20,6,10,LogisticRegression,Time_Warping,5,"{'sigma': 0.1, 'knot': 4}",0.6483333333333333,0.6268397560136593,"{'C': 1.0, 'class_weight': None, 'dual': False, 'fit_intercept': True, 'intercept_scaling': 1, 'l1_ratio': None, 'max_iter': 100, 'multi_class': 'deprecated', 'n_jobs': None, 'penalty': 'l2', 'random_state': 42, 'solver': 'lbfgs', 'tol': 0.0001, 'verbose': 0, 'warm_start': False}",0.3266026973724365
Coffee,10,20,6,10,KNN,Time_Warping,6,"{'sigma': 0.3, 'knot': 6}",0.9166666666666666,0.9187930616036966,"{'algorithm': 'auto', 'leaf_size': 30, 'metric': 'minkowski', 'metric_params': None, 'n_jobs': None, 'n_neighbors': 5, 'p': 2, 'weights': 'uniform'}",0.11739158630371094
Coffee,10,20,6,10,RandomForest,Time_Warping,6,"{'sigma': 0.3, 'knot': 6}",0.8283333333333334,0.8300352905866214,"{'bootstrap': True, 'ccp_alpha': 0.0, 'class_weight': None, 'criterion': 'gini', 'max_depth': None, 'max_features': 'sqrt', 'max_leaf_nodes': None, 'max_samples': None, 'min_impurity_decrease': 0.0, 'min_samples_leaf': 1, 'min_samples_split': 2, 'min_weight_fraction_leaf': 0.0, 'monotonic_cst': None, 'n_estimators': 100, 'n_jobs': None, 'oob_score': False, 'random_state': 42, 'verbose': 0, 'warm_start': False}",9.320639848709106
Coffee,10,20,6,10,LinearSVC,Time_Warping,6,"{'sigma': 0.3, 'knot': 6}",0.635,0.6137241969039877,"{'C': 1.0, 'class_weight': None, 'dual': False, 'fit_intercept': True, 'intercept_scaling': 1, 'loss': 'squared_hinge', 'max_iter': 100, 'multi_class': 'ovr', 'penalty': 'l2', 'random_state': 42, 'tol': 0.0001, 'verbose': 0}",0.10937666893005371
Coffee,10,20,6,10,LogisticRegression,Time_Warping,6,"{'sigma': 0.3, 'knot': 6}",0.625,0.606671783157479,"{'C': 1.0, 'class_weight': None, 'dual': False, 'fit_intercept': True, 'intercept_scaling': 1, 'l1_ratio': None, 'max_iter': 100, 'multi_class': 'deprecated', 'n_jobs': None, 'penalty': 'l2', 'random_state': 42, 'solver': 'lbfgs', 'tol': 0.0001, 'verbose': 0, 'warm_start': False}",0.15897130966186523
Coffee,10,20,6,10,KNN,Time_Warping,7,"{'sigma': 0.05, 'knot': 6}",0.9283333333333333,0.929972212599503,"{'algorithm': 'auto', 'leaf_size': 30, 'metric': 'minkowski', 'metric_params': None, 'n_jobs': None, 'n_neighbors': 5, 'p': 2, 'weights': 'uniform'}",0.08366274833679199
Coffee,10,20,6,10,RandomForest,Time_Warping,7,"{'sigma': 0.05, 'knot': 6}",0.8716666666666667,0.8768861975268072,"{'bootstrap': True, 'ccp_alpha': 0.0, 'class_weight': None, 'criterion': 'gini', 'max_depth': None, 'max_features': 'sqrt', 'max_leaf_nodes': None, 'max_samples': None, 'min_impurity_decrease': 0.0, 'min_samples_leaf': 1, 'min_samples_split': 2, 'min_weight_fraction_leaf': 0.0, 'monotonic_cst': None, 'n_estimators': 100, 'n_jobs': None, 'oob_score': False, 'random_state': 42, 'verbose': 0, 'warm_start': False}",8.06731367111206
Coffee,10,20,6,10,LinearSVC,Time_Warping,7,"{'sigma': 0.05, 'knot': 6}",0.83,0.8151973507835539,"{'C': 1.0, 'class_weight': None, 'dual': False, 'fit_intercept': True, 'intercept_scaling': 1, 'loss': 'squared_hinge', 'max_iter': 100, 'multi_class': 'ovr', 'penalty': 'l2', 'random_state': 42, 'tol': 0.0001, 'verbose': 0}",0.1206202507019043
Coffee,10,20,6,10,LogisticRegression,Time_Warping,7,"{'sigma': 0.05, 'knot': 6}",0.7933333333333333,0.8025376305080374,"{'C': 1.0, 'class_weight': None, 'dual': False, 'fit_intercept': True, 'intercept_scaling': 1, 'l1_ratio': None, 'max_iter': 100, 'multi_class': 'deprecated', 'n_jobs': None, 'penalty': 'l2', 'random_state': 42, 'solver': 'lbfgs', 'tol': 0.0001, 'verbose': 0, 'warm_start': False}",1.1277656555175781
Coffee,10,20,6,10,KNN,Time_Warping,8,"{'sigma': 0.3, 'knot': 6}",0.8966666666666666,0.9000250087447521,"{'algorithm': 'auto', 'leaf_size': 30, 'metric': 'minkowski', 'metric_params': None, 'n_jobs': None, 'n_neighbors': 5, 'p': 2, 'weights': 'uniform'}",0.1040496826171875
Coffee,10,20,6,10,RandomForest,Time_Warping,8,"{'sigma': 0.3, 'knot': 6}",0.8283333333333334,0.8294356599728584,"{'bootstrap': True, 'ccp_alpha': 0.0, 'class_weight': None, 'criterion': 'gini', 'max_depth': None, 'max_features': 'sqrt', 'max_leaf_nodes': None, 'max_samples': None, 'min_impurity_decrease': 0.0, 'min_samples_leaf': 1, 'min_samples_split': 2, 'min_weight_fraction_leaf': 0.0, 'monotonic_cst': None, 'n_estimators': 100, 'n_jobs': None, 'oob_score': False, 'random_state': 42, 'verbose': 0, 'warm_start': False}",8.58514142036438
Coffee,10,20,6,10,LinearSVC,Time_Warping,8,"{'sigma': 0.3, 'knot': 6}",0.6216666666666667,0.6017993354163567,"{'C': 1.0, 'class_weight': None, 'dual': False, 'fit_intercept': True, 'intercept_scaling': 1, 'loss': 'squared_hinge', 'max_iter': 100, 'multi_class': 'ovr', 'penalty': 'l2', 'random_state': 42, 'tol': 0.0001, 'verbose': 0}",0.10706067085266113
Coffee,10,20,6,10,LogisticRegression,Time_Warping,8,"{'sigma': 0.3, 'knot': 6}",0.6183333333333333,0.6012983079316564,"{'C': 1.0, 'class_weight': None, 'dual': False, 'fit_intercept': True, 'intercept_scaling': 1, 'l1_ratio': None, 'max_iter': 100, 'multi_class': 'deprecated', 'n_jobs': None, 'penalty': 'l2', 'random_state': 42, 'solver': 'lbfgs', 'tol': 0.0001, 'verbose': 0, 'warm_start': False}",0.24627470970153809
Coffee,10,20,6,10,KNN,Time_Warping,9,"{'sigma': 0.1, 'knot': 6}",0.905,0.9082133542274903,"{'algorithm': 'auto', 'leaf_size': 30, 'metric': 'minkowski', 'metric_params': None, 'n_jobs': None, 'n_neighbors': 5, 'p': 2, 'weights': 'uniform'}",0.10148835182189941
Coffee,10,20,6,10,RandomForest,Time_Warping,9,"{'sigma': 0.1, 'knot': 6}",0.8516666666666667,0.8542454585680633,"{'bootstrap': True, 'ccp_alpha': 0.0, 'class_weight': None, 'criterion': 'gini', 'max_depth': None, 'max_features': 'sqrt', 'max_leaf_nodes': None, 'max_samples': None, 'min_impurity_decrease': 0.0, 'min_samples_leaf': 1, 'min_samples_split': 2, 'min_weight_fraction_leaf': 0.0, 'monotonic_cst': None, 'n_estimators': 100, 'n_jobs': None, 'oob_score': False, 'random_state': 42, 'verbose': 0, 'warm_start': False}",8.146378755569458
Coffee,10,20,6,10,LinearSVC,Time_Warping,9,"{'sigma': 0.1, 'knot': 6}",0.7233333333333334,0.6936328136436474,"{'C': 1.0, 'class_weight': None, 'dual': False, 'fit_intercept': True, 'intercept_scaling': 1, 'loss': 'squared_hinge', 'max_iter': 100, 'multi_class': 'ovr', 'penalty': 'l2', 'random_state': 42, 'tol': 0.0001, 'verbose': 0}",0.10802626609802246
Coffee,10,20,6,10,LogisticRegression,Time_Warping,9,"{'sigma': 0.1, 'knot': 6}",0.6633333333333333,0.6398331669251305,"{'C': 1.0, 'class_weight': None, 'dual': False, 'fit_intercept': True, 'intercept_scaling': 1, 'l1_ratio': None, 'max_iter': 100, 'multi_class': 'deprecated', 'n_jobs': None, 'penalty': 'l2', 'random_state': 42, 'solver': 'lbfgs', 'tol': 0.0001, 'verbose': 0, 'warm_start': False}",0.28316283226013184
Coffee,10,20,6,10,KNN,Time_Warping,10,"{'sigma': 0.1, 'knot': 8}",0.9166666666666666,0.9190219775928473,"{'algorithm': 'auto', 'leaf_size': 30, 'metric': 'minkowski', 'metric_params': None, 'n_jobs': None, 'n_neighbors': 5, 'p': 2, 'weights': 'uniform'}",0.10770225524902344
Coffee,10,20,6,10,RandomForest,Time_Warping,10,"{'sigma': 0.1, 'knot': 8}",0.8616666666666667,0.8640052368698563,"{'bootstrap': True, 'ccp_alpha': 0.0, 'class_weight': None, 'criterion': 'gini', 'max_depth': None, 'max_features': 'sqrt', 'max_leaf_nodes': None, 'max_samples': None, 'min_impurity_decrease': 0.0, 'min_samples_leaf': 1, 'min_samples_split': 2, 'min_weight_fraction_leaf': 0.0, 'monotonic_cst': None, 'n_estimators': 100, 'n_jobs': None, 'oob_score': False, 'random_state': 42, 'verbose': 0, 'warm_start': False}",8.442136287689209
Coffee,10,20,6,10,LinearSVC,Time_Warping,10,"{'sigma': 0.1, 'knot': 8}",0.7366666666666667,0.7064314877378419,"{'C': 1.0, 'class_weight': None, 'dual': False, 'fit_intercept': True, 'intercept_scaling': 1, 'loss': 'squared_hinge', 'max_iter': 100, 'multi_class': 'ovr', 'penalty': 'l2', 'random_state': 42, 'tol': 0.0001, 'verbose': 0}",0.11608004570007324
Coffee,10,20,6,10,LogisticRegression,Time_Warping,10,"{'sigma': 0.1, 'knot': 8}",0.665,0.6412456895466787,"{'C': 1.0, 'class_weight': None, 'dual': False, 'fit_intercept': True, 'intercept_scaling': 1, 'l1_ratio': None, 'max_iter': 100, 'multi_class': 'deprecated', 'n_jobs': None, 'penalty': 'l2', 'random_state': 42, 'solver': 'lbfgs', 'tol': 0.0001, 'verbose': 0, 'warm_start': False}",0.2656276226043701
Coffee,10,20,7,1,KNN,Baseline,N/A,N/A,0.9016666666666666,0.9036021241324554,"{'algorithm': 'auto', 'leaf_size': 30, 'metric': 'minkowski', 'metric_params': None, 'n_jobs': None, 'n_neighbors': 5, 'p': 2, 'weights': 'uniform'}",0.025418758392333984
Coffee,10,20,7,1,KNN,Tuned_Baseline,N/A,N/A,0.9,0.9025625840887536,"{'algorithm': 'auto', 'leaf_size': 30, 'metric': 'minkowski', 'metric_params': None, 'n_jobs': None, 'n_neighbors': np.int64(5), 'p': 3, 'weights': 'distance'}",0.02178049087524414
Coffee,10,20,7,1,RandomForest,Baseline,N/A,N/A,0.8633333333333333,0.8699416439754285,"{'bootstrap': True, 'ccp_alpha': 0.0, 'class_weight': None, 'criterion': 'gini', 'max_depth': None, 'max_features': 'sqrt', 'max_leaf_nodes': None, 'max_samples': None, 'min_impurity_decrease': 0.0, 'min_samples_leaf': 1, 'min_samples_split': 2, 'min_weight_fraction_leaf': 0.0, 'monotonic_cst': None, 'n_estimators': 100, 'n_jobs': None, 'oob_score': False, 'random_state': 42, 'verbose': 0, 'warm_start': False}",0.6104280948638916
Coffee,10,20,7,1,RandomForest,Tuned_Baseline,N/A,N/A,0.9,0.9033452622077465,"{'bootstrap': True, 'ccp_alpha': 0.0, 'class_weight': 'balanced', 'criterion': 'gini', 'max_depth': 30, 'max_features': 'sqrt', 'max_leaf_nodes': None, 'max_samples': None, 'min_impurity_decrease': 0.0, 'min_samples_leaf': 1, 'min_samples_split': 2, 'min_weight_fraction_leaf': 0.0, 'monotonic_cst': None, 'n_estimators': 150, 'n_jobs': None, 'oob_score': False, 'random_state': 42, 'verbose': 0, 'warm_start': False}",0.009738683700561523
Coffee,10,20,7,1,LinearSVC,Baseline,N/A,N/A,0.765,0.7729948221417846,"{'C': 1.0, 'class_weight': None, 'dual': False, 'fit_intercept': True, 'intercept_scaling': 1, 'loss': 'squared_hinge', 'max_iter': 100, 'multi_class': 'ovr', 'penalty': 'l2', 'random_state': 42, 'tol': 0.0001, 'verbose': 0}",0.013368844985961914
Coffee,10,20,7,1,LinearSVC,Tuned_Baseline,N/A,N/A,0.77,0.777969628842778,"{'C': np.float64(6.1584821106602545), 'class_weight': None, 'dual': False, 'fit_intercept': True, 'intercept_scaling': 1, 'loss': 'squared_hinge', 'max_iter': 100, 'multi_class': 'ovr', 'penalty': 'l2', 'random_state': 42, 'tol': 0.0001, 'verbose': 0}",0.00021147727966308594
Coffee,10,20,7,1,LogisticRegression,Baseline,N/A,N/A,0.7533333333333333,0.7650406188526694,"{'C': 1.0, 'class_weight': None, 'dual': False, 'fit_intercept': True, 'intercept_scaling': 1, 'l1_ratio': None, 'max_iter': 100, 'multi_class': 'deprecated', 'n_jobs': None, 'penalty': 'l2', 'random_state': 42, 'solver': 'lbfgs', 'tol': 0.0001, 'verbose': 0, 'warm_start': False}",0.07968640327453613
Coffee,10,20,7,1,LogisticRegression,Tuned_Baseline,N/A,N/A,0.75,0.7610730935947176,"{'C': np.float64(6.1584821106602545), 'class_weight': None, 'dual': False, 'fit_intercept': True, 'intercept_scaling': 1, 'l1_ratio': None, 'max_iter': 100, 'multi_class': 'deprecated', 'n_jobs': None, 'penalty': 'l2', 'random_state': 42, 'solver': 'lbfgs', 'tol': 0.0001, 'verbose': 0, 'warm_start': False}",0.0003330707550048828
Coffee,10,20,7,1,RNN,Tuned_Baseline,N/A,N/A,0.16666666666666666,0.047619047619047616,"{'hidden_size': 64, 'epochs': 10, 'batch_size': 32, 'lr': 0.001}",3.695487976074219e-05
Coffee,10,20,7,2,KNN,Time_Warping,1,"{'sigma': 0.2, 'knot': 4}",0.89,0.8926510695670815,"{'algorithm': 'auto', 'leaf_size': 30, 'metric': 'euclidean', 'metric_params': None, 'n_jobs': None, 'n_neighbors': np.int64(9), 'p': 2, 'weights': 'distance'}",0.02113056182861328
Coffee,10,20,7,2,RandomForest,Time_Warping,1,"{'sigma': 0.2, 'knot': 4}",0.86,0.8620675620675621,"{'bootstrap': True, 'ccp_alpha': 0.0, 'class_weight': 'balanced', 'criterion': 'gini', 'max_depth': 20, 'max_features': 'sqrt', 'max_leaf_nodes': None, 'max_samples': None, 'min_impurity_decrease': 0.0, 'min_samples_leaf': 1, 'min_samples_split': 2, 'min_weight_fraction_leaf': 0.0, 'monotonic_cst': None, 'n_estimators': 50, 'n_jobs': None, 'oob_score': False, 'random_state': 42, 'verbose': 0, 'warm_start': False}",0.6617515087127686
Coffee,10,20,7,2,LinearSVC,Time_Warping,1,"{'sigma': 0.2, 'knot': 4}",0.6416666666666667,0.6223957124335303,"{'C': np.float64(33.59818286283781), 'class_weight': 'balanced', 'dual': False, 'fit_intercept': True, 'intercept_scaling': 1, 'loss': 'squared_hinge', 'max_iter': 100, 'multi_class': 'ovr', 'penalty': 'l1', 'random_state': 42, 'tol': 0.001, 'verbose': 0}",0.03363370895385742
Coffee,10,20,7,2,LogisticRegression,Time_Warping,1,"{'sigma': 0.2, 'knot': 4}",0.645,0.6237864304469299,"{'C': np.float64(183.29807108324337), 'class_weight': 'balanced', 'dual': False, 'fit_intercept': True, 'intercept_scaling': 1, 'l1_ratio': None, 'max_iter': 100, 'multi_class': 'deprecated', 'n_jobs': None, 'penalty': 'l1', 'random_state': 42, 'solver': 'saga', 'tol': 0.0001, 'verbose': 0, 'warm_start': False}",0.05594468116760254
Coffee,10,20,7,2,KNN,Time_Warping,2,"{'sigma': 0.2, 'knot': 3}",0.895,0.8975279358029159,"{'algorithm': 'auto', 'leaf_size': 30, 'metric': 'euclidean', 'metric_params': None, 'n_jobs': None, 'n_neighbors': np.int64(9), 'p': 2, 'weights': 'distance'}",0.021037817001342773
Coffee,10,20,7,2,RandomForest,Time_Warping,2,"{'sigma': 0.2, 'knot': 3}",0.875,0.8758409615560255,"{'bootstrap': True, 'ccp_alpha': 0.0, 'class_weight': 'balanced', 'criterion': 'gini', 'max_depth': 20, 'max_features': 'sqrt', 'max_leaf_nodes': None, 'max_samples': None, 'min_impurity_decrease': 0.0, 'min_samples_leaf': 1, 'min_samples_split': 2, 'min_weight_fraction_leaf': 0.0, 'monotonic_cst': None, 'n_estimators': 50, 'n_jobs': None, 'oob_score': False, 'random_state': 42, 'verbose': 0, 'warm_start': False}",0.733165979385376
Coffee,10,20,7,2,LinearSVC,Time_Warping,2,"{'sigma': 0.2, 'knot': 3}",0.64,0.6202036502091455,"{'C': np.float64(1000.0), 'class_weight': 'balanced', 'dual': False, 'fit_intercept': True, 'intercept_scaling': 1, 'loss': 'squared_hinge', 'max_iter': 100, 'multi_class': 'ovr', 'penalty': 'l2', 'random_state': 42, 'tol': 0.001, 'verbose': 0}",0.019643783569335938
Coffee,10,20,7,2,LogisticRegression,Time_Warping,2,"{'sigma': 0.2, 'knot': 3}",0.6416666666666667,0.6210346161429637,"{'C': np.float64(1000.0), 'class_weight': 'balanced', 'dual': False, 'fit_intercept': True, 'intercept_scaling': 1, 'l1_ratio': None, 'max_iter': 100, 'multi_class': 'deprecated', 'n_jobs': None, 'penalty': 'l2', 'random_state': 42, 'solver': 'sag', 'tol': 0.0001, 'verbose': 0, 'warm_start': False}",0.09051108360290527
Coffee,10,20,7,2,KNN,Time_Warping,3,"{'sigma': 0.5, 'knot': 4}",0.895,0.8975279358029159,"{'algorithm': 'auto', 'leaf_size': 30, 'metric': 'euclidean', 'metric_params': None, 'n_jobs': None, 'n_neighbors': np.int64(9), 'p': 2, 'weights': 'distance'}",0.024554967880249023
Coffee,10,20,7,2,RandomForest,Time_Warping,3,"{'sigma': 0.5, 'knot': 4}",0.8666666666666667,0.8697481603259595,"{'bootstrap': True, 'ccp_alpha': 0.0, 'class_weight': 'balanced', 'criterion': 'gini', 'max_depth': 30, 'max_features': 'sqrt', 'max_leaf_nodes': None, 'max_samples': None, 'min_impurity_decrease': 0.0, 'min_samples_leaf': 1, 'min_samples_split': 2, 'min_weight_fraction_leaf': 0.0, 'monotonic_cst': None, 'n_estimators': 150, 'n_jobs': None, 'oob_score': False, 'random_state': 42, 'verbose': 0, 'warm_start': False}",2.3411405086517334
Coffee,10,20,7,2,LinearSVC,Time_Warping,3,"{'sigma': 0.5, 'knot': 4}",0.6316666666666667,0.6147103549542574,"{'C': np.float64(33.59818286283781), 'class_weight': 'balanced', 'dual': False, 'fit_intercept': True, 'intercept_scaling': 1, 'loss': 'squared_hinge', 'max_iter': 100, 'multi_class': 'ovr', 'penalty': 'l1', 'random_state': 42, 'tol': 0.001, 'verbose': 0}",0.02855062484741211
Coffee,10,20,7,2,LogisticRegression,Time_Warping,3,"{'sigma': 0.5, 'knot': 4}",0.6433333333333333,0.6240096247302974,"{'C': np.float64(2.6366508987303554), 'class_weight': 'balanced', 'dual': False, 'fit_intercept': True, 'intercept_scaling': 1, 'l1_ratio': None, 'max_iter': 100, 'multi_class': 'deprecated', 'n_jobs': None, 'penalty': 'l1', 'random_state': 42, 'solver': 'saga', 'tol': 0.0001, 'verbose': 0, 'warm_start': False}",0.3325157165527344
Coffee,10,20,7,2,KNN,Time_Warping,4,"{'sigma': 0.05, 'knot': 8}",0.8966666666666666,0.8989484762088004,"{'algorithm': 'auto', 'leaf_size': 30, 'metric': 'euclidean', 'metric_params': None, 'n_jobs': None, 'n_neighbors': np.int64(9), 'p': 2, 'weights': 'distance'}",0.020687580108642578
Coffee,10,20,7,2,RandomForest,Time_Warping,4,"{'sigma': 0.05, 'knot': 8}",0.885,0.8882960222425478,"{'bootstrap': True, 'ccp_alpha': 0.0, 'class_weight': 'balanced', 'criterion': 'gini', 'max_depth': 20, 'max_features': 'sqrt', 'max_leaf_nodes': None, 'max_samples': None, 'min_impurity_decrease': 0.0, 'min_samples_leaf': 1, 'min_samples_split': 2, 'min_weight_fraction_leaf': 0.0, 'monotonic_cst': None, 'n_estimators': 50, 'n_jobs': None, 'oob_score': False, 'random_state': 42, 'verbose': 0, 'warm_start': False}",0.664954662322998
Coffee,10,20,7,2,LinearSVC,Time_Warping,4,"{'sigma': 0.05, 'knot': 8}",0.6783333333333333,0.6862345429195013,"{'C': np.float64(1000.0), 'class_weight': 'balanced', 'dual': False, 'fit_intercept': True, 'intercept_scaling': 1, 'loss': 'squared_hinge', 'max_iter': 100, 'multi_class': 'ovr', 'penalty': 'l2', 'random_state': 42, 'tol': 0.001, 'verbose': 0}",0.025298595428466797
Coffee,10,20,7,2,LogisticRegression,Time_Warping,4,"{'sigma': 0.05, 'knot': 8}",0.7116666666666667,0.7265088447463883,"{'C': np.float64(1000.0), 'class_weight': 'balanced', 'dual': False, 'fit_intercept': True, 'intercept_scaling': 1, 'l1_ratio': None, 'max_iter': 100, 'multi_class': 'deprecated', 'n_jobs': None, 'penalty': 'l2', 'random_state': 42, 'solver': 'sag', 'tol': 0.0001, 'verbose': 0, 'warm_start': False}",0.07469820976257324
Coffee,10,20,7,2,KNN,Time_Warping,5,"{'sigma': 0.1, 'knot': 4}",0.8816666666666667,0.8848267478876743,"{'algorithm': 'auto', 'leaf_size': 30, 'metric': 'euclidean', 'metric_params': None, 'n_jobs': None, 'n_neighbors': np.int64(9), 'p': 2, 'weights': 'distance'}",0.019837141036987305
Coffee,10,20,7,2,RandomForest,Time_Warping,5,"{'sigma': 0.1, 'knot': 4}",0.8533333333333334,0.853931788820804,"{'bootstrap': True, 'ccp_alpha': 0.0, 'class_weight': 'balanced', 'criterion': 'gini', 'max_depth': 20, 'max_features': 'sqrt', 'max_leaf_nodes': None, 'max_samples': None, 'min_impurity_decrease': 0.0, 'min_samples_leaf': 1, 'min_samples_split': 2, 'min_weight_fraction_leaf': 0.0, 'monotonic_cst': None, 'n_estimators': 50, 'n_jobs': None, 'oob_score': False, 'random_state': 42, 'verbose': 0, 'warm_start': False}",0.7028448581695557
Coffee,10,20,7,2,LinearSVC,Time_Warping,5,"{'sigma': 0.1, 'knot': 4}",0.665,0.6421535095336492,"{'C': np.float64(1000.0), 'class_weight': 'balanced', 'dual': False, 'fit_intercept': True, 'intercept_scaling': 1, 'loss': 'squared_hinge', 'max_iter': 100, 'multi_class': 'ovr', 'penalty': 'l2', 'random_state': 42, 'tol': 0.001, 'verbose': 0}",0.024831771850585938
Coffee,10,20,7,2,LogisticRegression,Time_Warping,5,"{'sigma': 0.1, 'knot': 4}",0.65,0.6285830378250591,"{'C': np.float64(1000.0), 'class_weight': 'balanced', 'dual': False, 'fit_intercept': True, 'intercept_scaling': 1, 'l1_ratio': None, 'max_iter': 100, 'multi_class': 'deprecated', 'n_jobs': None, 'penalty': 'l2', 'random_state': 42, 'solver': 'sag', 'tol': 0.0001, 'verbose': 0, 'warm_start': False}",0.08408927917480469
Coffee,10,20,7,2,KNN,Time_Warping,6,"{'sigma': 0.3, 'knot': 6}",0.88,0.8843437284904963,"{'algorithm': 'auto', 'leaf_size': 30, 'metric': 'chebyshev', 'metric_params': None, 'n_jobs': None, 'n_neighbors': np.int64(5), 'p': 2, 'weights': 'uniform'}",0.03072190284729004
Coffee,10,20,7,2,RandomForest,Time_Warping,6,"{'sigma': 0.3, 'knot': 6}",0.8816666666666667,0.8842635042891783,"{'bootstrap': True, 'ccp_alpha': 0.0, 'class_weight': 'balanced', 'criterion': 'gini', 'max_depth': None, 'max_features': 'sqrt', 'max_leaf_nodes': None, 'max_samples': None, 'min_impurity_decrease': 0.0, 'min_samples_leaf': 1, 'min_samples_split': 2, 'min_weight_fraction_leaf': 0.0, 'monotonic_cst': None, 'n_estimators': 50, 'n_jobs': None, 'oob_score': False, 'random_state': 42, 'verbose': 0, 'warm_start': False}",0.6574864387512207
Coffee,10,20,7,2,LinearSVC,Time_Warping,6,"{'sigma': 0.3, 'knot': 6}",0.6433333333333333,0.6238855718311191,"{'C': np.float64(2.6366508987303554), 'class_weight': 'balanced', 'dual': False, 'fit_intercept': True, 'intercept_scaling': 1, 'loss': 'squared_hinge', 'max_iter': 100, 'multi_class': 'ovr', 'penalty': 'l1', 'random_state': 42, 'tol': 0.0001, 'verbose': 0}",0.04046940803527832
Coffee,10,20,7,2,LogisticRegression,Time_Warping,6,"{'sigma': 0.3, 'knot': 6}",0.645,0.6239052649713334,"{'C': np.float64(33.59818286283781), 'class_weight': 'balanced', 'dual': False, 'fit_intercept': True, 'intercept_scaling': 1, 'l1_ratio': None, 'max_iter': 100, 'multi_class': 'deprecated', 'n_jobs': None, 'penalty': 'l2', 'random_state': 42, 'solver': 'saga', 'tol': 0.0001, 'verbose': 0, 'warm_start': False}",0.04191946983337402
Coffee,10,20,7,2,KNN,Time_Warping,7,"{'sigma': 0.05, 'knot': 6}",0.8883333333333333,0.8912429418104705,"{'algorithm': 'auto', 'leaf_size': 30, 'metric': 'euclidean', 'metric_params': None, 'n_jobs': None, 'n_neighbors': np.int64(9), 'p': 2, 'weights': 'distance'}",0.017357349395751953
Coffee,10,20,7,2,RandomForest,Time_Warping,7,"{'sigma': 0.05, 'knot': 6}",0.8866666666666667,0.8909031274818182,"{'bootstrap': True, 'ccp_alpha': 0.0, 'class_weight': 'balanced', 'criterion': 'gini', 'max_depth': 30, 'max_features': 'sqrt', 'max_leaf_nodes': None, 'max_samples': None, 'min_impurity_decrease': 0.0, 'min_samples_leaf': 1, 'min_samples_split': 2, 'min_weight_fraction_leaf': 0.0, 'monotonic_cst': None, 'n_estimators': 150, 'n_jobs': None, 'oob_score': False, 'random_state': 42, 'verbose': 0, 'warm_start': False}",2.115009069442749
Coffee,10,20,7,2,LinearSVC,Time_Warping,7,"{'sigma': 0.05, 'knot': 6}",0.7183333333333334,0.7257864446654513,"{'C': np.float64(1000.0), 'class_weight': 'balanced', 'dual': False, 'fit_intercept': True, 'intercept_scaling': 1, 'loss': 'squared_hinge', 'max_iter': 100, 'multi_class': 'ovr', 'penalty': 'l2', 'random_state': 42, 'tol': 0.001, 'verbose': 0}",0.024623394012451172
Coffee,10,20,7,2,LogisticRegression,Time_Warping,7,"{'sigma': 0.05, 'knot': 6}",0.715,0.7297407733413409,"{'C': np.float64(1000.0), 'class_weight': 'balanced', 'dual': False, 'fit_intercept': True, 'intercept_scaling': 1, 'l1_ratio': None, 'max_iter': 100, 'multi_class': 'deprecated', 'n_jobs': None, 'penalty': 'l2', 'random_state': 42, 'solver': 'sag', 'tol': 0.0001, 'verbose': 0, 'warm_start': False}",0.0823826789855957
Coffee,10,20,7,2,KNN,Time_Warping,8,"{'sigma': 0.3, 'knot': 6}",0.8966666666666666,0.8992014106319963,"{'algorithm': 'auto', 'leaf_size': 30, 'metric': 'euclidean', 'metric_params': None, 'n_jobs': None, 'n_neighbors': np.int64(9), 'p': 2, 'weights': 'distance'}",0.020409107208251953
Coffee,10,20,7,2,RandomForest,Time_Warping,8,"{'sigma': 0.3, 'knot': 6}",0.8583333333333333,0.8607830170490016,"{'bootstrap': True, 'ccp_alpha': 0.0, 'class_weight': 'balanced', 'criterion': 'gini', 'max_depth': None, 'max_features': 'sqrt', 'max_leaf_nodes': None, 'max_samples': None, 'min_impurity_decrease': 0.0, 'min_samples_leaf': 1, 'min_samples_split': 2, 'min_weight_fraction_leaf': 0.0, 'monotonic_cst': None, 'n_estimators': 50, 'n_jobs': None, 'oob_score': False, 'random_state': 42, 'verbose': 0, 'warm_start': False}",0.7827234268188477
Coffee,10,20,7,2,LinearSVC,Time_Warping,8,"{'sigma': 0.3, 'knot': 6}",0.6416666666666667,0.621624868558564,"{'C': np.float64(183.29807108324337), 'class_weight': 'balanced', 'dual': False, 'fit_intercept': True, 'intercept_scaling': 1, 'loss': 'squared_hinge', 'max_iter': 100, 'multi_class': 'ovr', 'penalty': 'l1', 'random_state': 42, 'tol': 0.0001, 'verbose': 0}",0.04661726951599121
Coffee,10,20,7,2,LogisticRegression,Time_Warping,8,"{'sigma': 0.3, 'knot': 6}",0.6466666666666666,0.6251461988304093,"{'C': np.float64(33.59818286283781), 'class_weight': 'balanced', 'dual': False, 'fit_intercept': True, 'intercept_scaling': 1, 'l1_ratio': None, 'max_iter': 100, 'multi_class': 'deprecated', 'n_jobs': None, 'penalty': 'l2', 'random_state': 42, 'solver': 'saga', 'tol': 0.0001, 'verbose': 0, 'warm_start': False}",0.04824113845825195
Coffee,10,20,7,2,KNN,Time_Warping,9,"{'sigma': 0.1, 'knot': 6}",0.89,0.8924298148293744,"{'algorithm': 'auto', 'leaf_size': 30, 'metric': 'euclidean', 'metric_params': None, 'n_jobs': None, 'n_neighbors': np.int64(9), 'p': 2, 'weights': 'distance'}",0.019355297088623047
Coffee,10,20,7,2,RandomForest,Time_Warping,9,"{'sigma': 0.1, 'knot': 6}",0.8683333333333333,0.8718751821040288,"{'bootstrap': True, 'ccp_alpha': 0.0, 'class_weight': 'balanced', 'criterion': 'gini', 'max_depth': None, 'max_features': 'sqrt', 'max_leaf_nodes': None, 'max_samples': None, 'min_impurity_decrease': 0.0, 'min_samples_leaf': 1, 'min_samples_split': 2, 'min_weight_fraction_leaf': 0.0, 'monotonic_cst': None, 'n_estimators': 50, 'n_jobs': None, 'oob_score': False, 'random_state': 42, 'verbose': 0, 'warm_start': False}",0.744314432144165
Coffee,10,20,7,2,LinearSVC,Time_Warping,9,"{'sigma': 0.1, 'knot': 6}",0.6716666666666666,0.6478380478093695,"{'C': np.float64(33.59818286283781), 'class_weight': 'balanced', 'dual': False, 'fit_intercept': True, 'intercept_scaling': 1, 'loss': 'squared_hinge', 'max_iter': 100, 'multi_class': 'ovr', 'penalty': 'l1', 'random_state': 42, 'tol': 0.001, 'verbose': 0}",0.06799602508544922
Coffee,10,20,7,2,LogisticRegression,Time_Warping,9,"{'sigma': 0.1, 'knot': 6}",0.695,0.6831874659683291,"{'C': np.float64(183.29807108324337), 'class_weight': None, 'dual': False, 'fit_intercept': True, 'intercept_scaling': 1, 'l1_ratio': None, 'max_iter': 100, 'multi_class': 'deprecated', 'n_jobs': None, 'penalty': 'l2', 'random_state': 42, 'solver': 'saga', 'tol': 0.0001, 'verbose': 0, 'warm_start': False}",0.04330730438232422
Coffee,10,20,7,2,KNN,Time_Warping,10,"{'sigma': 0.1, 'knot': 8}",0.89,0.8926510695670815,"{'algorithm': 'auto', 'leaf_size': 30, 'metric': 'euclidean', 'metric_params': None, 'n_jobs': None, 'n_neighbors': np.int64(9), 'p': 2, 'weights': 'distance'}",0.017641544342041016
Coffee,10,20,7,2,RandomForest,Time_Warping,10,"{'sigma': 0.1, 'knot': 8}",0.875,0.8784431239843786,"{'bootstrap': True, 'ccp_alpha': 0.0, 'class_weight': 'balanced', 'criterion': 'gini', 'max_depth': 20, 'max_features': 'sqrt', 'max_leaf_nodes': None, 'max_samples': None, 'min_impurity_decrease': 0.0, 'min_samples_leaf': 1, 'min_samples_split': 2, 'min_weight_fraction_leaf': 0.0, 'monotonic_cst': None, 'n_estimators': 50, 'n_jobs': None, 'oob_score': False, 'random_state': 42, 'verbose': 0, 'warm_start': False}",0.6527984142303467
Coffee,10,20,7,2,LinearSVC,Time_Warping,10,"{'sigma': 0.1, 'knot': 8}",0.6616666666666666,0.639158921766474,"{'C': np.float64(33.59818286283781), 'class_weight': 'balanced', 'dual': False, 'fit_intercept': True, 'intercept_scaling': 1, 'loss': 'squared_hinge', 'max_iter': 100, 'multi_class': 'ovr', 'penalty': 'l1', 'random_state': 42, 'tol': 0.001, 'verbose': 0}",0.06025385856628418
Coffee,10,20,7,2,LogisticRegression,Time_Warping,10,"{'sigma': 0.1, 'knot': 8}",0.6233333333333333,0.6070341762522137,"{'C': np.float64(1000.0), 'class_weight': 'balanced', 'dual': False, 'fit_intercept': True, 'intercept_scaling': 1, 'l1_ratio': None, 'max_iter': 100, 'multi_class': 'deprecated', 'n_jobs': None, 'penalty': 'l2', 'random_state': 42, 'solver': 'sag', 'tol': 0.0001, 'verbose': 0, 'warm_start': False}",0.08687424659729004
Coffee,10,20,7,3,KNN,Time_Warping,1,"{'sigma': 0.2, 'knot': 4}",0.8833333333333333,0.886499587480771,"{'algorithm': 'auto', 'leaf_size': 30, 'metric': 'euclidean', 'metric_params': None, 'n_jobs': None, 'n_neighbors': np.int64(9), 'p': 2, 'weights': 'distance'}",0.028983592987060547
Coffee,10,20,7,3,RandomForest,Time_Warping,1,"{'sigma': 0.2, 'knot': 4}",0.8533333333333334,0.8537192905664233,"{'bootstrap': True, 'ccp_alpha': 0.0, 'class_weight': 'balanced', 'criterion': 'gini', 'max_depth': None, 'max_features': 'sqrt', 'max_leaf_nodes': None, 'max_samples': None, 'min_impurity_decrease': 0.0, 'min_samples_leaf': 1, 'min_samples_split': 2, 'min_weight_fraction_leaf': 0.0, 'monotonic_cst': None, 'n_estimators': 50, 'n_jobs': None, 'oob_score': False, 'random_state': 42, 'verbose': 0, 'warm_start': False}",1.2186822891235352
Coffee,10,20,7,3,LinearSVC,Time_Warping,1,"{'sigma': 0.2, 'knot': 4}",0.6466666666666666,0.6266588369376026,"{'C': np.float64(2.6366508987303554), 'class_weight': 'balanced', 'dual': False, 'fit_intercept': True, 'intercept_scaling': 1, 'loss': 'squared_hinge', 'max_iter': 100, 'multi_class': 'ovr', 'penalty': 'l1', 'random_state': 42, 'tol': 0.0001, 'verbose': 0}",0.09868502616882324
Coffee,10,20,7,3,LogisticRegression,Time_Warping,1,"{'sigma': 0.2, 'knot': 4}",0.6466666666666666,0.6252814012782854,"{'C': np.float64(33.59818286283781), 'class_weight': 'balanced', 'dual': False, 'fit_intercept': True, 'intercept_scaling': 1, 'l1_ratio': None, 'max_iter': 100, 'multi_class': 'deprecated', 'n_jobs': None, 'penalty': 'l2', 'random_state': 42, 'solver': 'saga', 'tol': 0.0001, 'verbose': 0, 'warm_start': False}",0.0784001350402832
Coffee,10,20,7,3,KNN,Time_Warping,2,"{'sigma': 0.2, 'knot': 3}",0.8816666666666667,0.8849670606679655,"{'algorithm': 'auto', 'leaf_size': 30, 'metric': 'euclidean', 'metric_params': None, 'n_jobs': None, 'n_neighbors': np.int64(9), 'p': 2, 'weights': 'distance'}",0.029985666275024414
Coffee,10,20,7,3,RandomForest,Time_Warping,2,"{'sigma': 0.2, 'knot': 3}",0.8483333333333334,0.8492548396662085,"{'bootstrap': True, 'ccp_alpha': 0.0, 'class_weight': 'balanced', 'criterion': 'gini', 'max_depth': 30, 'max_features': 'sqrt', 'max_leaf_nodes': None, 'max_samples': None, 'min_impurity_decrease': 0.0, 'min_samples_leaf': 1, 'min_samples_split': 2, 'min_weight_fraction_leaf': 0.0, 'monotonic_cst': None, 'n_estimators': 150, 'n_jobs': None, 'oob_score': False, 'random_state': 42, 'verbose': 0, 'warm_start': False}",3.2127327919006348
Coffee,10,20,7,3,LinearSVC,Time_Warping,2,"{'sigma': 0.2, 'knot': 3}",0.6333333333333333,0.614094796949826,"{'C': np.float64(0.4832930238571752), 'class_weight': 'balanced', 'dual': False, 'fit_intercept': True, 'intercept_scaling': 1, 'loss': 'squared_hinge', 'max_iter': 100, 'multi_class': 'ovr', 'penalty': 'l2', 'random_state': 42, 'tol': 0.0001, 'verbose': 0}",0.037139892578125
Coffee,10,20,7,3,LogisticRegression,Time_Warping,2,"{'sigma': 0.2, 'knot': 3}",0.6433333333333333,0.6210108604845447,"{'C': np.float64(33.59818286283781), 'class_weight': 'balanced', 'dual': False, 'fit_intercept': True, 'intercept_scaling': 1, 'l1_ratio': None, 'max_iter': 100, 'multi_class': 'deprecated', 'n_jobs': None, 'penalty': 'l2', 'random_state': 42, 'solver': 'saga', 'tol': 0.0001, 'verbose': 0, 'warm_start': False}",0.0663456916809082
Coffee,10,20,7,3,KNN,Time_Warping,3,"{'sigma': 0.5, 'knot': 4}",0.88,0.8834365355898458,"{'algorithm': 'auto', 'leaf_size': 30, 'metric': 'euclidean', 'metric_params': None, 'n_jobs': None, 'n_neighbors': np.int64(9), 'p': 2, 'weights': 'distance'}",0.027242660522460938
Coffee,10,20,7,3,RandomForest,Time_Warping,3,"{'sigma': 0.5, 'knot': 4}",0.8383333333333334,0.8375799174746326,"{'bootstrap': True, 'ccp_alpha': 0.0, 'class_weight': None, 'criterion': 'gini', 'max_depth': None, 'max_features': 'sqrt', 'max_leaf_nodes': None, 'max_samples': None, 'min_impurity_decrease': 0.0, 'min_samples_leaf': 4, 'min_samples_split': 10, 'min_weight_fraction_leaf': 0.0, 'monotonic_cst': None, 'n_estimators': 50, 'n_jobs': None, 'oob_score': False, 'random_state': 42, 'verbose': 0, 'warm_start': False}",1.0036733150482178
Coffee,10,20,7,3,LinearSVC,Time_Warping,3,"{'sigma': 0.5, 'knot': 4}",0.63,0.6126944424522063,"{'C': np.float64(33.59818286283781), 'class_weight': 'balanced', 'dual': False, 'fit_intercept': True, 'intercept_scaling': 1, 'loss': 'squared_hinge', 'max_iter': 100, 'multi_class': 'ovr', 'penalty': 'l1', 'random_state': 42, 'tol': 0.001, 'verbose': 0}",0.04097700119018555
Coffee,10,20,7,3,LogisticRegression,Time_Warping,3,"{'sigma': 0.5, 'knot': 4}",0.645,0.6237864304469299,"{'C': np.float64(33.59818286283781), 'class_weight': 'balanced', 'dual': False, 'fit_intercept': True, 'intercept_scaling': 1, 'l1_ratio': None, 'max_iter': 100, 'multi_class': 'deprecated', 'n_jobs': None, 'penalty': 'l2', 'random_state': 42, 'solver': 'saga', 'tol': 0.0001, 'verbose': 0, 'warm_start': False}",0.07562971115112305
Coffee,10,20,7,3,KNN,Time_Warping,4,"{'sigma': 0.05, 'knot': 8}",0.9016666666666666,0.9036021241324554,"{'algorithm': 'auto', 'leaf_size': 30, 'metric': 'euclidean', 'metric_params': None, 'n_jobs': None, 'n_neighbors': np.int64(9), 'p': 2, 'weights': 'distance'}",0.02680683135986328
Coffee,10,20,7,3,RandomForest,Time_Warping,4,"{'sigma': 0.05, 'knot': 8}",0.8733333333333333,0.8793838671308037,"{'bootstrap': True, 'ccp_alpha': 0.0, 'class_weight': 'balanced', 'criterion': 'gini', 'max_depth': None, 'max_features': 'sqrt', 'max_leaf_nodes': None, 'max_samples': None, 'min_impurity_decrease': 0.0, 'min_samples_leaf': 1, 'min_samples_split': 2, 'min_weight_fraction_leaf': 0.0, 'monotonic_cst': None, 'n_estimators': 50, 'n_jobs': None, 'oob_score': False, 'random_state': 42, 'verbose': 0, 'warm_start': False}",1.0238707065582275
Coffee,10,20,7,3,LinearSVC,Time_Warping,4,"{'sigma': 0.05, 'knot': 8}",0.62,0.6114326661994005,"{'C': np.float64(2.6366508987303554), 'class_weight': 'balanced', 'dual': False, 'fit_intercept': True, 'intercept_scaling': 1, 'loss': 'squared_hinge', 'max_iter': 100, 'multi_class': 'ovr', 'penalty': 'l1', 'random_state': 42, 'tol': 0.0001, 'verbose': 0}",0.0941007137298584
Coffee,10,20,7,3,LogisticRegression,Time_Warping,4,"{'sigma': 0.05, 'knot': 8}",0.705,0.7200262795951318,"{'C': np.float64(33.59818286283781), 'class_weight': 'balanced', 'dual': False, 'fit_intercept': True, 'intercept_scaling': 1, 'l1_ratio': None, 'max_iter': 100, 'multi_class': 'deprecated', 'n_jobs': None, 'penalty': 'l2', 'random_state': 42, 'solver': 'saga', 'tol': 0.0001, 'verbose': 0, 'warm_start': False}",0.09486007690429688
Coffee,10,20,7,3,KNN,Time_Warping,5,"{'sigma': 0.1, 'knot': 4}",0.9016666666666666,0.9036021241324554,"{'algorithm': 'auto', 'leaf_size': 30, 'metric': 'euclidean', 'metric_params': None, 'n_jobs': None, 'n_neighbors': np.int64(9), 'p': 2, 'weights': 'distance'}",0.026056528091430664
Coffee,10,20,7,3,RandomForest,Time_Warping,5,"{'sigma': 0.1, 'knot': 4}",0.8583333333333333,0.8610648640933317,"{'bootstrap': True, 'ccp_alpha': 0.0, 'class_weight': 'balanced', 'criterion': 'gini', 'max_depth': None, 'max_features': 'sqrt', 'max_leaf_nodes': None, 'max_samples': None, 'min_impurity_decrease': 0.0, 'min_samples_leaf': 2, 'min_samples_split': 2, 'min_weight_fraction_leaf': 0.0, 'monotonic_cst': None, 'n_estimators': 150, 'n_jobs': None, 'oob_score': False, 'random_state': 42, 'verbose': 0, 'warm_start': False}",3.002997636795044
Coffee,10,20,7,3,LinearSVC,Time_Warping,5,"{'sigma': 0.1, 'knot': 4}",0.6483333333333333,0.626775913799703,"{'C': np.float64(1000.0), 'class_weight': 'balanced', 'dual': False, 'fit_intercept': True, 'intercept_scaling': 1, 'loss': 'squared_hinge', 'max_iter': 100, 'multi_class': 'ovr', 'penalty': 'l2', 'random_state': 42, 'tol': 0.001, 'verbose': 0}",0.03012847900390625
Coffee,10,20,7,3,LogisticRegression,Time_Warping,5,"{'sigma': 0.1, 'knot': 4}",0.645,0.6223562542869778,"{'C': np.float64(2.6366508987303554), 'class_weight': 'balanced', 'dual': False, 'fit_intercept': True, 'intercept_scaling': 1, 'l1_ratio': None, 'max_iter': 100, 'multi_class': 'deprecated', 'n_jobs': None, 'penalty': 'l1', 'random_state': 42, 'solver': 'saga', 'tol': 0.0001, 'verbose': 0, 'warm_start': False}",0.44557976722717285
Coffee,10,20,7,3,KNN,Time_Warping,6,"{'sigma': 0.3, 'knot': 6}",0.8566666666666667,0.8631061847866526,"{'algorithm': 'auto', 'leaf_size': 30, 'metric': 'minkowski', 'metric_params': None, 'n_jobs': None, 'n_neighbors': np.int64(13), 'p': 4, 'weights': 'distance'}",0.11942481994628906
Coffee,10,20,7,3,RandomForest,Time_Warping,6,"{'sigma': 0.3, 'knot': 6}",0.85,0.850177937540109,"{'bootstrap': True, 'ccp_alpha': 0.0, 'class_weight': 'balanced', 'criterion': 'gini', 'max_depth': 30, 'max_features': 'sqrt', 'max_leaf_nodes': None, 'max_samples': None, 'min_impurity_decrease': 0.0, 'min_samples_leaf': 1, 'min_samples_split': 2, 'min_weight_fraction_leaf': 0.0, 'monotonic_cst': None, 'n_estimators': 150, 'n_jobs': None, 'oob_score': False, 'random_state': 42, 'verbose': 0, 'warm_start': False}",3.4304897785186768
Coffee,10,20,7,3,LinearSVC,Time_Warping,6,"{'sigma': 0.3, 'knot': 6}",0.6366666666666667,0.6185086239692642,"{'C': np.float64(1000.0), 'class_weight': 'balanced', 'dual': False, 'fit_intercept': True, 'intercept_scaling': 1, 'loss': 'squared_hinge', 'max_iter': 100, 'multi_class': 'ovr', 'penalty': 'l2', 'random_state': 42, 'tol': 0.001, 'verbose': 0}",0.02828192710876465
Coffee,10,20,7,3,LogisticRegression,Time_Warping,6,"{'sigma': 0.3, 'knot': 6}",0.6416666666666667,0.6210346161429637,"{'C': np.float64(2.6366508987303554), 'class_weight': 'balanced', 'dual': False, 'fit_intercept': True, 'intercept_scaling': 1, 'l1_ratio': None, 'max_iter': 100, 'multi_class': 'deprecated', 'n_jobs': None, 'penalty': 'l1', 'random_state': 42, 'solver': 'saga', 'tol': 0.0001, 'verbose': 0, 'warm_start': False}",0.4629952907562256
Coffee,10,20,7,3,KNN,Time_Warping,7,"{'sigma': 0.05, 'knot': 6}",0.9116666666666666,0.912987263919811,"{'algorithm': 'auto', 'leaf_size': 30, 'metric': 'euclidean', 'metric_params': None, 'n_jobs': None, 'n_neighbors': np.int64(9), 'p': 2, 'weights': 'distance'}",0.023235797882080078
Coffee,10,20,7,3,RandomForest,Time_Warping,7,"{'sigma': 0.05, 'knot': 6}",0.8733333333333333,0.877627522727007,"{'bootstrap': True, 'ccp_alpha': 0.0, 'class_weight': 'balanced', 'criterion': 'gini', 'max_depth': None, 'max_features': 'sqrt', 'max_leaf_nodes': None, 'max_samples': None, 'min_impurity_decrease': 0.0, 'min_samples_leaf': 1, 'min_samples_split': 2, 'min_weight_fraction_leaf': 0.0, 'monotonic_cst': None, 'n_estimators': 50, 'n_jobs': None, 'oob_score': False, 'random_state': 42, 'verbose': 0, 'warm_start': False}",1.2011325359344482
Coffee,10,20,7,3,LinearSVC,Time_Warping,7,"{'sigma': 0.05, 'knot': 6}",0.6433333333333333,0.6422070666884131,"{'C': np.float64(1000.0), 'class_weight': 'balanced', 'dual': False, 'fit_intercept': True, 'intercept_scaling': 1, 'loss': 'squared_hinge', 'max_iter': 100, 'multi_class': 'ovr', 'penalty': 'l2', 'random_state': 42, 'tol': 0.001, 'verbose': 0}",0.04318571090698242
Coffee,10,20,7,3,LogisticRegression,Time_Warping,7,"{'sigma': 0.05, 'knot': 6}",0.7283333333333334,0.7420492809353177,"{'C': np.float64(2.6366508987303554), 'class_weight': 'balanced', 'dual': False, 'fit_intercept': True, 'intercept_scaling': 1, 'l1_ratio': None, 'max_iter': 100, 'multi_class': 'deprecated', 'n_jobs': None, 'penalty': 'l1', 'random_state': 42, 'solver': 'saga', 'tol': 0.0001, 'verbose': 0, 'warm_start': False}",0.43340086936950684
Coffee,10,20,7,3,KNN,Time_Warping,8,"{'sigma': 0.3, 'knot': 6}",0.8883333333333333,0.8910498908562954,"{'algorithm': 'auto', 'leaf_size': 30, 'metric': 'euclidean', 'metric_params': None, 'n_jobs': None, 'n_neighbors': np.int64(9), 'p': 2, 'weights': 'distance'}",0.0275270938873291
Coffee,10,20,7,3,RandomForest,Time_Warping,8,"{'sigma': 0.3, 'knot': 6}",0.8416666666666667,0.8392614214572283,"{'bootstrap': True, 'ccp_alpha': 0.0, 'class_weight': 'balanced', 'criterion': 'gini', 'max_depth': 30, 'max_features': 'sqrt', 'max_leaf_nodes': None, 'max_samples': None, 'min_impurity_decrease': 0.0, 'min_samples_leaf': 1, 'min_samples_split': 2, 'min_weight_fraction_leaf': 0.0, 'monotonic_cst': None, 'n_estimators': 150, 'n_jobs': None, 'oob_score': False, 'random_state': 42, 'verbose': 0, 'warm_start': False}",3.176146984100342
Coffee,10,20,7,3,LinearSVC,Time_Warping,8,"{'sigma': 0.3, 'knot': 6}",0.6366666666666667,0.6170566918914968,"{'C': np.float64(33.59818286283781), 'class_weight': 'balanced', 'dual': False, 'fit_intercept': True, 'intercept_scaling': 1, 'loss': 'squared_hinge', 'max_iter': 100, 'multi_class': 'ovr', 'penalty': 'l1', 'random_state': 42, 'tol': 0.001, 'verbose': 0}",0.048790693283081055
Coffee,10,20,7,3,LogisticRegression,Time_Warping,8,"{'sigma': 0.3, 'knot': 6}",0.645,0.62232805531569,"{'C': np.float64(33.59818286283781), 'class_weight': 'balanced', 'dual': False, 'fit_intercept': True, 'intercept_scaling': 1, 'l1_ratio': None, 'max_iter': 100, 'multi_class': 'deprecated', 'n_jobs': None, 'penalty': 'l2', 'random_state': 42, 'solver': 'saga', 'tol': 0.0001, 'verbose': 0, 'warm_start': False}",0.06939077377319336
Coffee,10,20,7,3,KNN,Time_Warping,9,"{'sigma': 0.1, 'knot': 6}",0.885,0.8890650183617398,"{'algorithm': 'auto', 'leaf_size': 30, 'metric': 'minkowski', 'metric_params': None, 'n_jobs': None, 'n_neighbors': np.int64(13), 'p': 4, 'weights': 'distance'}",0.08482193946838379
Coffee,10,20,7,3,RandomForest,Time_Warping,9,"{'sigma': 0.1, 'knot': 6}",0.8666666666666667,0.8684289562695968,"{'bootstrap': True, 'ccp_alpha': 0.0, 'class_weight': 'balanced', 'criterion': 'gini', 'max_depth': 30, 'max_features': 'sqrt', 'max_leaf_nodes': None, 'max_samples': None, 'min_impurity_decrease': 0.0, 'min_samples_leaf': 1, 'min_samples_split': 2, 'min_weight_fraction_leaf': 0.0, 'monotonic_cst': None, 'n_estimators': 150, 'n_jobs': None, 'oob_score': False, 'random_state': 42, 'verbose': 0, 'warm_start': False}",3.0152063369750977
Coffee,10,20,7,3,LinearSVC,Time_Warping,9,"{'sigma': 0.1, 'knot': 6}",0.645,0.6240164832298347,"{'C': np.float64(2.6366508987303554), 'class_weight': 'balanced', 'dual': False, 'fit_intercept': True, 'intercept_scaling': 1, 'loss': 'squared_hinge', 'max_iter': 100, 'multi_class': 'ovr', 'penalty': 'l1', 'random_state': 42, 'tol': 0.0001, 'verbose': 0}",0.0843348503112793
Coffee,10,20,7,3,LogisticRegression,Time_Warping,9,"{'sigma': 0.1, 'knot': 6}",0.6433333333333333,0.6209830229198782,"{'C': np.float64(33.59818286283781), 'class_weight': 'balanced', 'dual': False, 'fit_intercept': True, 'intercept_scaling': 1, 'l1_ratio': None, 'max_iter': 100, 'multi_class': 'deprecated', 'n_jobs': None, 'penalty': 'l2', 'random_state': 42, 'solver': 'saga', 'tol': 0.0001, 'verbose': 0, 'warm_start': False}",0.07086825370788574
Coffee,10,20,7,3,KNN,Time_Warping,10,"{'sigma': 0.1, 'knot': 8}",0.8933333333333333,0.8957406114590856,"{'algorithm': 'auto', 'leaf_size': 30, 'metric': 'euclidean', 'metric_params': None, 'n_jobs': None, 'n_neighbors': np.int64(9), 'p': 2, 'weights': 'distance'}",0.024741411209106445
Coffee,10,20,7,3,RandomForest,Time_Warping,10,"{'sigma': 0.1, 'knot': 8}",0.87,0.8726968374484367,"{'bootstrap': True, 'ccp_alpha': 0.0, 'class_weight': 'balanced', 'criterion': 'gini', 'max_depth': None, 'max_features': 'sqrt', 'max_leaf_nodes': None, 'max_samples': None, 'min_impurity_decrease': 0.0, 'min_samples_leaf': 1, 'min_samples_split': 2, 'min_weight_fraction_leaf': 0.0, 'monotonic_cst': None, 'n_estimators': 50, 'n_jobs': None, 'oob_score': False, 'random_state': 42, 'verbose': 0, 'warm_start': False}",1.006248950958252
Coffee,10,20,7,3,LinearSVC,Time_Warping,10,"{'sigma': 0.1, 'knot': 8}",0.6683333333333333,0.6449359755555641,"{'C': np.float64(2.6366508987303554), 'class_weight': 'balanced', 'dual': False, 'fit_intercept': True, 'intercept_scaling': 1, 'loss': 'squared_hinge', 'max_iter': 100, 'multi_class': 'ovr', 'penalty': 'l1', 'random_state': 42, 'tol': 0.0001, 'verbose': 0}",0.09127140045166016
Coffee,10,20,7,3,LogisticRegression,Time_Warping,10,"{'sigma': 0.1, 'knot': 8}",0.6483333333333333,0.6305818164586767,"{'C': np.float64(33.59818286283781), 'class_weight': 'balanced', 'dual': False, 'fit_intercept': True, 'intercept_scaling': 1, 'l1_ratio': None, 'max_iter': 100, 'multi_class': 'deprecated', 'n_jobs': None, 'penalty': 'l2', 'random_state': 42, 'solver': 'saga', 'tol': 0.0001, 'verbose': 0, 'warm_start': False}",0.06911683082580566
Coffee,10,20,7,5,KNN,Time_Warping,1,"{'sigma': 0.2, 'knot': 4}",0.9133333333333333,0.9156257454129794,"{'algorithm': 'auto', 'leaf_size': 30, 'metric': 'manhattan', 'metric_params': None, 'n_jobs': None, 'n_neighbors': np.int64(5), 'p': 2, 'weights': 'distance'}",0.055371761322021484
Coffee,10,20,7,5,RandomForest,Time_Warping,1,"{'sigma': 0.2, 'knot': 4}",0.8366666666666667,0.8328601491604225,"{'bootstrap': True, 'ccp_alpha': 0.0, 'class_weight': 'balanced', 'criterion': 'gini', 'max_depth': None, 'max_features': 'sqrt', 'max_leaf_nodes': None, 'max_samples': None, 'min_impurity_decrease': 0.0, 'min_samples_leaf': 2, 'min_samples_split': 2, 'min_weight_fraction_leaf': 0.0, 'monotonic_cst': None, 'n_estimators': 150, 'n_jobs': None, 'oob_score': False, 'random_state': 42, 'verbose': 0, 'warm_start': False}",5.746251106262207
Coffee,10,20,7,5,LinearSVC,Time_Warping,1,"{'sigma': 0.2, 'knot': 4}",0.6383333333333333,0.6183665901348719,"{'C': np.float64(1000.0), 'class_weight': 'balanced', 'dual': False, 'fit_intercept': True, 'intercept_scaling': 1, 'loss': 'squared_hinge', 'max_iter': 100, 'multi_class': 'ovr', 'penalty': 'l2', 'random_state': 42, 'tol': 0.001, 'verbose': 0}",0.04666900634765625
Coffee,10,20,7,5,LogisticRegression,Time_Warping,1,"{'sigma': 0.2, 'knot': 4}",0.645,0.6237864304469299,"{'C': np.float64(2.6366508987303554), 'class_weight': 'balanced', 'dual': False, 'fit_intercept': True, 'intercept_scaling': 1, 'l1_ratio': None, 'max_iter': 100, 'multi_class': 'deprecated', 'n_jobs': None, 'penalty': 'l1', 'random_state': 42, 'solver': 'saga', 'tol': 0.0001, 'verbose': 0, 'warm_start': False}",0.8423473834991455
Coffee,10,20,7,5,KNN,Time_Warping,2,"{'sigma': 0.2, 'knot': 3}",0.8883333333333333,0.8927348715490878,"{'algorithm': 'auto', 'leaf_size': 30, 'metric': 'manhattan', 'metric_params': None, 'n_jobs': None, 'n_neighbors': np.int64(5), 'p': 2, 'weights': 'distance'}",0.05953550338745117
Coffee,10,20,7,5,RandomForest,Time_Warping,2,"{'sigma': 0.2, 'knot': 3}",0.8416666666666667,0.8398934820218851,"{'bootstrap': True, 'ccp_alpha': 0.0, 'class_weight': 'balanced', 'criterion': 'gini', 'max_depth': None, 'max_features': 'sqrt', 'max_leaf_nodes': None, 'max_samples': None, 'min_impurity_decrease': 0.0, 'min_samples_leaf': 2, 'min_samples_split': 2, 'min_weight_fraction_leaf': 0.0, 'monotonic_cst': None, 'n_estimators': 150, 'n_jobs': None, 'oob_score': False, 'random_state': 42, 'verbose': 0, 'warm_start': False}",5.505004644393921
Coffee,10,20,7,5,LinearSVC,Time_Warping,2,"{'sigma': 0.2, 'knot': 3}",0.6333333333333333,0.614094796949826,"{'C': np.float64(2.6366508987303554), 'class_weight': 'balanced', 'dual': False, 'fit_intercept': True, 'intercept_scaling': 1, 'loss': 'squared_hinge', 'max_iter': 100, 'multi_class': 'ovr', 'penalty': 'l1', 'random_state': 42, 'tol': 0.0001, 'verbose': 0}",0.08965635299682617
Coffee,10,20,7,5,LogisticRegression,Time_Warping,2,"{'sigma': 0.2, 'knot': 3}",0.6466666666666666,0.6237019285632773,"{'C': np.float64(33.59818286283781), 'class_weight': 'balanced', 'dual': False, 'fit_intercept': True, 'intercept_scaling': 1, 'l1_ratio': None, 'max_iter': 100, 'multi_class': 'deprecated', 'n_jobs': None, 'penalty': 'l2', 'random_state': 42, 'solver': 'saga', 'tol': 0.0001, 'verbose': 0, 'warm_start': False}",0.12057304382324219
Coffee,10,20,7,5,KNN,Time_Warping,3,"{'sigma': 0.5, 'knot': 4}",0.8933333333333333,0.8955601033157836,"{'algorithm': 'auto', 'leaf_size': 30, 'metric': 'manhattan', 'metric_params': None, 'n_jobs': None, 'n_neighbors': np.int64(5), 'p': 2, 'weights': 'distance'}",0.05435323715209961
Coffee,10,20,7,5,RandomForest,Time_Warping,3,"{'sigma': 0.5, 'knot': 4}",0.83,0.8255746181105775,"{'bootstrap': True, 'ccp_alpha': 0.0, 'class_weight': 'balanced', 'criterion': 'gini', 'max_depth': None, 'max_features': 'sqrt', 'max_leaf_nodes': None, 'max_samples': None, 'min_impurity_decrease': 0.0, 'min_samples_leaf': 2, 'min_samples_split': 20, 'min_weight_fraction_leaf': 0.0, 'monotonic_cst': None, 'n_estimators': 150, 'n_jobs': None, 'oob_score': False, 'random_state': 42, 'verbose': 0, 'warm_start': False}",6.0082948207855225
Coffee,10,20,7,5,LinearSVC,Time_Warping,3,"{'sigma': 0.5, 'knot': 4}",0.6333333333333333,0.6141344033619149,"{'C': np.float64(1000.0), 'class_weight': 'balanced', 'dual': False, 'fit_intercept': True, 'intercept_scaling': 1, 'loss': 'squared_hinge', 'max_iter': 100, 'multi_class': 'ovr', 'penalty': 'l2', 'random_state': 42, 'tol': 0.001, 'verbose': 0}",0.05240178108215332
Coffee,10,20,7,5,LogisticRegression,Time_Warping,3,"{'sigma': 0.5, 'knot': 4}",0.605,0.5263280101132581,"{'C': np.float64(0.000545559478116852), 'class_weight': None, 'dual': False, 'fit_intercept': True, 'intercept_scaling': 1, 'l1_ratio': None, 'max_iter': 100, 'multi_class': 'deprecated', 'n_jobs': None, 'penalty': 'l2', 'random_state': 42, 'solver': 'saga', 'tol': 0.0001, 'verbose': 0, 'warm_start': False}",0.1310734748840332
Coffee,10,20,7,5,KNN,Time_Warping,4,"{'sigma': 0.05, 'knot': 8}",0.9166666666666666,0.9188879903165617,"{'algorithm': 'auto', 'leaf_size': 30, 'metric': 'manhattan', 'metric_params': None, 'n_jobs': None, 'n_neighbors': np.int64(5), 'p': 2, 'weights': 'distance'}",0.05039548873901367
Coffee,10,20,7,5,RandomForest,Time_Warping,4,"{'sigma': 0.05, 'knot': 8}",0.8416666666666667,0.843938014669722,"{'bootstrap': True, 'ccp_alpha': 0.0, 'class_weight': 'balanced', 'criterion': 'gini', 'max_depth': None, 'max_features': 'sqrt', 'max_leaf_nodes': None, 'max_samples': None, 'min_impurity_decrease': 0.0, 'min_samples_leaf': 2, 'min_samples_split': 2, 'min_weight_fraction_leaf': 0.0, 'monotonic_cst': None, 'n_estimators': 150, 'n_jobs': None, 'oob_score': False, 'random_state': 42, 'verbose': 0, 'warm_start': False}",5.766011714935303
Coffee,10,20,7,5,LinearSVC,Time_Warping,4,"{'sigma': 0.05, 'knot': 8}",0.6316666666666667,0.6320744917074633,"{'C': np.float64(2.6366508987303554), 'class_weight': 'balanced', 'dual': False, 'fit_intercept': True, 'intercept_scaling': 1, 'loss': 'squared_hinge', 'max_iter': 100, 'multi_class': 'ovr', 'penalty': 'l1', 'random_state': 42, 'tol': 0.0001, 'verbose': 0}",0.17925763130187988
Coffee,10,20,7,5,LogisticRegression,Time_Warping,4,"{'sigma': 0.05, 'knot': 8}",0.705,0.7195061196058329,"{'C': np.float64(2.6366508987303554), 'class_weight': 'balanced', 'dual': False, 'fit_intercept': True, 'intercept_scaling': 1, 'l1_ratio': None, 'max_iter': 100, 'multi_class': 'deprecated', 'n_jobs': None, 'penalty': 'l1', 'random_state': 42, 'solver': 'saga', 'tol': 0.0001, 'verbose': 0, 'warm_start': False}",0.8771321773529053
Coffee,10,20,7,5,KNN,Time_Warping,5,"{'sigma': 0.1, 'knot': 4}",0.915,0.9175243300293403,"{'algorithm': 'auto', 'leaf_size': 30, 'metric': 'manhattan', 'metric_params': None, 'n_jobs': None, 'n_neighbors': np.int64(5), 'p': 2, 'weights': 'distance'}",0.057894229888916016
Coffee,10,20,7,5,RandomForest,Time_Warping,5,"{'sigma': 0.1, 'knot': 4}",0.8666666666666667,0.8693185086240923,"{'bootstrap': True, 'ccp_alpha': 0.0, 'class_weight': 'balanced', 'criterion': 'gini', 'max_depth': None, 'max_features': 'sqrt', 'max_leaf_nodes': None, 'max_samples': None, 'min_impurity_decrease': 0.0, 'min_samples_leaf': 2, 'min_samples_split': 2, 'min_weight_fraction_leaf': 0.0, 'monotonic_cst': None, 'n_estimators': 150, 'n_jobs': None, 'oob_score': False, 'random_state': 42, 'verbose': 0, 'warm_start': False}",5.691545248031616
Coffee,10,20,7,5,LinearSVC,Time_Warping,5,"{'sigma': 0.1, 'knot': 4}",0.6466666666666666,0.625607998814038,"{'C': np.float64(1000.0), 'class_weight': 'balanced', 'dual': False, 'fit_intercept': True, 'intercept_scaling': 1, 'loss': 'squared_hinge', 'max_iter': 100, 'multi_class': 'ovr', 'penalty': 'l2', 'random_state': 42, 'tol': 0.001, 'verbose': 0}",0.049378395080566406
Coffee,10,20,7,5,LogisticRegression,Time_Warping,5,"{'sigma': 0.1, 'knot': 4}",0.6483333333333333,0.6267511285859909,"{'C': np.float64(2.6366508987303554), 'class_weight': 'balanced', 'dual': False, 'fit_intercept': True, 'intercept_scaling': 1, 'l1_ratio': None, 'max_iter': 100, 'multi_class': 'deprecated', 'n_jobs': None, 'penalty': 'l1', 'random_state': 42, 'solver': 'saga', 'tol': 0.0001, 'verbose': 0, 'warm_start': False}",0.8690218925476074
Coffee,10,20,7,5,KNN,Time_Warping,6,"{'sigma': 0.3, 'knot': 6}",0.9216666666666666,0.9224909583353607,"{'algorithm': 'auto', 'leaf_size': 30, 'metric': 'manhattan', 'metric_params': None, 'n_jobs': None, 'n_neighbors': np.int64(5), 'p': 2, 'weights': 'distance'}",0.05804133415222168
Coffee,10,20,7,5,RandomForest,Time_Warping,6,"{'sigma': 0.3, 'knot': 6}",0.8366666666666667,0.8328601491604225,"{'bootstrap': True, 'ccp_alpha': 0.0, 'class_weight': 'balanced', 'criterion': 'gini', 'max_depth': None, 'max_features': 'sqrt', 'max_leaf_nodes': None, 'max_samples': None, 'min_impurity_decrease': 0.0, 'min_samples_leaf': 1, 'min_samples_split': 2, 'min_weight_fraction_leaf': 0.0, 'monotonic_cst': None, 'n_estimators': 50, 'n_jobs': None, 'oob_score': False, 'random_state': 42, 'verbose': 0, 'warm_start': False}",1.9994943141937256
Coffee,10,20,7,5,LinearSVC,Time_Warping,6,"{'sigma': 0.3, 'knot': 6}",0.6333333333333333,0.6154299211101703,"{'C': np.float64(1000.0), 'class_weight': 'balanced', 'dual': False, 'fit_intercept': True, 'intercept_scaling': 1, 'loss': 'squared_hinge', 'max_iter': 100, 'multi_class': 'ovr', 'penalty': 'l2', 'random_state': 42, 'tol': 0.001, 'verbose': 0}",0.04784655570983887
Coffee,10,20,7,5,LogisticRegression,Time_Warping,6,"{'sigma': 0.3, 'knot': 6}",0.645,0.6237864304469299,"{'C': np.float64(2.6366508987303554), 'class_weight': 'balanced', 'dual': False, 'fit_intercept': True, 'intercept_scaling': 1, 'l1_ratio': None, 'max_iter': 100, 'multi_class': 'deprecated', 'n_jobs': None, 'penalty': 'l1', 'random_state': 42, 'solver': 'saga', 'tol': 0.0001, 'verbose': 0, 'warm_start': False}",0.7671394348144531
Coffee,10,20,7,5,KNN,Time_Warping,7,"{'sigma': 0.05, 'knot': 6}",0.9216666666666666,0.9236562681938959,"{'algorithm': 'auto', 'leaf_size': 30, 'metric': 'manhattan', 'metric_params': None, 'n_jobs': None, 'n_neighbors': np.int64(5), 'p': 2, 'weights': 'distance'}",0.044048309326171875
Coffee,10,20,7,5,RandomForest,Time_Warping,7,"{'sigma': 0.05, 'knot': 6}",0.875,0.8775455224153897,"{'bootstrap': True, 'ccp_alpha': 0.0, 'class_weight': 'balanced', 'criterion': 'gini', 'max_depth': None, 'max_features': 'sqrt', 'max_leaf_nodes': None, 'max_samples': None, 'min_impurity_decrease': 0.0, 'min_samples_leaf': 1, 'min_samples_split': 2, 'min_weight_fraction_leaf': 0.0, 'monotonic_cst': None, 'n_estimators': 50, 'n_jobs': None, 'oob_score': False, 'random_state': 42, 'verbose': 0, 'warm_start': False}",1.7651417255401611
Coffee,10,20,7,5,LinearSVC,Time_Warping,7,"{'sigma': 0.05, 'knot': 6}",0.5316666666666666,0.5206915111942146,"{'C': np.float64(0.0069519279617756054), 'class_weight': 'balanced', 'dual': False, 'fit_intercept': False, 'intercept_scaling': 1, 'loss': 'squared_hinge', 'max_iter': 100, 'multi_class': 'ovr', 'penalty': 'l2', 'random_state': 42, 'tol': 0.0001, 'verbose': 0}",0.053031206130981445
Coffee,10,20,7,5,LogisticRegression,Time_Warping,7,"{'sigma': 0.05, 'knot': 6}",0.7083333333333334,0.71788295472506,"{'C': np.float64(2.6366508987303554), 'class_weight': 'balanced', 'dual': False, 'fit_intercept': True, 'intercept_scaling': 1, 'l1_ratio': None, 'max_iter': 100, 'multi_class': 'deprecated', 'n_jobs': None, 'penalty': 'l1', 'random_state': 42, 'solver': 'saga', 'tol': 0.0001, 'verbose': 0, 'warm_start': False}",0.8643920421600342
Coffee,10,20,7,5,KNN,Time_Warping,8,"{'sigma': 0.3, 'knot': 6}",0.895,0.8983365593671552,"{'algorithm': 'auto', 'leaf_size': 30, 'metric': 'manhattan', 'metric_params': None, 'n_jobs': None, 'n_neighbors': np.int64(5), 'p': 2, 'weights': 'distance'}",0.05898022651672363
Coffee,10,20,7,5,RandomForest,Time_Warping,8,"{'sigma': 0.3, 'knot': 6}",0.8316666666666667,0.8270411006831524,"{'bootstrap': True, 'ccp_alpha': 0.0, 'class_weight': 'balanced', 'criterion': 'gini', 'max_depth': None, 'max_features': 'sqrt', 'max_leaf_nodes': None, 'max_samples': None, 'min_impurity_decrease': 0.0, 'min_samples_leaf': 1, 'min_samples_split': 2, 'min_weight_fraction_leaf': 0.0, 'monotonic_cst': None, 'n_estimators': 50, 'n_jobs': None, 'oob_score': False, 'random_state': 42, 'verbose': 0, 'warm_start': False}",2.138467311859131
Coffee,10,20,7,5,LinearSVC,Time_Warping,8,"{'sigma': 0.3, 'knot': 6}",0.6333333333333333,0.614094796949826,"{'C': np.float64(0.4832930238571752), 'class_weight': 'balanced', 'dual': False, 'fit_intercept': True, 'intercept_scaling': 1, 'loss': 'squared_hinge', 'max_iter': 100, 'multi_class': 'ovr', 'penalty': 'l2', 'random_state': 42, 'tol': 0.0001, 'verbose': 0}",0.05858945846557617
Coffee,10,20,7,5,LogisticRegression,Time_Warping,8,"{'sigma': 0.3, 'knot': 6}",0.645,0.6237864304469299,"{'C': np.float64(2.6366508987303554), 'class_weight': 'balanced', 'dual': False, 'fit_intercept': True, 'intercept_scaling': 1, 'l1_ratio': None, 'max_iter': 100, 'multi_class': 'deprecated', 'n_jobs': None, 'penalty': 'l1', 'random_state': 42, 'solver': 'saga', 'tol': 0.0001, 'verbose': 0, 'warm_start': False}",1.0195260047912598
Coffee,10,20,7,5,KNN,Time_Warping,9,"{'sigma': 0.1, 'knot': 6}",0.9016666666666666,0.9049777745685313,"{'algorithm': 'auto', 'leaf_size': 30, 'metric': 'manhattan', 'metric_params': None, 'n_jobs': None, 'n_neighbors': np.int64(5), 'p': 2, 'weights': 'distance'}",0.05151247978210449
Coffee,10,20,7,5,RandomForest,Time_Warping,9,"{'sigma': 0.1, 'knot': 6}",0.8633333333333333,0.8676417811116086,"{'bootstrap': True, 'ccp_alpha': 0.0, 'class_weight': 'balanced', 'criterion': 'gini', 'max_depth': None, 'max_features': 'sqrt', 'max_leaf_nodes': None, 'max_samples': None, 'min_impurity_decrease': 0.0, 'min_samples_leaf': 2, 'min_samples_split': 2, 'min_weight_fraction_leaf': 0.0, 'monotonic_cst': None, 'n_estimators': 150, 'n_jobs': None, 'oob_score': False, 'random_state': 42, 'verbose': 0, 'warm_start': False}",5.534490585327148
Coffee,10,20,7,5,LinearSVC,Time_Warping,9,"{'sigma': 0.1, 'knot': 6}",0.6533333333333333,0.6317188044055931,"{'C': np.float64(1000.0), 'class_weight': 'balanced', 'dual': False, 'fit_intercept': True, 'intercept_scaling': 1, 'loss': 'squared_hinge', 'max_iter': 100, 'multi_class': 'ovr', 'penalty': 'l2', 'random_state': 42, 'tol': 0.001, 'verbose': 0}",0.07069826126098633
Coffee,10,20,7,5,LogisticRegression,Time_Warping,9,"{'sigma': 0.1, 'knot': 6}",0.6466666666666666,0.625607998814038,"{'C': np.float64(2.6366508987303554), 'class_weight': 'balanced', 'dual': False, 'fit_intercept': True, 'intercept_scaling': 1, 'l1_ratio': None, 'max_iter': 100, 'multi_class': 'deprecated', 'n_jobs': None, 'penalty': 'l1', 'random_state': 42, 'solver': 'saga', 'tol': 0.0001, 'verbose': 0, 'warm_start': False}",0.842583179473877
Coffee,10,20,7,5,KNN,Time_Warping,10,"{'sigma': 0.1, 'knot': 8}",0.9083333333333333,0.9104895312854965,"{'algorithm': 'auto', 'leaf_size': 30, 'metric': 'manhattan', 'metric_params': None, 'n_jobs': None, 'n_neighbors': np.int64(5), 'p': 2, 'weights': 'distance'}",0.04710721969604492
Coffee,10,20,7,5,RandomForest,Time_Warping,10,"{'sigma': 0.1, 'knot': 8}",0.8616666666666667,0.8625772729985761,"{'bootstrap': True, 'ccp_alpha': 0.0, 'class_weight': 'balanced', 'criterion': 'gini', 'max_depth': None, 'max_features': 'sqrt', 'max_leaf_nodes': None, 'max_samples': None, 'min_impurity_decrease': 0.0, 'min_samples_leaf': 2, 'min_samples_split': 2, 'min_weight_fraction_leaf': 0.0, 'monotonic_cst': None, 'n_estimators': 150, 'n_jobs': None, 'oob_score': False, 'random_state': 42, 'verbose': 0, 'warm_start': False}",5.96518087387085
Coffee,10,20,7,5,LinearSVC,Time_Warping,10,"{'sigma': 0.1, 'knot': 8}",0.6733333333333333,0.6493975043928298,"{'C': np.float64(2.6366508987303554), 'class_weight': 'balanced', 'dual': False, 'fit_intercept': True, 'intercept_scaling': 1, 'loss': 'squared_hinge', 'max_iter': 100, 'multi_class': 'ovr', 'penalty': 'l1', 'random_state': 42, 'tol': 0.0001, 'verbose': 0}",0.17599201202392578
Coffee,10,20,7,5,LogisticRegression,Time_Warping,10,"{'sigma': 0.1, 'knot': 8}",0.645,0.6244103778753256,"{'C': np.float64(2.6366508987303554), 'class_weight': 'balanced', 'dual': False, 'fit_intercept': True, 'intercept_scaling': 1, 'l1_ratio': None, 'max_iter': 100, 'multi_class': 'deprecated', 'n_jobs': None, 'penalty': 'l1', 'random_state': 42, 'solver': 'saga', 'tol': 0.0001, 'verbose': 0, 'warm_start': False}",0.7604389190673828
Coffee,10,20,7,10,KNN,Time_Warping,1,"{'sigma': 0.2, 'knot': 4}",0.8833333333333333,0.8862397457971326,"{'algorithm': 'auto', 'leaf_size': 30, 'metric': 'minkowski', 'metric_params': None, 'n_jobs': None, 'n_neighbors': 5, 'p': 2, 'weights': 'uniform'}",0.09695577621459961
Coffee,10,20,7,10,RandomForest,Time_Warping,1,"{'sigma': 0.2, 'knot': 4}",0.8316666666666667,0.8340996749915075,"{'bootstrap': True, 'ccp_alpha': 0.0, 'class_weight': None, 'criterion': 'gini', 'max_depth': None, 'max_features': 'sqrt', 'max_leaf_nodes': None, 'max_samples': None, 'min_impurity_decrease': 0.0, 'min_samples_leaf': 1, 'min_samples_split': 2, 'min_weight_fraction_leaf': 0.0, 'monotonic_cst': None, 'n_estimators': 100, 'n_jobs': None, 'oob_score': False, 'random_state': 42, 'verbose': 0, 'warm_start': False}",8.483148336410522
Coffee,10,20,7,10,LinearSVC,Time_Warping,1,"{'sigma': 0.2, 'knot': 4}",0.6333333333333333,0.6136065562253924,"{'C': 1.0, 'class_weight': None, 'dual': False, 'fit_intercept': True, 'intercept_scaling': 1, 'loss': 'squared_hinge', 'max_iter': 100, 'multi_class': 'ovr', 'penalty': 'l2', 'random_state': 42, 'tol': 0.0001, 'verbose': 0}",0.09076690673828125
Coffee,10,20,7,10,LogisticRegression,Time_Warping,1,"{'sigma': 0.2, 'knot': 4}",0.6283333333333333,0.6098872051767973,"{'C': 1.0, 'class_weight': None, 'dual': False, 'fit_intercept': True, 'intercept_scaling': 1, 'l1_ratio': None, 'max_iter': 100, 'multi_class': 'deprecated', 'n_jobs': None, 'penalty': 'l2', 'random_state': 42, 'solver': 'lbfgs', 'tol': 0.0001, 'verbose': 0, 'warm_start': False}",0.16524147987365723
Coffee,10,20,7,10,KNN,Time_Warping,2,"{'sigma': 0.2, 'knot': 3}",0.8916666666666667,0.8940118266415654,"{'algorithm': 'auto', 'leaf_size': 30, 'metric': 'minkowski', 'metric_params': None, 'n_jobs': None, 'n_neighbors': 5, 'p': 2, 'weights': 'uniform'}",0.09519839286804199
Coffee,10,20,7,10,RandomForest,Time_Warping,2,"{'sigma': 0.2, 'knot': 3}",0.8183333333333334,0.8174870467165385,"{'bootstrap': True, 'ccp_alpha': 0.0, 'class_weight': None, 'criterion': 'gini', 'max_depth': None, 'max_features': 'sqrt', 'max_leaf_nodes': None, 'max_samples': None, 'min_impurity_decrease': 0.0, 'min_samples_leaf': 1, 'min_samples_split': 2, 'min_weight_fraction_leaf': 0.0, 'monotonic_cst': None, 'n_estimators': 100, 'n_jobs': None, 'oob_score': False, 'random_state': 42, 'verbose': 0, 'warm_start': False}",9.206178665161133
Coffee,10,20,7,10,LinearSVC,Time_Warping,2,"{'sigma': 0.2, 'knot': 3}",0.6316666666666667,0.6113440599155843,"{'C': 1.0, 'class_weight': None, 'dual': False, 'fit_intercept': True, 'intercept_scaling': 1, 'loss': 'squared_hinge', 'max_iter': 100, 'multi_class': 'ovr', 'penalty': 'l2', 'random_state': 42, 'tol': 0.0001, 'verbose': 0}",0.09756684303283691
Coffee,10,20,7,10,LogisticRegression,Time_Warping,2,"{'sigma': 0.2, 'knot': 3}",0.6266666666666667,0.6084770252774375,"{'C': 1.0, 'class_weight': None, 'dual': False, 'fit_intercept': True, 'intercept_scaling': 1, 'l1_ratio': None, 'max_iter': 100, 'multi_class': 'deprecated', 'n_jobs': None, 'penalty': 'l2', 'random_state': 42, 'solver': 'lbfgs', 'tol': 0.0001, 'verbose': 0, 'warm_start': False}",0.14979934692382812
Coffee,10,20,7,10,KNN,Time_Warping,3,"{'sigma': 0.5, 'knot': 4}",0.9016666666666666,0.9035093791530856,"{'algorithm': 'auto', 'leaf_size': 30, 'metric': 'minkowski', 'metric_params': None, 'n_jobs': None, 'n_neighbors': 5, 'p': 2, 'weights': 'uniform'}",0.09744882583618164
Coffee,10,20,7,10,RandomForest,Time_Warping,3,"{'sigma': 0.5, 'knot': 4}",0.8216666666666667,0.820393216044435,"{'bootstrap': True, 'ccp_alpha': 0.0, 'class_weight': None, 'criterion': 'gini', 'max_depth': None, 'max_features': 'sqrt', 'max_leaf_nodes': None, 'max_samples': None, 'min_impurity_decrease': 0.0, 'min_samples_leaf': 1, 'min_samples_split': 2, 'min_weight_fraction_leaf': 0.0, 'monotonic_cst': None, 'n_estimators': 100, 'n_jobs': None, 'oob_score': False, 'random_state': 42, 'verbose': 0, 'warm_start': False}",9.163706541061401
Coffee,10,20,7,10,LinearSVC,Time_Warping,3,"{'sigma': 0.5, 'knot': 4}",0.565,0.5441946962263282,"{'C': 1.0, 'class_weight': None, 'dual': False, 'fit_intercept': True, 'intercept_scaling': 1, 'loss': 'squared_hinge', 'max_iter': 100, 'multi_class': 'ovr', 'penalty': 'l2', 'random_state': 42, 'tol': 0.0001, 'verbose': 0}",0.09052848815917969
Coffee,10,20,7,10,LogisticRegression,Time_Warping,3,"{'sigma': 0.5, 'knot': 4}",0.6133333333333333,0.5970486598740721,"{'C': 1.0, 'class_weight': None, 'dual': False, 'fit_intercept': True, 'intercept_scaling': 1, 'l1_ratio': None, 'max_iter': 100, 'multi_class': 'deprecated', 'n_jobs': None, 'penalty': 'l2', 'random_state': 42, 'solver': 'lbfgs', 'tol': 0.0001, 'verbose': 0, 'warm_start': False}",0.20390748977661133
Coffee,10,20,7,10,KNN,Time_Warping,4,"{'sigma': 0.05, 'knot': 8}",0.92,0.9212962962962964,"{'algorithm': 'auto', 'leaf_size': 30, 'metric': 'minkowski', 'metric_params': None, 'n_jobs': None, 'n_neighbors': 5, 'p': 2, 'weights': 'uniform'}",0.10379171371459961
Coffee,10,20,7,10,RandomForest,Time_Warping,4,"{'sigma': 0.05, 'knot': 8}",0.87,0.8743071888741181,"{'bootstrap': True, 'ccp_alpha': 0.0, 'class_weight': None, 'criterion': 'gini', 'max_depth': None, 'max_features': 'sqrt', 'max_leaf_nodes': None, 'max_samples': None, 'min_impurity_decrease': 0.0, 'min_samples_leaf': 1, 'min_samples_split': 2, 'min_weight_fraction_leaf': 0.0, 'monotonic_cst': None, 'n_estimators': 100, 'n_jobs': None, 'oob_score': False, 'random_state': 42, 'verbose': 0, 'warm_start': False}",8.313997268676758
Coffee,10,20,7,10,LinearSVC,Time_Warping,4,"{'sigma': 0.05, 'knot': 8}",0.7416666666666667,0.714775487181808,"{'C': 1.0, 'class_weight': None, 'dual': False, 'fit_intercept': True, 'intercept_scaling': 1, 'loss': 'squared_hinge', 'max_iter': 100, 'multi_class': 'ovr', 'penalty': 'l2', 'random_state': 42, 'tol': 0.0001, 'verbose': 0}",0.12299156188964844
Coffee,10,20,7,10,LogisticRegression,Time_Warping,4,"{'sigma': 0.05, 'knot': 8}",0.7766666666666666,0.7881725867995891,"{'C': 1.0, 'class_weight': None, 'dual': False, 'fit_intercept': True, 'intercept_scaling': 1, 'l1_ratio': None, 'max_iter': 100, 'multi_class': 'deprecated', 'n_jobs': None, 'penalty': 'l2', 'random_state': 42, 'solver': 'lbfgs', 'tol': 0.0001, 'verbose': 0, 'warm_start': False}",1.1164133548736572
Coffee,10,20,7,10,KNN,Time_Warping,5,"{'sigma': 0.1, 'knot': 4}",0.8833333333333333,0.886306432314177,"{'algorithm': 'auto', 'leaf_size': 30, 'metric': 'minkowski', 'metric_params': None, 'n_jobs': None, 'n_neighbors': 5, 'p': 2, 'weights': 'uniform'}",0.10435771942138672
Coffee,10,20,7,10,RandomForest,Time_Warping,5,"{'sigma': 0.1, 'knot': 4}",0.8366666666666667,0.8379001074653248,"{'bootstrap': True, 'ccp_alpha': 0.0, 'class_weight': None, 'criterion': 'gini', 'max_depth': None, 'max_features': 'sqrt', 'max_leaf_nodes': None, 'max_samples': None, 'min_impurity_decrease': 0.0, 'min_samples_leaf': 1, 'min_samples_split': 2, 'min_weight_fraction_leaf': 0.0, 'monotonic_cst': None, 'n_estimators': 100, 'n_jobs': None, 'oob_score': False, 'random_state': 42, 'verbose': 0, 'warm_start': False}",8.15383267402649
Coffee,10,20,7,10,LinearSVC,Time_Warping,5,"{'sigma': 0.1, 'knot': 4}",0.6616666666666666,0.6389929856745376,"{'C': 1.0, 'class_weight': None, 'dual': False, 'fit_intercept': True, 'intercept_scaling': 1, 'loss': 'squared_hinge', 'max_iter': 100, 'multi_class': 'ovr', 'penalty': 'l2', 'random_state': 42, 'tol': 0.0001, 'verbose': 0}",0.11417984962463379
Coffee,10,20,7,10,LogisticRegression,Time_Warping,5,"{'sigma': 0.1, 'knot': 4}",0.6433333333333333,0.6229761489702713,"{'C': 1.0, 'class_weight': None, 'dual': False, 'fit_intercept': True, 'intercept_scaling': 1, 'l1_ratio': None, 'max_iter': 100, 'multi_class': 'deprecated', 'n_jobs': None, 'penalty': 'l2', 'random_state': 42, 'solver': 'lbfgs', 'tol': 0.0001, 'verbose': 0, 'warm_start': False}",0.1921679973602295
Coffee,10,20,7,10,KNN,Time_Warping,6,"{'sigma': 0.3, 'knot': 6}",0.8983333333333333,0.9003937981022049,"{'algorithm': 'auto', 'leaf_size': 30, 'metric': 'minkowski', 'metric_params': None, 'n_jobs': None, 'n_neighbors': 5, 'p': 2, 'weights': 'uniform'}",0.09916067123413086
Coffee,10,20,7,10,RandomForest,Time_Warping,6,"{'sigma': 0.3, 'knot': 6}",0.8533333333333334,0.8502230705669238,"{'bootstrap': True, 'ccp_alpha': 0.0, 'class_weight': None, 'criterion': 'gini', 'max_depth': None, 'max_features': 'sqrt', 'max_leaf_nodes': None, 'max_samples': None, 'min_impurity_decrease': 0.0, 'min_samples_leaf': 1, 'min_samples_split': 2, 'min_weight_fraction_leaf': 0.0, 'monotonic_cst': None, 'n_estimators': 100, 'n_jobs': None, 'oob_score': False, 'random_state': 42, 'verbose': 0, 'warm_start': False}",8.662320375442505
Coffee,10,20,7,10,LinearSVC,Time_Warping,6,"{'sigma': 0.3, 'knot': 6}",0.635,0.6151690399950426,"{'C': 1.0, 'class_weight': None, 'dual': False, 'fit_intercept': True, 'intercept_scaling': 1, 'loss': 'squared_hinge', 'max_iter': 100, 'multi_class': 'ovr', 'penalty': 'l2', 'random_state': 42, 'tol': 0.0001, 'verbose': 0}",0.09217453002929688
Coffee,10,20,7,10,LogisticRegression,Time_Warping,6,"{'sigma': 0.3, 'knot': 6}",0.6333333333333333,0.6143104812625209,"{'C': 1.0, 'class_weight': None, 'dual': False, 'fit_intercept': True, 'intercept_scaling': 1, 'l1_ratio': None, 'max_iter': 100, 'multi_class': 'deprecated', 'n_jobs': None, 'penalty': 'l2', 'random_state': 42, 'solver': 'lbfgs', 'tol': 0.0001, 'verbose': 0, 'warm_start': False}",0.1464550495147705
Coffee,10,20,7,10,KNN,Time_Warping,7,"{'sigma': 0.05, 'knot': 6}",0.8933333333333333,0.8959163672660722,"{'algorithm': 'auto', 'leaf_size': 30, 'metric': 'minkowski', 'metric_params': None, 'n_jobs': None, 'n_neighbors': 5, 'p': 2, 'weights': 'uniform'}",0.08848953247070312
Coffee,10,20,7,10,RandomForest,Time_Warping,7,"{'sigma': 0.05, 'knot': 6}",0.8416666666666667,0.844528786934388,"{'bootstrap': True, 'ccp_alpha': 0.0, 'class_weight': None, 'criterion': 'gini', 'max_depth': None, 'max_features': 'sqrt', 'max_leaf_nodes': None, 'max_samples': None, 'min_impurity_decrease': 0.0, 'min_samples_leaf': 1, 'min_samples_split': 2, 'min_weight_fraction_leaf': 0.0, 'monotonic_cst': None, 'n_estimators': 100, 'n_jobs': None, 'oob_score': False, 'random_state': 42, 'verbose': 0, 'warm_start': False}",8.324746370315552
Coffee,10,20,7,10,LinearSVC,Time_Warping,7,"{'sigma': 0.05, 'knot': 6}",0.7733333333333333,0.7426471650415313,"{'C': 1.0, 'class_weight': None, 'dual': False, 'fit_intercept': True, 'intercept_scaling': 1, 'loss': 'squared_hinge', 'max_iter': 100, 'multi_class': 'ovr', 'penalty': 'l2', 'random_state': 42, 'tol': 0.0001, 'verbose': 0}",0.12478899955749512
Coffee,10,20,7,10,LogisticRegression,Time_Warping,7,"{'sigma': 0.05, 'knot': 6}",0.765,0.7730638056880405,"{'C': 1.0, 'class_weight': None, 'dual': False, 'fit_intercept': True, 'intercept_scaling': 1, 'l1_ratio': None, 'max_iter': 100, 'multi_class': 'deprecated', 'n_jobs': None, 'penalty': 'l2', 'random_state': 42, 'solver': 'lbfgs', 'tol': 0.0001, 'verbose': 0, 'warm_start': False}",0.38220739364624023
Coffee,10,20,7,10,KNN,Time_Warping,8,"{'sigma': 0.3, 'knot': 6}",0.8833333333333333,0.8862397457971326,"{'algorithm': 'auto', 'leaf_size': 30, 'metric': 'minkowski', 'metric_params': None, 'n_jobs': None, 'n_neighbors': 5, 'p': 2, 'weights': 'uniform'}",0.09903144836425781
Coffee,10,20,7,10,RandomForest,Time_Warping,8,"{'sigma': 0.3, 'knot': 6}",0.835,0.8381090497607812,"{'bootstrap': True, 'ccp_alpha': 0.0, 'class_weight': None, 'criterion': 'gini', 'max_depth': None, 'max_features': 'sqrt', 'max_leaf_nodes': None, 'max_samples': None, 'min_impurity_decrease': 0.0, 'min_samples_leaf': 1, 'min_samples_split': 2, 'min_weight_fraction_leaf': 0.0, 'monotonic_cst': None, 'n_estimators': 100, 'n_jobs': None, 'oob_score': False, 'random_state': 42, 'verbose': 0, 'warm_start': False}",8.805159091949463
Coffee,10,20,7,10,LinearSVC,Time_Warping,8,"{'sigma': 0.3, 'knot': 6}",0.6033333333333334,0.5852211434735708,"{'C': 1.0, 'class_weight': None, 'dual': False, 'fit_intercept': True, 'intercept_scaling': 1, 'loss': 'squared_hinge', 'max_iter': 100, 'multi_class': 'ovr', 'penalty': 'l2', 'random_state': 42, 'tol': 0.0001, 'verbose': 0}",0.0919954776763916
Coffee,10,20,7,10,LogisticRegression,Time_Warping,8,"{'sigma': 0.3, 'knot': 6}",0.6183333333333333,0.6013658953645613,"{'C': 1.0, 'class_weight': None, 'dual': False, 'fit_intercept': True, 'intercept_scaling': 1, 'l1_ratio': None, 'max_iter': 100, 'multi_class': 'deprecated', 'n_jobs': None, 'penalty': 'l2', 'random_state': 42, 'solver': 'lbfgs', 'tol': 0.0001, 'verbose': 0, 'warm_start': False}",0.1554088592529297
Coffee,10,20,7,10,KNN,Time_Warping,9,"{'sigma': 0.1, 'knot': 6}",0.8766666666666667,0.8803812261639037,"{'algorithm': 'auto', 'leaf_size': 30, 'metric': 'minkowski', 'metric_params': None, 'n_jobs': None, 'n_neighbors': 5, 'p': 2, 'weights': 'uniform'}",0.09573554992675781
Coffee,10,20,7,10,RandomForest,Time_Warping,9,"{'sigma': 0.1, 'knot': 6}",0.85,0.8522842978598197,"{'bootstrap': True, 'ccp_alpha': 0.0, 'class_weight': None, 'criterion': 'gini', 'max_depth': None, 'max_features': 'sqrt', 'max_leaf_nodes': None, 'max_samples': None, 'min_impurity_decrease': 0.0, 'min_samples_leaf': 1, 'min_samples_split': 2, 'min_weight_fraction_leaf': 0.0, 'monotonic_cst': None, 'n_estimators': 100, 'n_jobs': None, 'oob_score': False, 'random_state': 42, 'verbose': 0, 'warm_start': False}",8.889657258987427
Coffee,10,20,7,10,LinearSVC,Time_Warping,9,"{'sigma': 0.1, 'knot': 6}",0.6816666666666666,0.6568564986208438,"{'C': 1.0, 'class_weight': None, 'dual': False, 'fit_intercept': True, 'intercept_scaling': 1, 'loss': 'squared_hinge', 'max_iter': 100, 'multi_class': 'ovr', 'penalty': 'l2', 'random_state': 42, 'tol': 0.0001, 'verbose': 0}",0.11345219612121582
Coffee,10,20,7,10,LogisticRegression,Time_Warping,9,"{'sigma': 0.1, 'knot': 6}",0.6483333333333333,0.6274131466139935,"{'C': 1.0, 'class_weight': None, 'dual': False, 'fit_intercept': True, 'intercept_scaling': 1, 'l1_ratio': None, 'max_iter': 100, 'multi_class': 'deprecated', 'n_jobs': None, 'penalty': 'l2', 'random_state': 42, 'solver': 'lbfgs', 'tol': 0.0001, 'verbose': 0, 'warm_start': False}",0.46204304695129395
Coffee,10,20,7,10,KNN,Time_Warping,10,"{'sigma': 0.1, 'knot': 8}",0.8933333333333333,0.8957406114590856,"{'algorithm': 'auto', 'leaf_size': 30, 'metric': 'minkowski', 'metric_params': None, 'n_jobs': None, 'n_neighbors': 5, 'p': 2, 'weights': 'uniform'}",0.09413576126098633
Coffee,10,20,7,10,RandomForest,Time_Warping,10,"{'sigma': 0.1, 'knot': 8}",0.8416666666666667,0.8444644960773994,"{'bootstrap': True, 'ccp_alpha': 0.0, 'class_weight': None, 'criterion': 'gini', 'max_depth': None, 'max_features': 'sqrt', 'max_leaf_nodes': None, 'max_samples': None, 'min_impurity_decrease': 0.0, 'min_samples_leaf': 1, 'min_samples_split': 2, 'min_weight_fraction_leaf': 0.0, 'monotonic_cst': None, 'n_estimators': 100, 'n_jobs': None, 'oob_score': False, 'random_state': 42, 'verbose': 0, 'warm_start': False}",8.712626218795776
Coffee,10,20,7,10,LinearSVC,Time_Warping,10,"{'sigma': 0.1, 'knot': 8}",0.6966666666666667,0.6699361337624061,"{'C': 1.0, 'class_weight': None, 'dual': False, 'fit_intercept': True, 'intercept_scaling': 1, 'loss': 'squared_hinge', 'max_iter': 100, 'multi_class': 'ovr', 'penalty': 'l2', 'random_state': 42, 'tol': 0.0001, 'verbose': 0}",0.11777997016906738
Coffee,10,20,7,10,LogisticRegression,Time_Warping,10,"{'sigma': 0.1, 'knot': 8}",0.6583333333333333,0.6361665616984766,"{'C': 1.0, 'class_weight': None, 'dual': False, 'fit_intercept': True, 'intercept_scaling': 1, 'l1_ratio': None, 'max_iter': 100, 'multi_class': 'deprecated', 'n_jobs': None, 'penalty': 'l2', 'random_state': 42, 'solver': 'lbfgs', 'tol': 0.0001, 'verbose': 0, 'warm_start': False}",0.29636454582214355
Coffee,10,20,8,1,KNN,Baseline,N/A,N/A,0.9266666666666666,0.9282368597449074,"{'algorithm': 'auto', 'leaf_size': 30, 'metric': 'minkowski', 'metric_params': None, 'n_jobs': None, 'n_neighbors': 5, 'p': 2, 'weights': 'uniform'}",0.025682449340820312
Coffee,10,20,8,1,KNN,Tuned_Baseline,N/A,N/A,0.89,0.8949810320906247,"{'algorithm': 'auto', 'leaf_size': 30, 'metric': 'minkowski', 'metric_params': None, 'n_jobs': None, 'n_neighbors': np.int64(15), 'p': 4, 'weights': 'distance'}",0.03203916549682617
Coffee,10,20,8,1,RandomForest,Baseline,N/A,N/A,0.8766666666666667,0.8790266759235423,"{'bootstrap': True, 'ccp_alpha': 0.0, 'class_weight': None, 'criterion': 'gini', 'max_depth': None, 'max_features': 'sqrt', 'max_leaf_nodes': None, 'max_samples': None, 'min_impurity_decrease': 0.0, 'min_samples_leaf': 1, 'min_samples_split': 2, 'min_weight_fraction_leaf': 0.0, 'monotonic_cst': None, 'n_estimators': 100, 'n_jobs': None, 'oob_score': False, 'random_state': 42, 'verbose': 0, 'warm_start': False}",0.6824278831481934
Coffee,10,20,8,1,RandomForest,Tuned_Baseline,N/A,N/A,0.8766666666666667,0.8790266759235423,"{'bootstrap': True, 'ccp_alpha': 0.0, 'class_weight': None, 'criterion': 'gini', 'max_depth': 20, 'max_features': 'sqrt', 'max_leaf_nodes': None, 'max_samples': None, 'min_impurity_decrease': 0.0, 'min_samples_leaf': 1, 'min_samples_split': 2, 'min_weight_fraction_leaf': 0.0, 'monotonic_cst': None, 'n_estimators': 100, 'n_jobs': None, 'oob_score': False, 'random_state': 42, 'verbose': 0, 'warm_start': False}",0.008745670318603516
Coffee,10,20,8,1,LinearSVC,Baseline,N/A,N/A,0.7933333333333333,0.8006717594362553,"{'C': 1.0, 'class_weight': None, 'dual': False, 'fit_intercept': True, 'intercept_scaling': 1, 'loss': 'squared_hinge', 'max_iter': 100, 'multi_class': 'ovr', 'penalty': 'l2', 'random_state': 42, 'tol': 0.0001, 'verbose': 0}",0.018515586853027344
Coffee,10,20,8,1,LinearSVC,Tuned_Baseline,N/A,N/A,0.7866666666666666,0.7943224636458954,"{'C': np.float64(6.1584821106602545), 'class_weight': None, 'dual': False, 'fit_intercept': True, 'intercept_scaling': 1, 'loss': 'squared_hinge', 'max_iter': 100, 'multi_class': 'ovr', 'penalty': 'l2', 'random_state': 42, 'tol': 0.0001, 'verbose': 0}",0.0002682209014892578
Coffee,10,20,8,1,LogisticRegression,Baseline,N/A,N/A,0.7383333333333333,0.7502256359975766,"{'C': 1.0, 'class_weight': None, 'dual': False, 'fit_intercept': True, 'intercept_scaling': 1, 'l1_ratio': None, 'max_iter': 100, 'multi_class': 'deprecated', 'n_jobs': None, 'penalty': 'l2', 'random_state': 42, 'solver': 'lbfgs', 'tol': 0.0001, 'verbose': 0, 'warm_start': False}",0.23117756843566895
Coffee,10,20,8,1,LogisticRegression,Tuned_Baseline,N/A,N/A,0.7383333333333333,0.7493667832012665,"{'C': np.float64(6.1584821106602545), 'class_weight': None, 'dual': False, 'fit_intercept': True, 'intercept_scaling': 1, 'l1_ratio': None, 'max_iter': 100, 'multi_class': 'deprecated', 'n_jobs': None, 'penalty': 'l2', 'random_state': 42, 'solver': 'lbfgs', 'tol': 0.0001, 'verbose': 0, 'warm_start': False}",0.00033593177795410156
Coffee,10,20,8,1,RNN,Tuned_Baseline,N/A,N/A,0.16666666666666666,0.047619047619047616,"{'hidden_size': 64, 'epochs': 10, 'batch_size': 32, 'lr': 0.001}",4.0531158447265625e-05
Coffee,10,20,8,2,KNN,Time_Warping,1,"{'sigma': 0.2, 'knot': 4}",0.915,0.9175243300293403,"{'algorithm': 'auto', 'leaf_size': 30, 'metric': 'euclidean', 'metric_params': None, 'n_jobs': None, 'n_neighbors': np.int64(9), 'p': 2, 'weights': 'distance'}",0.024020671844482422
Coffee,10,20,8,2,RandomForest,Time_Warping,1,"{'sigma': 0.2, 'knot': 4}",0.8583333333333333,0.8580887543454674,"{'bootstrap': True, 'ccp_alpha': 0.0, 'class_weight': 'balanced', 'criterion': 'gini', 'max_depth': 30, 'max_features': 'sqrt', 'max_leaf_nodes': None, 'max_samples': None, 'min_impurity_decrease': 0.0, 'min_samples_leaf': 1, 'min_samples_split': 2, 'min_weight_fraction_leaf': 0.0, 'monotonic_cst': None, 'n_estimators': 150, 'n_jobs': None, 'oob_score': False, 'random_state': 42, 'verbose': 0, 'warm_start': False}",2.1926839351654053
Coffee,10,20,8,2,LinearSVC,Time_Warping,1,"{'sigma': 0.2, 'knot': 4}",0.65,0.6335208865532708,"{'C': np.float64(1000.0), 'class_weight': 'balanced', 'dual': False, 'fit_intercept': True, 'intercept_scaling': 1, 'loss': 'squared_hinge', 'max_iter': 100, 'multi_class': 'ovr', 'penalty': 'l2', 'random_state': 42, 'tol': 0.001, 'verbose': 0}",0.02032327651977539
Coffee,10,20,8,2,LogisticRegression,Time_Warping,1,"{'sigma': 0.2, 'knot': 4}",0.6483333333333333,0.6295936641334089,"{'C': np.float64(1000.0), 'class_weight': 'balanced', 'dual': False, 'fit_intercept': True, 'intercept_scaling': 1, 'l1_ratio': None, 'max_iter': 100, 'multi_class': 'deprecated', 'n_jobs': None, 'penalty': 'l2', 'random_state': 42, 'solver': 'sag', 'tol': 0.0001, 'verbose': 0, 'warm_start': False}",0.06867170333862305
Coffee,10,20,8,2,KNN,Time_Warping,2,"{'sigma': 0.2, 'knot': 3}",0.915,0.9175243300293403,"{'algorithm': 'auto', 'leaf_size': 30, 'metric': 'euclidean', 'metric_params': None, 'n_jobs': None, 'n_neighbors': np.int64(9), 'p': 2, 'weights': 'distance'}",0.02100086212158203
Coffee,10,20,8,2,RandomForest,Time_Warping,2,"{'sigma': 0.2, 'knot': 3}",0.86,0.8600905797824968,"{'bootstrap': True, 'ccp_alpha': 0.0, 'class_weight': 'balanced', 'criterion': 'gini', 'max_depth': 10, 'max_features': 'sqrt', 'max_leaf_nodes': None, 'max_samples': None, 'min_impurity_decrease': 0.0, 'min_samples_leaf': 1, 'min_samples_split': 2, 'min_weight_fraction_leaf': 0.0, 'monotonic_cst': None, 'n_estimators': 100, 'n_jobs': None, 'oob_score': False, 'random_state': 42, 'verbose': 0, 'warm_start': False}",1.2830164432525635
Coffee,10,20,8,2,LinearSVC,Time_Warping,2,"{'sigma': 0.2, 'knot': 3}",0.6466666666666666,0.6281864470310407,"{'C': np.float64(2.6366508987303554), 'class_weight': 'balanced', 'dual': False, 'fit_intercept': True, 'intercept_scaling': 1, 'loss': 'squared_hinge', 'max_iter': 100, 'multi_class': 'ovr', 'penalty': 'l1', 'random_state': 42, 'tol': 0.0001, 'verbose': 0}",0.042580604553222656
Coffee,10,20,8,2,LogisticRegression,Time_Warping,2,"{'sigma': 0.2, 'knot': 3}",0.645,0.6253954785492236,"{'C': np.float64(0.4832930238571752), 'class_weight': 'balanced', 'dual': False, 'fit_intercept': True, 'intercept_scaling': 1, 'l1_ratio': None, 'max_iter': 100, 'multi_class': 'deprecated', 'n_jobs': None, 'penalty': 'l2', 'random_state': 42, 'solver': 'lbfgs', 'tol': 0.0001, 'verbose': 0, 'warm_start': False}",0.046057701110839844
Coffee,10,20,8,2,KNN,Time_Warping,3,"{'sigma': 0.5, 'knot': 4}",0.9133333333333333,0.9160052965260548,"{'algorithm': 'auto', 'leaf_size': 30, 'metric': 'euclidean', 'metric_params': None, 'n_jobs': None, 'n_neighbors': np.int64(9), 'p': 2, 'weights': 'distance'}",0.021130084991455078
Coffee,10,20,8,2,RandomForest,Time_Warping,3,"{'sigma': 0.5, 'knot': 4}",0.855,0.8523110592648031,"{'bootstrap': True, 'ccp_alpha': 0.0, 'class_weight': 'balanced', 'criterion': 'gini', 'max_depth': 30, 'max_features': 'sqrt', 'max_leaf_nodes': None, 'max_samples': None, 'min_impurity_decrease': 0.0, 'min_samples_leaf': 1, 'min_samples_split': 2, 'min_weight_fraction_leaf': 0.0, 'monotonic_cst': None, 'n_estimators': 150, 'n_jobs': None, 'oob_score': False, 'random_state': 42, 'verbose': 0, 'warm_start': False}",2.277895927429199
Coffee,10,20,8,2,LinearSVC,Time_Warping,3,"{'sigma': 0.5, 'knot': 4}",0.645,0.6237520244432319,"{'C': np.float64(1000.0), 'class_weight': 'balanced', 'dual': False, 'fit_intercept': True, 'intercept_scaling': 1, 'loss': 'squared_hinge', 'max_iter': 100, 'multi_class': 'ovr', 'penalty': 'l2', 'random_state': 42, 'tol': 0.001, 'verbose': 0}",0.017368793487548828
Coffee,10,20,8,2,LogisticRegression,Time_Warping,3,"{'sigma': 0.5, 'knot': 4}",0.615,0.5969699435113612,"{'C': np.float64(33.59818286283781), 'class_weight': None, 'dual': False, 'fit_intercept': True, 'intercept_scaling': 1, 'l1_ratio': None, 'max_iter': 100, 'multi_class': 'deprecated', 'n_jobs': None, 'penalty': 'l2', 'random_state': 42, 'solver': 'saga', 'tol': 0.0001, 'verbose': 0, 'warm_start': False}",0.04648566246032715
Coffee,10,20,8,2,KNN,Time_Warping,4,"{'sigma': 0.05, 'knot': 8}",0.9483333333333334,0.9485736880466885,"{'algorithm': 'auto', 'leaf_size': 30, 'metric': 'euclidean', 'metric_params': None, 'n_jobs': None, 'n_neighbors': np.int64(9), 'p': 2, 'weights': 'distance'}",0.019203901290893555
Coffee,10,20,8,2,RandomForest,Time_Warping,4,"{'sigma': 0.05, 'knot': 8}",0.85,0.850177937540109,"{'bootstrap': True, 'ccp_alpha': 0.0, 'class_weight': 'balanced', 'criterion': 'gini', 'max_depth': 10, 'max_features': 'sqrt', 'max_leaf_nodes': None, 'max_samples': None, 'min_impurity_decrease': 0.0, 'min_samples_leaf': 1, 'min_samples_split': 2, 'min_weight_fraction_leaf': 0.0, 'monotonic_cst': None, 'n_estimators': 100, 'n_jobs': None, 'oob_score': False, 'random_state': 42, 'verbose': 0, 'warm_start': False}",1.2375216484069824
Coffee,10,20,8,2,LinearSVC,Time_Warping,4,"{'sigma': 0.05, 'knot': 8}",0.7266666666666667,0.7291437181663111,"{'C': np.float64(1000.0), 'class_weight': 'balanced', 'dual': False, 'fit_intercept': True, 'intercept_scaling': 1, 'loss': 'squared_hinge', 'max_iter': 100, 'multi_class': 'ovr', 'penalty': 'l2', 'random_state': 42, 'tol': 0.001, 'verbose': 0}",0.023615598678588867
Coffee,10,20,8,2,LogisticRegression,Time_Warping,4,"{'sigma': 0.05, 'knot': 8}",0.685,0.699210677147302,"{'C': np.float64(1000.0), 'class_weight': 'balanced', 'dual': False, 'fit_intercept': True, 'intercept_scaling': 1, 'l1_ratio': None, 'max_iter': 100, 'multi_class': 'deprecated', 'n_jobs': None, 'penalty': 'l2', 'random_state': 42, 'solver': 'sag', 'tol': 0.0001, 'verbose': 0, 'warm_start': False}",0.06818890571594238
Coffee,10,20,8,2,KNN,Time_Warping,5,"{'sigma': 0.1, 'knot': 4}",0.9033333333333333,0.9069433564616429,"{'algorithm': 'auto', 'leaf_size': 30, 'metric': 'euclidean', 'metric_params': None, 'n_jobs': None, 'n_neighbors': np.int64(9), 'p': 2, 'weights': 'distance'}",0.01894664764404297
Coffee,10,20,8,2,RandomForest,Time_Warping,5,"{'sigma': 0.1, 'knot': 4}",0.85,0.8490506329113924,"{'bootstrap': True, 'ccp_alpha': 0.0, 'class_weight': 'balanced', 'criterion': 'gini', 'max_depth': 20, 'max_features': 'sqrt', 'max_leaf_nodes': None, 'max_samples': None, 'min_impurity_decrease': 0.0, 'min_samples_leaf': 1, 'min_samples_split': 2, 'min_weight_fraction_leaf': 0.0, 'monotonic_cst': None, 'n_estimators': 50, 'n_jobs': None, 'oob_score': False, 'random_state': 42, 'verbose': 0, 'warm_start': False}",0.6712901592254639
Coffee,10,20,8,2,LinearSVC,Time_Warping,5,"{'sigma': 0.1, 'knot': 4}",0.6566666666666666,0.6405487841417082,"{'C': np.float64(1000.0), 'class_weight': 'balanced', 'dual': False, 'fit_intercept': True, 'intercept_scaling': 1, 'loss': 'squared_hinge', 'max_iter': 100, 'multi_class': 'ovr', 'penalty': 'l2', 'random_state': 42, 'tol': 0.001, 'verbose': 0}",0.02082061767578125
Coffee,10,20,8,2,LogisticRegression,Time_Warping,5,"{'sigma': 0.1, 'knot': 4}",0.6483333333333333,0.6269967088490243,"{'C': np.float64(1000.0), 'class_weight': 'balanced', 'dual': False, 'fit_intercept': True, 'intercept_scaling': 1, 'l1_ratio': None, 'max_iter': 100, 'multi_class': 'deprecated', 'n_jobs': None, 'penalty': 'l2', 'random_state': 42, 'solver': 'sag', 'tol': 0.0001, 'verbose': 0, 'warm_start': False}",0.07666897773742676
Coffee,10,20,8,2,KNN,Time_Warping,6,"{'sigma': 0.3, 'knot': 6}",0.9133333333333333,0.9160052965260548,"{'algorithm': 'auto', 'leaf_size': 30, 'metric': 'euclidean', 'metric_params': None, 'n_jobs': None, 'n_neighbors': np.int64(9), 'p': 2, 'weights': 'distance'}",0.021306991577148438
Coffee,10,20,8,2,RandomForest,Time_Warping,6,"{'sigma': 0.3, 'knot': 6}",0.845,0.8463239524991555,"{'bootstrap': True, 'ccp_alpha': 0.0, 'class_weight': None, 'criterion': 'gini', 'max_depth': 20, 'max_features': 'sqrt', 'max_leaf_nodes': None, 'max_samples': None, 'min_impurity_decrease': 0.0, 'min_samples_leaf': 1, 'min_samples_split': 2, 'min_weight_fraction_leaf': 0.0, 'monotonic_cst': None, 'n_estimators': 100, 'n_jobs': None, 'oob_score': False, 'random_state': 42, 'verbose': 0, 'warm_start': False}",1.304673671722412
Coffee,10,20,8,2,LinearSVC,Time_Warping,6,"{'sigma': 0.3, 'knot': 6}",0.6433333333333333,0.6225257733606424,"{'C': np.float64(33.59818286283781), 'class_weight': 'balanced', 'dual': False, 'fit_intercept': True, 'intercept_scaling': 1, 'loss': 'squared_hinge', 'max_iter': 100, 'multi_class': 'ovr', 'penalty': 'l1', 'random_state': 42, 'tol': 0.001, 'verbose': 0}",0.030222177505493164
Coffee,10,20,8,2,LogisticRegression,Time_Warping,6,"{'sigma': 0.3, 'knot': 6}",0.645,0.6223562542869778,"{'C': np.float64(2.6366508987303554), 'class_weight': 'balanced', 'dual': False, 'fit_intercept': True, 'intercept_scaling': 1, 'l1_ratio': None, 'max_iter': 100, 'multi_class': 'deprecated', 'n_jobs': None, 'penalty': 'l1', 'random_state': 42, 'solver': 'saga', 'tol': 0.0001, 'verbose': 0, 'warm_start': False}",0.2899467945098877
Coffee,10,20,8,2,KNN,Time_Warping,7,"{'sigma': 0.05, 'knot': 6}",0.9183333333333333,0.9207649325338938,"{'algorithm': 'auto', 'leaf_size': 30, 'metric': 'euclidean', 'metric_params': None, 'n_jobs': None, 'n_neighbors': np.int64(9), 'p': 2, 'weights': 'distance'}",0.020909786224365234
Coffee,10,20,8,2,RandomForest,Time_Warping,7,"{'sigma': 0.05, 'knot': 6}",0.8683333333333333,0.8703554646897196,"{'bootstrap': True, 'ccp_alpha': 0.0, 'class_weight': None, 'criterion': 'gini', 'max_depth': 30, 'max_features': 'sqrt', 'max_leaf_nodes': None, 'max_samples': None, 'min_impurity_decrease': 0.0, 'min_samples_leaf': 4, 'min_samples_split': 2, 'min_weight_fraction_leaf': 0.0, 'monotonic_cst': None, 'n_estimators': 50, 'n_jobs': None, 'oob_score': False, 'random_state': 42, 'verbose': 0, 'warm_start': False}",0.6219244003295898
Coffee,10,20,8,2,LinearSVC,Time_Warping,7,"{'sigma': 0.05, 'knot': 6}",0.7183333333333334,0.7259089175755843,"{'C': np.float64(2.6366508987303554), 'class_weight': 'balanced', 'dual': False, 'fit_intercept': True, 'intercept_scaling': 1, 'loss': 'squared_hinge', 'max_iter': 100, 'multi_class': 'ovr', 'penalty': 'l1', 'random_state': 42, 'tol': 0.0001, 'verbose': 0}",0.0659949779510498
Coffee,10,20,8,2,LogisticRegression,Time_Warping,7,"{'sigma': 0.05, 'knot': 6}",0.6683333333333333,0.6837837108134469,"{'C': np.float64(1000.0), 'class_weight': 'balanced', 'dual': False, 'fit_intercept': True, 'intercept_scaling': 1, 'l1_ratio': None, 'max_iter': 100, 'multi_class': 'deprecated', 'n_jobs': None, 'penalty': 'l2', 'random_state': 42, 'solver': 'sag', 'tol': 0.0001, 'verbose': 0, 'warm_start': False}",0.0696420669555664
Coffee,10,20,8,2,KNN,Time_Warping,8,"{'sigma': 0.3, 'knot': 6}",0.915,0.9177289583641169,"{'algorithm': 'auto', 'leaf_size': 30, 'metric': 'euclidean', 'metric_params': None, 'n_jobs': None, 'n_neighbors': np.int64(9), 'p': 2, 'weights': 'distance'}",0.02587890625
Coffee,10,20,8,2,RandomForest,Time_Warping,8,"{'sigma': 0.3, 'knot': 6}",0.8466666666666667,0.8477886041942339,"{'bootstrap': True, 'ccp_alpha': 0.0, 'class_weight': None, 'criterion': 'gini', 'max_depth': 20, 'max_features': 'sqrt', 'max_leaf_nodes': None, 'max_samples': None, 'min_impurity_decrease': 0.0, 'min_samples_leaf': 1, 'min_samples_split': 2, 'min_weight_fraction_leaf': 0.0, 'monotonic_cst': None, 'n_estimators': 100, 'n_jobs': None, 'oob_score': False, 'random_state': 42, 'verbose': 0, 'warm_start': False}",1.310333013534546
Coffee,10,20,8,2,LinearSVC,Time_Warping,8,"{'sigma': 0.3, 'knot': 6}",0.6333333333333333,0.6247421161214265,"{'C': np.float64(1000.0), 'class_weight': 'balanced', 'dual': False, 'fit_intercept': True, 'intercept_scaling': 1, 'loss': 'squared_hinge', 'max_iter': 100, 'multi_class': 'ovr', 'penalty': 'l2', 'random_state': 42, 'tol': 0.001, 'verbose': 0}",0.022392749786376953
Coffee,10,20,8,2,LogisticRegression,Time_Warping,8,"{'sigma': 0.3, 'knot': 6}",0.6466666666666666,0.6251461988304093,"{'C': np.float64(1000.0), 'class_weight': 'balanced', 'dual': False, 'fit_intercept': True, 'intercept_scaling': 1, 'l1_ratio': None, 'max_iter': 100, 'multi_class': 'deprecated', 'n_jobs': None, 'penalty': 'l2', 'random_state': 42, 'solver': 'sag', 'tol': 0.0001, 'verbose': 0, 'warm_start': False}",0.09759187698364258
Coffee,10,20,8,2,KNN,Time_Warping,9,"{'sigma': 0.1, 'knot': 6}",0.9116666666666666,0.9147034520339831,"{'algorithm': 'auto', 'leaf_size': 30, 'metric': 'euclidean', 'metric_params': None, 'n_jobs': None, 'n_neighbors': np.int64(9), 'p': 2, 'weights': 'distance'}",0.02026987075805664
Coffee,10,20,8,2,RandomForest,Time_Warping,9,"{'sigma': 0.1, 'knot': 6}",0.86,0.8620675620675621,"{'bootstrap': True, 'ccp_alpha': 0.0, 'class_weight': 'balanced', 'criterion': 'gini', 'max_depth': 20, 'max_features': 'sqrt', 'max_leaf_nodes': None, 'max_samples': None, 'min_impurity_decrease': 0.0, 'min_samples_leaf': 1, 'min_samples_split': 2, 'min_weight_fraction_leaf': 0.0, 'monotonic_cst': None, 'n_estimators': 50, 'n_jobs': None, 'oob_score': False, 'random_state': 42, 'verbose': 0, 'warm_start': False}",0.6651062965393066
Coffee,10,20,8,2,LinearSVC,Time_Warping,9,"{'sigma': 0.1, 'knot': 6}",0.675,0.6679072922896959,"{'C': np.float64(1000.0), 'class_weight': 'balanced', 'dual': False, 'fit_intercept': True, 'intercept_scaling': 1, 'loss': 'squared_hinge', 'max_iter': 100, 'multi_class': 'ovr', 'penalty': 'l2', 'random_state': 42, 'tol': 0.001, 'verbose': 0}",0.02117466926574707
Coffee,10,20,8,2,LogisticRegression,Time_Warping,9,"{'sigma': 0.1, 'knot': 6}",0.7216666666666667,0.7272958953084352,"{'C': np.float64(2.6366508987303554), 'class_weight': 'balanced', 'dual': False, 'fit_intercept': True, 'intercept_scaling': 1, 'l1_ratio': None, 'max_iter': 100, 'multi_class': 'deprecated', 'n_jobs': None, 'penalty': 'l1', 'random_state': 42, 'solver': 'saga', 'tol': 0.0001, 'verbose': 0, 'warm_start': False}",0.2889432907104492
Coffee,10,20,8,2,KNN,Time_Warping,10,"{'sigma': 0.1, 'knot': 8}",0.9033333333333333,0.9069398622354856,"{'algorithm': 'auto', 'leaf_size': 30, 'metric': 'euclidean', 'metric_params': None, 'n_jobs': None, 'n_neighbors': np.int64(9), 'p': 2, 'weights': 'distance'}",0.019143104553222656
Coffee,10,20,8,2,RandomForest,Time_Warping,10,"{'sigma': 0.1, 'knot': 8}",0.85,0.8478713873857937,"{'bootstrap': True, 'ccp_alpha': 0.0, 'class_weight': 'balanced', 'criterion': 'gini', 'max_depth': None, 'max_features': 'sqrt', 'max_leaf_nodes': None, 'max_samples': None, 'min_impurity_decrease': 0.0, 'min_samples_leaf': 1, 'min_samples_split': 2, 'min_weight_fraction_leaf': 0.0, 'monotonic_cst': None, 'n_estimators': 50, 'n_jobs': None, 'oob_score': False, 'random_state': 42, 'verbose': 0, 'warm_start': False}",0.6515870094299316
Coffee,10,20,8,2,LinearSVC,Time_Warping,10,"{'sigma': 0.1, 'knot': 8}",0.685,0.6832050778372267,"{'C': np.float64(1000.0), 'class_weight': 'balanced', 'dual': False, 'fit_intercept': True, 'intercept_scaling': 1, 'loss': 'squared_hinge', 'max_iter': 100, 'multi_class': 'ovr', 'penalty': 'l2', 'random_state': 42, 'tol': 0.001, 'verbose': 0}",0.022627830505371094
Coffee,10,20,8,2,LogisticRegression,Time_Warping,10,"{'sigma': 0.1, 'knot': 8}",0.72,0.727362545129399,"{'C': np.float64(1000.0), 'class_weight': 'balanced', 'dual': False, 'fit_intercept': True, 'intercept_scaling': 1, 'l1_ratio': None, 'max_iter': 100, 'multi_class': 'deprecated', 'n_jobs': None, 'penalty': 'l2', 'random_state': 42, 'solver': 'sag', 'tol': 0.0001, 'verbose': 0, 'warm_start': False}",0.07272577285766602
Coffee,10,20,8,3,KNN,Time_Warping,1,"{'sigma': 0.2, 'knot': 4}",0.875,0.8816506893790119,"{'algorithm': 'auto', 'leaf_size': 30, 'metric': 'minkowski', 'metric_params': None, 'n_jobs': None, 'n_neighbors': np.int64(13), 'p': 4, 'weights': 'distance'}",0.13303613662719727
Coffee,10,20,8,3,RandomForest,Time_Warping,1,"{'sigma': 0.2, 'knot': 4}",0.86,0.8600905797824968,"{'bootstrap': True, 'ccp_alpha': 0.0, 'class_weight': 'balanced', 'criterion': 'gini', 'max_depth': 30, 'max_features': 'sqrt', 'max_leaf_nodes': None, 'max_samples': None, 'min_impurity_decrease': 0.0, 'min_samples_leaf': 1, 'min_samples_split': 2, 'min_weight_fraction_leaf': 0.0, 'monotonic_cst': None, 'n_estimators': 150, 'n_jobs': None, 'oob_score': False, 'random_state': 42, 'verbose': 0, 'warm_start': False}",3.259049415588379
Coffee,10,20,8,3,LinearSVC,Time_Warping,1,"{'sigma': 0.2, 'knot': 4}",0.6433333333333333,0.6252186396923238,"{'C': np.float64(0.4832930238571752), 'class_weight': 'balanced', 'dual': False, 'fit_intercept': True, 'intercept_scaling': 1, 'loss': 'squared_hinge', 'max_iter': 100, 'multi_class': 'ovr', 'penalty': 'l2', 'random_state': 42, 'tol': 0.0001, 'verbose': 0}",0.030284404754638672
Coffee,10,20,8,3,LogisticRegression,Time_Warping,1,"{'sigma': 0.2, 'knot': 4}",0.6416666666666667,0.6210346161429637,"{'C': np.float64(33.59818286283781), 'class_weight': 'balanced', 'dual': False, 'fit_intercept': True, 'intercept_scaling': 1, 'l1_ratio': None, 'max_iter': 100, 'multi_class': 'deprecated', 'n_jobs': None, 'penalty': 'l2', 'random_state': 42, 'solver': 'saga', 'tol': 0.0001, 'verbose': 0, 'warm_start': False}",0.0779118537902832
Coffee,10,20,8,3,KNN,Time_Warping,2,"{'sigma': 0.2, 'knot': 3}",0.9083333333333333,0.9119252735851774,"{'algorithm': 'auto', 'leaf_size': 30, 'metric': 'euclidean', 'metric_params': None, 'n_jobs': None, 'n_neighbors': np.int64(9), 'p': 2, 'weights': 'distance'}",0.03288149833679199
Coffee,10,20,8,3,RandomForest,Time_Warping,2,"{'sigma': 0.2, 'knot': 3}",0.8466666666666667,0.8455213881622886,"{'bootstrap': True, 'ccp_alpha': 0.0, 'class_weight': 'balanced', 'criterion': 'gini', 'max_depth': 30, 'max_features': 'sqrt', 'max_leaf_nodes': None, 'max_samples': None, 'min_impurity_decrease': 0.0, 'min_samples_leaf': 1, 'min_samples_split': 2, 'min_weight_fraction_leaf': 0.0, 'monotonic_cst': None, 'n_estimators': 150, 'n_jobs': None, 'oob_score': False, 'random_state': 42, 'verbose': 0, 'warm_start': False}",3.135242223739624
Coffee,10,20,8,3,LinearSVC,Time_Warping,2,"{'sigma': 0.2, 'knot': 3}",0.645,0.6264799167745045,"{'C': np.float64(2.6366508987303554), 'class_weight': 'balanced', 'dual': False, 'fit_intercept': True, 'intercept_scaling': 1, 'loss': 'squared_hinge', 'max_iter': 100, 'multi_class': 'ovr', 'penalty': 'l1', 'random_state': 42, 'tol': 0.0001, 'verbose': 0}",0.056366920471191406
Coffee,10,20,8,3,LogisticRegression,Time_Warping,2,"{'sigma': 0.2, 'knot': 3}",0.645,0.6237864304469299,"{'C': np.float64(33.59818286283781), 'class_weight': 'balanced', 'dual': False, 'fit_intercept': True, 'intercept_scaling': 1, 'l1_ratio': None, 'max_iter': 100, 'multi_class': 'deprecated', 'n_jobs': None, 'penalty': 'l2', 'random_state': 42, 'solver': 'saga', 'tol': 0.0001, 'verbose': 0, 'warm_start': False}",0.07286739349365234
Coffee,10,20,8,3,KNN,Time_Warping,3,"{'sigma': 0.5, 'knot': 4}",0.915,0.9177395540352188,"{'algorithm': 'auto', 'leaf_size': 30, 'metric': 'euclidean', 'metric_params': None, 'n_jobs': None, 'n_neighbors': np.int64(9), 'p': 2, 'weights': 'distance'}",0.028903484344482422
Coffee,10,20,8,3,RandomForest,Time_Warping,3,"{'sigma': 0.5, 'knot': 4}",0.8533333333333334,0.8541084424584703,"{'bootstrap': True, 'ccp_alpha': 0.0, 'class_weight': None, 'criterion': 'gini', 'max_depth': None, 'max_features': 'sqrt', 'max_leaf_nodes': None, 'max_samples': None, 'min_impurity_decrease': 0.0, 'min_samples_leaf': 4, 'min_samples_split': 10, 'min_weight_fraction_leaf': 0.0, 'monotonic_cst': None, 'n_estimators': 50, 'n_jobs': None, 'oob_score': False, 'random_state': 42, 'verbose': 0, 'warm_start': False}",0.9705178737640381
Coffee,10,20,8,3,LinearSVC,Time_Warping,3,"{'sigma': 0.5, 'knot': 4}",0.2966666666666667,0.34723613048704005,"{'C': np.float64(0.08858667904100823), 'class_weight': None, 'dual': False, 'fit_intercept': False, 'intercept_scaling': 1, 'loss': 'squared_hinge', 'max_iter': 100, 'multi_class': 'ovr', 'penalty': 'l1', 'random_state': 42, 'tol': 0.0001, 'verbose': 0}",0.023916959762573242
Coffee,10,20,8,3,LogisticRegression,Time_Warping,3,"{'sigma': 0.5, 'knot': 4}",0.6033333333333334,0.5850006475006475,"{'C': np.float64(0.002976351441631319), 'class_weight': None, 'dual': False, 'fit_intercept': True, 'intercept_scaling': 1, 'l1_ratio': None, 'max_iter': 100, 'multi_class': 'deprecated', 'n_jobs': None, 'penalty': 'l2', 'random_state': 42, 'solver': 'saga', 'tol': 0.0001, 'verbose': 0, 'warm_start': False}",0.051787614822387695
Coffee,10,20,8,3,KNN,Time_Warping,4,"{'sigma': 0.05, 'knot': 8}",0.9083333333333333,0.9112523407703906,"{'algorithm': 'auto', 'leaf_size': 30, 'metric': 'euclidean', 'metric_params': None, 'n_jobs': None, 'n_neighbors': np.int64(9), 'p': 2, 'weights': 'distance'}",0.022967815399169922
Coffee,10,20,8,3,RandomForest,Time_Warping,4,"{'sigma': 0.05, 'knot': 8}",0.86,0.8606017872089793,"{'bootstrap': True, 'ccp_alpha': 0.0, 'class_weight': 'balanced', 'criterion': 'gini', 'max_depth': None, 'max_features': 'sqrt', 'max_leaf_nodes': None, 'max_samples': None, 'min_impurity_decrease': 0.0, 'min_samples_leaf': 1, 'min_samples_split': 2, 'min_weight_fraction_leaf': 0.0, 'monotonic_cst': None, 'n_estimators': 50, 'n_jobs': None, 'oob_score': False, 'random_state': 42, 'verbose': 0, 'warm_start': False}",1.0211963653564453
Coffee,10,20,8,3,LinearSVC,Time_Warping,4,"{'sigma': 0.05, 'knot': 8}",0.7483333333333333,0.7570486877210488,"{'C': np.float64(0.4832930238571752), 'class_weight': 'balanced', 'dual': False, 'fit_intercept': True, 'intercept_scaling': 1, 'loss': 'squared_hinge', 'max_iter': 100, 'multi_class': 'ovr', 'penalty': 'l2', 'random_state': 42, 'tol': 0.0001, 'verbose': 0}",0.04899430274963379
Coffee,10,20,8,3,LogisticRegression,Time_Warping,4,"{'sigma': 0.05, 'knot': 8}",0.6866666666666666,0.6575801848669861,"{'C': np.float64(0.002976351441631319), 'class_weight': None, 'dual': False, 'fit_intercept': True, 'intercept_scaling': 1, 'l1_ratio': None, 'max_iter': 100, 'multi_class': 'deprecated', 'n_jobs': None, 'penalty': 'l2', 'random_state': 42, 'solver': 'saga', 'tol': 0.0001, 'verbose': 0, 'warm_start': False}",0.05805468559265137
Coffee,10,20,8,3,KNN,Time_Warping,5,"{'sigma': 0.1, 'knot': 4}",0.8916666666666667,0.8967391753257042,"{'algorithm': 'auto', 'leaf_size': 30, 'metric': 'minkowski', 'metric_params': None, 'n_jobs': None, 'n_neighbors': np.int64(13), 'p': 4, 'weights': 'distance'}",0.0989682674407959
Coffee,10,20,8,3,RandomForest,Time_Warping,5,"{'sigma': 0.1, 'knot': 4}",0.8466666666666667,0.8477886041942339,"{'bootstrap': True, 'ccp_alpha': 0.0, 'class_weight': 'balanced', 'criterion': 'gini', 'max_depth': None, 'max_features': 'sqrt', 'max_leaf_nodes': None, 'max_samples': None, 'min_impurity_decrease': 0.0, 'min_samples_leaf': 2, 'min_samples_split': 2, 'min_weight_fraction_leaf': 0.0, 'monotonic_cst': None, 'n_estimators': 150, 'n_jobs': None, 'oob_score': False, 'random_state': 42, 'verbose': 0, 'warm_start': False}",3.00477933883667
Coffee,10,20,8,3,LinearSVC,Time_Warping,5,"{'sigma': 0.1, 'knot': 4}",0.645,0.6241200026109734,"{'C': np.float64(0.4832930238571752), 'class_weight': 'balanced', 'dual': False, 'fit_intercept': True, 'intercept_scaling': 1, 'loss': 'squared_hinge', 'max_iter': 100, 'multi_class': 'ovr', 'penalty': 'l2', 'random_state': 42, 'tol': 0.0001, 'verbose': 0}",0.03285813331604004
Coffee,10,20,8,3,LogisticRegression,Time_Warping,5,"{'sigma': 0.1, 'knot': 4}",0.6416666666666667,0.6214865119788718,"{'C': np.float64(33.59818286283781), 'class_weight': None, 'dual': False, 'fit_intercept': True, 'intercept_scaling': 1, 'l1_ratio': None, 'max_iter': 100, 'multi_class': 'deprecated', 'n_jobs': None, 'penalty': 'l2', 'random_state': 42, 'solver': 'saga', 'tol': 0.0001, 'verbose': 0, 'warm_start': False}",0.07003545761108398
Coffee,10,20,8,3,KNN,Time_Warping,6,"{'sigma': 0.3, 'knot': 6}",0.8766666666666667,0.8823284879357575,"{'algorithm': 'auto', 'leaf_size': 30, 'metric': 'minkowski', 'metric_params': None, 'n_jobs': None, 'n_neighbors': np.int64(13), 'p': 4, 'weights': 'distance'}",0.12400484085083008
Coffee,10,20,8,3,RandomForest,Time_Warping,6,"{'sigma': 0.3, 'knot': 6}",0.85,0.8496206553801819,"{'bootstrap': True, 'ccp_alpha': 0.0, 'class_weight': 'balanced', 'criterion': 'gini', 'max_depth': None, 'max_features': 'sqrt', 'max_leaf_nodes': None, 'max_samples': None, 'min_impurity_decrease': 0.0, 'min_samples_leaf': 1, 'min_samples_split': 2, 'min_weight_fraction_leaf': 0.0, 'monotonic_cst': None, 'n_estimators': 50, 'n_jobs': None, 'oob_score': False, 'random_state': 42, 'verbose': 0, 'warm_start': False}",1.0380127429962158
Coffee,10,20,8,3,LinearSVC,Time_Warping,6,"{'sigma': 0.3, 'knot': 6}",0.6466666666666666,0.6267614792345856,"{'C': np.float64(2.6366508987303554), 'class_weight': 'balanced', 'dual': False, 'fit_intercept': True, 'intercept_scaling': 1, 'loss': 'squared_hinge', 'max_iter': 100, 'multi_class': 'ovr', 'penalty': 'l1', 'random_state': 42, 'tol': 0.0001, 'verbose': 0}",0.05826425552368164
Coffee,10,20,8,3,LogisticRegression,Time_Warping,6,"{'sigma': 0.3, 'knot': 6}",0.65,0.6279001749404614,"{'C': np.float64(0.002976351441631319), 'class_weight': None, 'dual': False, 'fit_intercept': True, 'intercept_scaling': 1, 'l1_ratio': None, 'max_iter': 100, 'multi_class': 'deprecated', 'n_jobs': None, 'penalty': 'l2', 'random_state': 42, 'solver': 'saga', 'tol': 0.0001, 'verbose': 0, 'warm_start': False}",0.062120676040649414
Coffee,10,20,8,3,KNN,Time_Warping,7,"{'sigma': 0.05, 'knot': 6}",0.925,0.927075564674624,"{'algorithm': 'auto', 'leaf_size': 30, 'metric': 'minkowski', 'metric_params': None, 'n_jobs': None, 'n_neighbors': np.int64(13), 'p': 4, 'weights': 'distance'}",0.07685446739196777
Coffee,10,20,8,3,RandomForest,Time_Warping,7,"{'sigma': 0.05, 'knot': 6}",0.8666666666666667,0.8655047887389745,"{'bootstrap': True, 'ccp_alpha': 0.0, 'class_weight': 'balanced', 'criterion': 'gini', 'max_depth': None, 'max_features': 'sqrt', 'max_leaf_nodes': None, 'max_samples': None, 'min_impurity_decrease': 0.0, 'min_samples_leaf': 1, 'min_samples_split': 2, 'min_weight_fraction_leaf': 0.0, 'monotonic_cst': None, 'n_estimators': 50, 'n_jobs': None, 'oob_score': False, 'random_state': 42, 'verbose': 0, 'warm_start': False}",1.0255053043365479
Coffee,10,20,8,3,LinearSVC,Time_Warping,7,"{'sigma': 0.05, 'knot': 6}",0.6983333333333334,0.6923161069396574,"{'C': np.float64(0.4832930238571752), 'class_weight': 'balanced', 'dual': False, 'fit_intercept': True, 'intercept_scaling': 1, 'loss': 'squared_hinge', 'max_iter': 100, 'multi_class': 'ovr', 'penalty': 'l2', 'random_state': 42, 'tol': 0.0001, 'verbose': 0}",0.045096635818481445
Coffee,10,20,8,3,LogisticRegression,Time_Warping,7,"{'sigma': 0.05, 'knot': 6}",0.7766666666666666,0.7870673153933215,"{'C': np.float64(33.59818286283781), 'class_weight': None, 'dual': False, 'fit_intercept': True, 'intercept_scaling': 1, 'l1_ratio': None, 'max_iter': 100, 'multi_class': 'deprecated', 'n_jobs': None, 'penalty': 'l2', 'random_state': 42, 'solver': 'saga', 'tol': 0.0001, 'verbose': 0, 'warm_start': False}",0.10236501693725586
Coffee,10,20,8,3,KNN,Time_Warping,8,"{'sigma': 0.3, 'knot': 6}",0.8716666666666667,0.8772790750855806,"{'algorithm': 'auto', 'leaf_size': 30, 'metric': 'minkowski', 'metric_params': None, 'n_jobs': None, 'n_neighbors': np.int64(13), 'p': 4, 'weights': 'distance'}",0.11409354209899902
Coffee,10,20,8,3,RandomForest,Time_Warping,8,"{'sigma': 0.3, 'knot': 6}",0.85,0.8507227159153387,"{'bootstrap': True, 'ccp_alpha': 0.0, 'class_weight': 'balanced', 'criterion': 'gini', 'max_depth': 30, 'max_features': 'sqrt', 'max_leaf_nodes': None, 'max_samples': None, 'min_impurity_decrease': 0.0, 'min_samples_leaf': 1, 'min_samples_split': 2, 'min_weight_fraction_leaf': 0.0, 'monotonic_cst': None, 'n_estimators': 150, 'n_jobs': None, 'oob_score': False, 'random_state': 42, 'verbose': 0, 'warm_start': False}",3.126772165298462
Coffee,10,20,8,3,LinearSVC,Time_Warping,8,"{'sigma': 0.3, 'knot': 6}",0.6416666666666667,0.6238375386426361,"{'C': np.float64(0.4832930238571752), 'class_weight': 'balanced', 'dual': False, 'fit_intercept': True, 'intercept_scaling': 1, 'loss': 'squared_hinge', 'max_iter': 100, 'multi_class': 'ovr', 'penalty': 'l2', 'random_state': 42, 'tol': 0.0001, 'verbose': 0}",0.03802180290222168
Coffee,10,20,8,3,LogisticRegression,Time_Warping,8,"{'sigma': 0.3, 'knot': 6}",0.6166666666666667,0.6013200598038143,"{'C': np.float64(33.59818286283781), 'class_weight': None, 'dual': False, 'fit_intercept': True, 'intercept_scaling': 1, 'l1_ratio': None, 'max_iter': 100, 'multi_class': 'deprecated', 'n_jobs': None, 'penalty': 'l2', 'random_state': 42, 'solver': 'saga', 'tol': 0.0001, 'verbose': 0, 'warm_start': False}",0.062187910079956055
Coffee,10,20,8,3,KNN,Time_Warping,9,"{'sigma': 0.1, 'knot': 6}",0.9316666666666666,0.9330255676921853,"{'algorithm': 'auto', 'leaf_size': 30, 'metric': 'euclidean', 'metric_params': None, 'n_jobs': None, 'n_neighbors': np.int64(9), 'p': 2, 'weights': 'distance'}",0.027350425720214844
Coffee,10,20,8,3,RandomForest,Time_Warping,9,"{'sigma': 0.1, 'knot': 6}",0.8666666666666667,0.8655047887389745,"{'bootstrap': True, 'ccp_alpha': 0.0, 'class_weight': 'balanced', 'criterion': 'gini', 'max_depth': 30, 'max_features': 'sqrt', 'max_leaf_nodes': None, 'max_samples': None, 'min_impurity_decrease': 0.0, 'min_samples_leaf': 1, 'min_samples_split': 2, 'min_weight_fraction_leaf': 0.0, 'monotonic_cst': None, 'n_estimators': 150, 'n_jobs': None, 'oob_score': False, 'random_state': 42, 'verbose': 0, 'warm_start': False}",3.2012147903442383
Coffee,10,20,8,3,LinearSVC,Time_Warping,9,"{'sigma': 0.1, 'knot': 6}",0.5733333333333334,0.5634047544928916,"{'C': np.float64(0.08858667904100823), 'class_weight': None, 'dual': False, 'fit_intercept': False, 'intercept_scaling': 1, 'loss': 'squared_hinge', 'max_iter': 100, 'multi_class': 'ovr', 'penalty': 'l1', 'random_state': 42, 'tol': 0.0001, 'verbose': 0}",0.08167219161987305
Coffee,10,20,8,3,LogisticRegression,Time_Warping,9,"{'sigma': 0.1, 'knot': 6}",0.6466666666666666,0.6257870508919614,"{'C': np.float64(33.59818286283781), 'class_weight': None, 'dual': False, 'fit_intercept': True, 'intercept_scaling': 1, 'l1_ratio': None, 'max_iter': 100, 'multi_class': 'deprecated', 'n_jobs': None, 'penalty': 'l2', 'random_state': 42, 'solver': 'saga', 'tol': 0.0001, 'verbose': 0, 'warm_start': False}",0.06219482421875
Coffee,10,20,8,3,KNN,Time_Warping,10,"{'sigma': 0.1, 'knot': 8}",0.915,0.9175243300293403,"{'algorithm': 'auto', 'leaf_size': 30, 'metric': 'euclidean', 'metric_params': None, 'n_jobs': None, 'n_neighbors': np.int64(9), 'p': 2, 'weights': 'distance'}",0.02612757682800293
Coffee,10,20,8,3,RandomForest,Time_Warping,10,"{'sigma': 0.1, 'knot': 8}",0.8383333333333334,0.8375799174746326,"{'bootstrap': True, 'ccp_alpha': 0.0, 'class_weight': 'balanced', 'criterion': 'gini', 'max_depth': None, 'max_features': 'sqrt', 'max_leaf_nodes': None, 'max_samples': None, 'min_impurity_decrease': 0.0, 'min_samples_leaf': 1, 'min_samples_split': 2, 'min_weight_fraction_leaf': 0.0, 'monotonic_cst': None, 'n_estimators': 50, 'n_jobs': None, 'oob_score': False, 'random_state': 42, 'verbose': 0, 'warm_start': False}",1.017543077468872
Coffee,10,20,8,3,LinearSVC,Time_Warping,10,"{'sigma': 0.1, 'knot': 8}",0.655,0.6342127476135789,"{'C': np.float64(0.4832930238571752), 'class_weight': 'balanced', 'dual': False, 'fit_intercept': True, 'intercept_scaling': 1, 'loss': 'squared_hinge', 'max_iter': 100, 'multi_class': 'ovr', 'penalty': 'l2', 'random_state': 42, 'tol': 0.0001, 'verbose': 0}",0.036504268646240234
Coffee,10,20,8,3,LogisticRegression,Time_Warping,10,"{'sigma': 0.1, 'knot': 8}",0.69,0.6787413708663604,"{'C': np.float64(33.59818286283781), 'class_weight': None, 'dual': False, 'fit_intercept': True, 'intercept_scaling': 1, 'l1_ratio': None, 'max_iter': 100, 'multi_class': 'deprecated', 'n_jobs': None, 'penalty': 'l2', 'random_state': 42, 'solver': 'saga', 'tol': 0.0001, 'verbose': 0, 'warm_start': False}",0.0622866153717041
Coffee,10,20,8,5,KNN,Time_Warping,1,"{'sigma': 0.2, 'knot': 4}",0.9166666666666666,0.9190460441700656,"{'algorithm': 'auto', 'leaf_size': 30, 'metric': 'minkowski', 'metric_params': None, 'n_jobs': None, 'n_neighbors': np.int64(5), 'p': 3, 'weights': 'distance'}",0.1372840404510498
Coffee,10,20,8,5,RandomForest,Time_Warping,1,"{'sigma': 0.2, 'knot': 4}",0.8533333333333334,0.8536636223076804,"{'bootstrap': True, 'ccp_alpha': 0.0, 'class_weight': 'balanced', 'criterion': 'gini', 'max_depth': None, 'max_features': 'sqrt', 'max_leaf_nodes': None, 'max_samples': None, 'min_impurity_decrease': 0.0, 'min_samples_leaf': 1, 'min_samples_split': 2, 'min_weight_fraction_leaf': 0.0, 'monotonic_cst': None, 'n_estimators': 50, 'n_jobs': None, 'oob_score': False, 'random_state': 42, 'verbose': 0, 'warm_start': False}",1.9616072177886963
Coffee,10,20,8,5,LinearSVC,Time_Warping,1,"{'sigma': 0.2, 'knot': 4}",0.6466666666666666,0.6265334605109403,"{'C': np.float64(1000.0), 'class_weight': 'balanced', 'dual': False, 'fit_intercept': True, 'intercept_scaling': 1, 'loss': 'squared_hinge', 'max_iter': 100, 'multi_class': 'ovr', 'penalty': 'l2', 'random_state': 42, 'tol': 0.001, 'verbose': 0}",0.0538029670715332
Coffee,10,20,8,5,LogisticRegression,Time_Warping,1,"{'sigma': 0.2, 'knot': 4}",0.645,0.55169268618562,"{'C': np.float64(0.000545559478116852), 'class_weight': None, 'dual': False, 'fit_intercept': True, 'intercept_scaling': 1, 'l1_ratio': None, 'max_iter': 100, 'multi_class': 'deprecated', 'n_jobs': None, 'penalty': 'l2', 'random_state': 42, 'solver': 'saga', 'tol': 0.0001, 'verbose': 0, 'warm_start': False}",0.12894821166992188
Coffee,10,20,8,5,KNN,Time_Warping,2,"{'sigma': 0.2, 'knot': 3}",0.925,0.9268706612456613,"{'algorithm': 'auto', 'leaf_size': 30, 'metric': 'minkowski', 'metric_params': None, 'n_jobs': None, 'n_neighbors': np.int64(5), 'p': 3, 'weights': 'distance'}",0.1333770751953125
Coffee,10,20,8,5,RandomForest,Time_Warping,2,"{'sigma': 0.2, 'knot': 3}",0.8533333333333334,0.8536636223076804,"{'bootstrap': True, 'ccp_alpha': 0.0, 'class_weight': 'balanced', 'criterion': 'gini', 'max_depth': None, 'max_features': 'sqrt', 'max_leaf_nodes': None, 'max_samples': None, 'min_impurity_decrease': 0.0, 'min_samples_leaf': 1, 'min_samples_split': 2, 'min_weight_fraction_leaf': 0.0, 'monotonic_cst': None, 'n_estimators': 50, 'n_jobs': None, 'oob_score': False, 'random_state': 42, 'verbose': 0, 'warm_start': False}",1.9034082889556885
Coffee,10,20,8,5,LinearSVC,Time_Warping,2,"{'sigma': 0.2, 'knot': 3}",0.6416666666666667,0.6224128805004401,"{'C': np.float64(1000.0), 'class_weight': 'balanced', 'dual': False, 'fit_intercept': True, 'intercept_scaling': 1, 'loss': 'squared_hinge', 'max_iter': 100, 'multi_class': 'ovr', 'penalty': 'l2', 'random_state': 42, 'tol': 0.001, 'verbose': 0}",0.044924259185791016
Coffee,10,20,8,5,LogisticRegression,Time_Warping,2,"{'sigma': 0.2, 'knot': 3}",0.6416666666666667,0.5495271012512392,"{'C': np.float64(0.000545559478116852), 'class_weight': None, 'dual': False, 'fit_intercept': True, 'intercept_scaling': 1, 'l1_ratio': None, 'max_iter': 100, 'multi_class': 'deprecated', 'n_jobs': None, 'penalty': 'l2', 'random_state': 42, 'solver': 'saga', 'tol': 0.0001, 'verbose': 0, 'warm_start': False}",0.12144756317138672
Coffee,10,20,8,5,KNN,Time_Warping,3,"{'sigma': 0.5, 'knot': 4}",0.925,0.9268706612456613,"{'algorithm': 'auto', 'leaf_size': 30, 'metric': 'minkowski', 'metric_params': None, 'n_jobs': None, 'n_neighbors': np.int64(5), 'p': 3, 'weights': 'distance'}",0.1246340274810791
Coffee,10,20,8,5,RandomForest,Time_Warping,3,"{'sigma': 0.5, 'knot': 4}",0.8383333333333334,0.8404800674739324,"{'bootstrap': True, 'ccp_alpha': 0.0, 'class_weight': None, 'criterion': 'gini', 'max_depth': None, 'max_features': 'sqrt', 'max_leaf_nodes': None, 'max_samples': None, 'min_impurity_decrease': 0.0, 'min_samples_leaf': 4, 'min_samples_split': 2, 'min_weight_fraction_leaf': 0.0, 'monotonic_cst': None, 'n_estimators': 50, 'n_jobs': None, 'oob_score': False, 'random_state': 42, 'verbose': 0, 'warm_start': False}",1.80470609664917
Coffee,10,20,8,5,LinearSVC,Time_Warping,3,"{'sigma': 0.5, 'knot': 4}",0.645,0.6264799167745045,"{'C': np.float64(2.6366508987303554), 'class_weight': 'balanced', 'dual': False, 'fit_intercept': True, 'intercept_scaling': 1, 'loss': 'squared_hinge', 'max_iter': 100, 'multi_class': 'ovr', 'penalty': 'l1', 'random_state': 42, 'tol': 0.0001, 'verbose': 0}",0.07717704772949219
Coffee,10,20,8,5,LogisticRegression,Time_Warping,3,"{'sigma': 0.5, 'knot': 4}",0.6266666666666667,0.6084770252774375,"{'C': np.float64(33.59818286283781), 'class_weight': None, 'dual': False, 'fit_intercept': True, 'intercept_scaling': 1, 'l1_ratio': None, 'max_iter': 100, 'multi_class': 'deprecated', 'n_jobs': None, 'penalty': 'l2', 'random_state': 42, 'solver': 'saga', 'tol': 0.0001, 'verbose': 0, 'warm_start': False}",0.10848474502563477
Coffee,10,20,8,5,KNN,Time_Warping,4,"{'sigma': 0.05, 'knot': 8}",0.9316666666666666,0.9337738285106705,"{'algorithm': 'auto', 'leaf_size': 30, 'metric': 'minkowski', 'metric_params': None, 'n_jobs': None, 'n_neighbors': np.int64(5), 'p': 3, 'weights': 'distance'}",0.09364128112792969
Coffee,10,20,8,5,RandomForest,Time_Warping,4,"{'sigma': 0.05, 'knot': 8}",0.8633333333333333,0.8645401190079476,"{'bootstrap': True, 'ccp_alpha': 0.0, 'class_weight': None, 'criterion': 'gini', 'max_depth': None, 'max_features': 'sqrt', 'max_leaf_nodes': None, 'max_samples': None, 'min_impurity_decrease': 0.0, 'min_samples_leaf': 2, 'min_samples_split': 20, 'min_weight_fraction_leaf': 0.0, 'monotonic_cst': None, 'n_estimators': 100, 'n_jobs': None, 'oob_score': False, 'random_state': 42, 'verbose': 0, 'warm_start': False}",3.3302574157714844
Coffee,10,20,8,5,LinearSVC,Time_Warping,4,"{'sigma': 0.05, 'knot': 8}",0.745,0.7525609760284017,"{'C': np.float64(1000.0), 'class_weight': 'balanced', 'dual': False, 'fit_intercept': True, 'intercept_scaling': 1, 'loss': 'squared_hinge', 'max_iter': 100, 'multi_class': 'ovr', 'penalty': 'l2', 'random_state': 42, 'tol': 0.001, 'verbose': 0}",0.059317588806152344
Coffee,10,20,8,5,LogisticRegression,Time_Warping,4,"{'sigma': 0.05, 'knot': 8}",0.6983333333333334,0.7126471639208606,"{'C': np.float64(2.6366508987303554), 'class_weight': 'balanced', 'dual': False, 'fit_intercept': True, 'intercept_scaling': 1, 'l1_ratio': None, 'max_iter': 100, 'multi_class': 'deprecated', 'n_jobs': None, 'penalty': 'l1', 'random_state': 42, 'solver': 'saga', 'tol': 0.0001, 'verbose': 0, 'warm_start': False}",0.7813494205474854
Coffee,10,20,8,5,KNN,Time_Warping,5,"{'sigma': 0.1, 'knot': 4}",0.9183333333333333,0.9201804730260642,"{'algorithm': 'auto', 'leaf_size': 30, 'metric': 'minkowski', 'metric_params': None, 'n_jobs': None, 'n_neighbors': np.int64(5), 'p': 3, 'weights': 'distance'}",0.12164878845214844
Coffee,10,20,8,5,RandomForest,Time_Warping,5,"{'sigma': 0.1, 'knot': 4}",0.8533333333333334,0.8557111292813334,"{'bootstrap': True, 'ccp_alpha': 0.0, 'class_weight': None, 'criterion': 'gini', 'max_depth': None, 'max_features': 'sqrt', 'max_leaf_nodes': None, 'max_samples': None, 'min_impurity_decrease': 0.0, 'min_samples_leaf': 4, 'min_samples_split': 2, 'min_weight_fraction_leaf': 0.0, 'monotonic_cst': None, 'n_estimators': 50, 'n_jobs': None, 'oob_score': False, 'random_state': 42, 'verbose': 0, 'warm_start': False}",1.6849589347839355
Coffee,10,20,8,5,LinearSVC,Time_Warping,5,"{'sigma': 0.1, 'knot': 4}",0.65,0.6282404131880571,"{'C': np.float64(1000.0), 'class_weight': 'balanced', 'dual': False, 'fit_intercept': True, 'intercept_scaling': 1, 'loss': 'squared_hinge', 'max_iter': 100, 'multi_class': 'ovr', 'penalty': 'l2', 'random_state': 42, 'tol': 0.001, 'verbose': 0}",0.053577423095703125
Coffee,10,20,8,5,LogisticRegression,Time_Warping,5,"{'sigma': 0.1, 'knot': 4}",0.645,0.55169268618562,"{'C': np.float64(0.000545559478116852), 'class_weight': None, 'dual': False, 'fit_intercept': True, 'intercept_scaling': 1, 'l1_ratio': None, 'max_iter': 100, 'multi_class': 'deprecated', 'n_jobs': None, 'penalty': 'l2', 'random_state': 42, 'solver': 'saga', 'tol': 0.0001, 'verbose': 0, 'warm_start': False}",0.10311079025268555
Coffee,10,20,8,5,KNN,Time_Warping,6,"{'sigma': 0.3, 'knot': 6}",0.9183333333333333,0.9205705132549606,"{'algorithm': 'auto', 'leaf_size': 30, 'metric': 'minkowski', 'metric_params': None, 'n_jobs': None, 'n_neighbors': np.int64(5), 'p': 3, 'weights': 'distance'}",0.15133118629455566
Coffee,10,20,8,5,RandomForest,Time_Warping,6,"{'sigma': 0.3, 'knot': 6}",0.85,0.8496206553801819,"{'bootstrap': True, 'ccp_alpha': 0.0, 'class_weight': 'balanced', 'criterion': 'gini', 'max_depth': None, 'max_features': 'sqrt', 'max_leaf_nodes': None, 'max_samples': None, 'min_impurity_decrease': 0.0, 'min_samples_leaf': 2, 'min_samples_split': 20, 'min_weight_fraction_leaf': 0.0, 'monotonic_cst': None, 'n_estimators': 150, 'n_jobs': None, 'oob_score': False, 'random_state': 42, 'verbose': 0, 'warm_start': False}",5.774251222610474
Coffee,10,20,8,5,LinearSVC,Time_Warping,6,"{'sigma': 0.3, 'knot': 6}",0.3433333333333333,0.3409725818813784,"{'C': np.float64(0.0069519279617756054), 'class_weight': 'balanced', 'dual': False, 'fit_intercept': False, 'intercept_scaling': 1, 'loss': 'squared_hinge', 'max_iter': 100, 'multi_class': 'ovr', 'penalty': 'l2', 'random_state': 42, 'tol': 0.0001, 'verbose': 0}",0.04949641227722168
Coffee,10,20,8,5,LogisticRegression,Time_Warping,6,"{'sigma': 0.3, 'knot': 6}",0.645,0.6237864304469299,"{'C': np.float64(33.59818286283781), 'class_weight': 'balanced', 'dual': False, 'fit_intercept': True, 'intercept_scaling': 1, 'l1_ratio': None, 'max_iter': 100, 'multi_class': 'deprecated', 'n_jobs': None, 'penalty': 'l2', 'random_state': 42, 'solver': 'saga', 'tol': 0.0001, 'verbose': 0, 'warm_start': False}",0.1514580249786377
Coffee,10,20,8,5,KNN,Time_Warping,7,"{'sigma': 0.05, 'knot': 6}",0.92,0.9227085512774836,"{'algorithm': 'auto', 'leaf_size': 30, 'metric': 'minkowski', 'metric_params': None, 'n_jobs': None, 'n_neighbors': np.int64(5), 'p': 3, 'weights': 'distance'}",0.09273433685302734
Coffee,10,20,8,5,RandomForest,Time_Warping,7,"{'sigma': 0.05, 'knot': 6}",0.8516666666666667,0.8527233467933848,"{'bootstrap': True, 'ccp_alpha': 0.0, 'class_weight': None, 'criterion': 'gini', 'max_depth': None, 'max_features': 'sqrt', 'max_leaf_nodes': None, 'max_samples': None, 'min_impurity_decrease': 0.0, 'min_samples_leaf': 2, 'min_samples_split': 20, 'min_weight_fraction_leaf': 0.0, 'monotonic_cst': None, 'n_estimators': 100, 'n_jobs': None, 'oob_score': False, 'random_state': 42, 'verbose': 0, 'warm_start': False}",3.717439889907837
Coffee,10,20,8,5,LinearSVC,Time_Warping,7,"{'sigma': 0.05, 'knot': 6}",0.6566666666666666,0.6575883175743343,"{'C': np.float64(0.08858667904100823), 'class_weight': None, 'dual': False, 'fit_intercept': False, 'intercept_scaling': 1, 'loss': 'squared_hinge', 'max_iter': 100, 'multi_class': 'ovr', 'penalty': 'l1', 'random_state': 42, 'tol': 0.0001, 'verbose': 0}",0.15764880180358887
Coffee,10,20,8,5,LogisticRegression,Time_Warping,7,"{'sigma': 0.05, 'knot': 6}",0.705,0.716440929981076,"{'C': np.float64(2.6366508987303554), 'class_weight': 'balanced', 'dual': False, 'fit_intercept': True, 'intercept_scaling': 1, 'l1_ratio': None, 'max_iter': 100, 'multi_class': 'deprecated', 'n_jobs': None, 'penalty': 'l1', 'random_state': 42, 'solver': 'saga', 'tol': 0.0001, 'verbose': 0, 'warm_start': False}",0.8933322429656982
Coffee,10,20,8,5,KNN,Time_Warping,8,"{'sigma': 0.3, 'knot': 6}",0.8966666666666666,0.90046405191209,"{'algorithm': 'auto', 'leaf_size': 30, 'metric': 'minkowski', 'metric_params': None, 'n_jobs': None, 'n_neighbors': np.int64(5), 'p': 3, 'weights': 'distance'}",0.13132882118225098
Coffee,10,20,8,5,RandomForest,Time_Warping,8,"{'sigma': 0.3, 'knot': 6}",0.815,0.8172143546642626,"{'bootstrap': True, 'ccp_alpha': 0.0, 'class_weight': 'balanced', 'criterion': 'gini', 'max_depth': None, 'max_features': 'sqrt', 'max_leaf_nodes': None, 'max_samples': None, 'min_impurity_decrease': 0.0, 'min_samples_leaf': 2, 'min_samples_split': 20, 'min_weight_fraction_leaf': 0.0, 'monotonic_cst': None, 'n_estimators': 150, 'n_jobs': None, 'oob_score': False, 'random_state': 42, 'verbose': 0, 'warm_start': False}",6.02565336227417
Coffee,10,20,8,5,LinearSVC,Time_Warping,8,"{'sigma': 0.3, 'knot': 6}",0.6483333333333333,0.6341219246461556,"{'C': np.float64(33.59818286283781), 'class_weight': 'balanced', 'dual': False, 'fit_intercept': True, 'intercept_scaling': 1, 'loss': 'squared_hinge', 'max_iter': 100, 'multi_class': 'ovr', 'penalty': 'l1', 'random_state': 42, 'tol': 0.0001, 'verbose': 0}",0.09892702102661133
Coffee,10,20,8,5,LogisticRegression,Time_Warping,8,"{'sigma': 0.3, 'knot': 6}",0.645,0.5532513463547946,"{'C': np.float64(0.000545559478116852), 'class_weight': None, 'dual': False, 'fit_intercept': True, 'intercept_scaling': 1, 'l1_ratio': None, 'max_iter': 100, 'multi_class': 'deprecated', 'n_jobs': None, 'penalty': 'l2', 'random_state': 42, 'solver': 'saga', 'tol': 0.0001, 'verbose': 0, 'warm_start': False}",0.12589669227600098
Coffee,10,20,8,5,KNN,Time_Warping,9,"{'sigma': 0.1, 'knot': 6}",0.9183333333333333,0.9203895506651864,"{'algorithm': 'auto', 'leaf_size': 30, 'metric': 'minkowski', 'metric_params': None, 'n_jobs': None, 'n_neighbors': np.int64(5), 'p': 3, 'weights': 'distance'}",0.11195015907287598
Coffee,10,20,8,5,RandomForest,Time_Warping,9,"{'sigma': 0.1, 'knot': 6}",0.8483333333333334,0.8481498142842819,"{'bootstrap': True, 'ccp_alpha': 0.0, 'class_weight': 'balanced', 'criterion': 'gini', 'max_depth': None, 'max_features': 'sqrt', 'max_leaf_nodes': None, 'max_samples': None, 'min_impurity_decrease': 0.0, 'min_samples_leaf': 2, 'min_samples_split': 20, 'min_weight_fraction_leaf': 0.0, 'monotonic_cst': None, 'n_estimators': 150, 'n_jobs': None, 'oob_score': False, 'random_state': 42, 'verbose': 0, 'warm_start': False}",5.332980155944824
Coffee,10,20,8,5,LinearSVC,Time_Warping,9,"{'sigma': 0.1, 'knot': 6}",0.65,0.6285830378250591,"{'C': np.float64(33.59818286283781), 'class_weight': 'balanced', 'dual': False, 'fit_intercept': True, 'intercept_scaling': 1, 'loss': 'squared_hinge', 'max_iter': 100, 'multi_class': 'ovr', 'penalty': 'l1', 'random_state': 42, 'tol': 0.001, 'verbose': 0}",0.1356513500213623
Coffee,10,20,8,5,LogisticRegression,Time_Warping,9,"{'sigma': 0.1, 'knot': 6}",0.65,0.6283819268618464,"{'C': np.float64(2.6366508987303554), 'class_weight': 'balanced', 'dual': False, 'fit_intercept': True, 'intercept_scaling': 1, 'l1_ratio': None, 'max_iter': 100, 'multi_class': 'deprecated', 'n_jobs': None, 'penalty': 'l1', 'random_state': 42, 'solver': 'saga', 'tol': 0.0001, 'verbose': 0, 'warm_start': False}",0.8305439949035645
Coffee,10,20,8,5,KNN,Time_Warping,10,"{'sigma': 0.1, 'knot': 8}",0.9183333333333333,0.9207805960891106,"{'algorithm': 'auto', 'leaf_size': 30, 'metric': 'minkowski', 'metric_params': None, 'n_jobs': None, 'n_neighbors': np.int64(5), 'p': 3, 'weights': 'distance'}",0.09887337684631348
Coffee,10,20,8,5,RandomForest,Time_Warping,10,"{'sigma': 0.1, 'knot': 8}",0.8483333333333334,0.8487086108736005,"{'bootstrap': True, 'ccp_alpha': 0.0, 'class_weight': None, 'criterion': 'gini', 'max_depth': None, 'max_features': 'sqrt', 'max_leaf_nodes': None, 'max_samples': None, 'min_impurity_decrease': 0.0, 'min_samples_leaf': 2, 'min_samples_split': 20, 'min_weight_fraction_leaf': 0.0, 'monotonic_cst': None, 'n_estimators': 100, 'n_jobs': None, 'oob_score': False, 'random_state': 42, 'verbose': 0, 'warm_start': False}",3.622150182723999
Coffee,10,20,8,5,LinearSVC,Time_Warping,10,"{'sigma': 0.1, 'knot': 8}",0.6516666666666666,0.6338652255049876,"{'C': np.float64(2.6366508987303554), 'class_weight': 'balanced', 'dual': False, 'fit_intercept': True, 'intercept_scaling': 1, 'loss': 'squared_hinge', 'max_iter': 100, 'multi_class': 'ovr', 'penalty': 'l1', 'random_state': 42, 'tol': 0.0001, 'verbose': 0}",0.1654801368713379
Coffee,10,20,8,5,LogisticRegression,Time_Warping,10,"{'sigma': 0.1, 'knot': 8}",0.6433333333333333,0.6229168980987146,"{'C': np.float64(2.6366508987303554), 'class_weight': 'balanced', 'dual': False, 'fit_intercept': True, 'intercept_scaling': 1, 'l1_ratio': None, 'max_iter': 100, 'multi_class': 'deprecated', 'n_jobs': None, 'penalty': 'l1', 'random_state': 42, 'solver': 'saga', 'tol': 0.0001, 'verbose': 0, 'warm_start': False}",1.0098488330841064
Coffee,10,20,8,10,KNN,Time_Warping,1,"{'sigma': 0.2, 'knot': 4}",0.9116666666666666,0.9142874874874195,"{'algorithm': 'auto', 'leaf_size': 30, 'metric': 'minkowski', 'metric_params': None, 'n_jobs': None, 'n_neighbors': 5, 'p': 2, 'weights': 'uniform'}",0.11984777450561523
Coffee,10,20,8,10,RandomForest,Time_Warping,1,"{'sigma': 0.2, 'knot': 4}",0.8783333333333333,0.8774508681815496,"{'bootstrap': True, 'ccp_alpha': 0.0, 'class_weight': None, 'criterion': 'gini', 'max_depth': None, 'max_features': 'sqrt', 'max_leaf_nodes': None, 'max_samples': None, 'min_impurity_decrease': 0.0, 'min_samples_leaf': 1, 'min_samples_split': 2, 'min_weight_fraction_leaf': 0.0, 'monotonic_cst': None, 'n_estimators': 100, 'n_jobs': None, 'oob_score': False, 'random_state': 42, 'verbose': 0, 'warm_start': False}",8.886627197265625
Coffee,10,20,8,10,LinearSVC,Time_Warping,1,"{'sigma': 0.2, 'knot': 4}",0.6333333333333333,0.6168469686725264,"{'C': 1.0, 'class_weight': None, 'dual': False, 'fit_intercept': True, 'intercept_scaling': 1, 'loss': 'squared_hinge', 'max_iter': 100, 'multi_class': 'ovr', 'penalty': 'l2', 'random_state': 42, 'tol': 0.0001, 'verbose': 0}",0.20084238052368164
Coffee,10,20,8,10,LogisticRegression,Time_Warping,1,"{'sigma': 0.2, 'knot': 4}",0.6366666666666667,0.61834452975028,"{'C': 1.0, 'class_weight': None, 'dual': False, 'fit_intercept': True, 'intercept_scaling': 1, 'l1_ratio': None, 'max_iter': 100, 'multi_class': 'deprecated', 'n_jobs': None, 'penalty': 'l2', 'random_state': 42, 'solver': 'lbfgs', 'tol': 0.0001, 'verbose': 0, 'warm_start': False}",0.2734251022338867
Coffee,10,20,8,10,KNN,Time_Warping,2,"{'sigma': 0.2, 'knot': 3}",0.8933333333333333,0.8972304199439174,"{'algorithm': 'auto', 'leaf_size': 30, 'metric': 'minkowski', 'metric_params': None, 'n_jobs': None, 'n_neighbors': 5, 'p': 2, 'weights': 'uniform'}",0.11942744255065918
Coffee,10,20,8,10,RandomForest,Time_Warping,2,"{'sigma': 0.2, 'knot': 3}",0.85,0.8507227159153387,"{'bootstrap': True, 'ccp_alpha': 0.0, 'class_weight': None, 'criterion': 'gini', 'max_depth': None, 'max_features': 'sqrt', 'max_leaf_nodes': None, 'max_samples': None, 'min_impurity_decrease': 0.0, 'min_samples_leaf': 1, 'min_samples_split': 2, 'min_weight_fraction_leaf': 0.0, 'monotonic_cst': None, 'n_estimators': 100, 'n_jobs': None, 'oob_score': False, 'random_state': 42, 'verbose': 0, 'warm_start': False}",8.881925106048584
Coffee,10,20,8,10,LinearSVC,Time_Warping,2,"{'sigma': 0.2, 'knot': 3}",0.6283333333333333,0.6123351331696995,"{'C': 1.0, 'class_weight': None, 'dual': False, 'fit_intercept': True, 'intercept_scaling': 1, 'loss': 'squared_hinge', 'max_iter': 100, 'multi_class': 'ovr', 'penalty': 'l2', 'random_state': 42, 'tol': 0.0001, 'verbose': 0}",0.10677933692932129
Coffee,10,20,8,10,LogisticRegression,Time_Warping,2,"{'sigma': 0.2, 'knot': 3}",0.635,0.6170268072079879,"{'C': 1.0, 'class_weight': None, 'dual': False, 'fit_intercept': True, 'intercept_scaling': 1, 'l1_ratio': None, 'max_iter': 100, 'multi_class': 'deprecated', 'n_jobs': None, 'penalty': 'l2', 'random_state': 42, 'solver': 'lbfgs', 'tol': 0.0001, 'verbose': 0, 'warm_start': False}",0.2567300796508789
Coffee,10,20,8,10,KNN,Time_Warping,3,"{'sigma': 0.5, 'knot': 4}",0.9,0.9013128176171654,"{'algorithm': 'auto', 'leaf_size': 30, 'metric': 'minkowski', 'metric_params': None, 'n_jobs': None, 'n_neighbors': 5, 'p': 2, 'weights': 'uniform'}",0.11423778533935547
Coffee,10,20,8,10,RandomForest,Time_Warping,3,"{'sigma': 0.5, 'knot': 4}",0.835,0.8367115291406003,"{'bootstrap': True, 'ccp_alpha': 0.0, 'class_weight': None, 'criterion': 'gini', 'max_depth': None, 'max_features': 'sqrt', 'max_leaf_nodes': None, 'max_samples': None, 'min_impurity_decrease': 0.0, 'min_samples_leaf': 1, 'min_samples_split': 2, 'min_weight_fraction_leaf': 0.0, 'monotonic_cst': None, 'n_estimators': 100, 'n_jobs': None, 'oob_score': False, 'random_state': 42, 'verbose': 0, 'warm_start': False}",8.801069021224976
Coffee,10,20,8,10,LinearSVC,Time_Warping,3,"{'sigma': 0.5, 'knot': 4}",0.605,0.5912242018344561,"{'C': 1.0, 'class_weight': None, 'dual': False, 'fit_intercept': True, 'intercept_scaling': 1, 'loss': 'squared_hinge', 'max_iter': 100, 'multi_class': 'ovr', 'penalty': 'l2', 'random_state': 42, 'tol': 0.0001, 'verbose': 0}",0.08908295631408691
Coffee,10,20,8,10,LogisticRegression,Time_Warping,3,"{'sigma': 0.5, 'knot': 4}",0.6416666666666667,0.6210346161429637,"{'C': 1.0, 'class_weight': None, 'dual': False, 'fit_intercept': True, 'intercept_scaling': 1, 'l1_ratio': None, 'max_iter': 100, 'multi_class': 'deprecated', 'n_jobs': None, 'penalty': 'l2', 'random_state': 42, 'solver': 'lbfgs', 'tol': 0.0001, 'verbose': 0, 'warm_start': False}",0.11632442474365234
Coffee,10,20,8,10,KNN,Time_Warping,4,"{'sigma': 0.05, 'knot': 8}",0.9116666666666666,0.9146947164295371,"{'algorithm': 'auto', 'leaf_size': 30, 'metric': 'minkowski', 'metric_params': None, 'n_jobs': None, 'n_neighbors': 5, 'p': 2, 'weights': 'uniform'}",0.08761191368103027
Coffee,10,20,8,10,RandomForest,Time_Warping,4,"{'sigma': 0.05, 'knot': 8}",0.8516666666666667,0.8537497165788174,"{'bootstrap': True, 'ccp_alpha': 0.0, 'class_weight': None, 'criterion': 'gini', 'max_depth': None, 'max_features': 'sqrt', 'max_leaf_nodes': None, 'max_samples': None, 'min_impurity_decrease': 0.0, 'min_samples_leaf': 1, 'min_samples_split': 2, 'min_weight_fraction_leaf': 0.0, 'monotonic_cst': None, 'n_estimators': 100, 'n_jobs': None, 'oob_score': False, 'random_state': 42, 'verbose': 0, 'warm_start': False}",7.818685054779053
Coffee,10,20,8,10,LinearSVC,Time_Warping,4,"{'sigma': 0.05, 'knot': 8}",0.835,0.8222036335886825,"{'C': 1.0, 'class_weight': None, 'dual': False, 'fit_intercept': True, 'intercept_scaling': 1, 'loss': 'squared_hinge', 'max_iter': 100, 'multi_class': 'ovr', 'penalty': 'l2', 'random_state': 42, 'tol': 0.0001, 'verbose': 0}",0.12408447265625
Coffee,10,20,8,10,LogisticRegression,Time_Warping,4,"{'sigma': 0.05, 'knot': 8}",0.7583333333333333,0.7702705575341802,"{'C': 1.0, 'class_weight': None, 'dual': False, 'fit_intercept': True, 'intercept_scaling': 1, 'l1_ratio': None, 'max_iter': 100, 'multi_class': 'deprecated', 'n_jobs': None, 'penalty': 'l2', 'random_state': 42, 'solver': 'lbfgs', 'tol': 0.0001, 'verbose': 0, 'warm_start': False}",0.5183055400848389
Coffee,10,20,8,10,KNN,Time_Warping,5,"{'sigma': 0.1, 'knot': 4}",0.9016666666666666,0.9047658802485694,"{'algorithm': 'auto', 'leaf_size': 30, 'metric': 'minkowski', 'metric_params': None, 'n_jobs': None, 'n_neighbors': 5, 'p': 2, 'weights': 'uniform'}",0.12422442436218262
Coffee,10,20,8,10,RandomForest,Time_Warping,5,"{'sigma': 0.1, 'knot': 4}",0.855,0.8551367700594787,"{'bootstrap': True, 'ccp_alpha': 0.0, 'class_weight': None, 'criterion': 'gini', 'max_depth': None, 'max_features': 'sqrt', 'max_leaf_nodes': None, 'max_samples': None, 'min_impurity_decrease': 0.0, 'min_samples_leaf': 1, 'min_samples_split': 2, 'min_weight_fraction_leaf': 0.0, 'monotonic_cst': None, 'n_estimators': 100, 'n_jobs': None, 'oob_score': False, 'random_state': 42, 'verbose': 0, 'warm_start': False}",8.239652872085571
Coffee,10,20,8,10,LinearSVC,Time_Warping,5,"{'sigma': 0.1, 'knot': 4}",0.66,0.6393137445769025,"{'C': 1.0, 'class_weight': None, 'dual': False, 'fit_intercept': True, 'intercept_scaling': 1, 'loss': 'squared_hinge', 'max_iter': 100, 'multi_class': 'ovr', 'penalty': 'l2', 'random_state': 42, 'tol': 0.0001, 'verbose': 0}",0.09785175323486328
Coffee,10,20,8,10,LogisticRegression,Time_Warping,5,"{'sigma': 0.1, 'knot': 4}",0.6416666666666667,0.6214203202837432,"{'C': 1.0, 'class_weight': None, 'dual': False, 'fit_intercept': True, 'intercept_scaling': 1, 'l1_ratio': None, 'max_iter': 100, 'multi_class': 'deprecated', 'n_jobs': None, 'penalty': 'l2', 'random_state': 42, 'solver': 'lbfgs', 'tol': 0.0001, 'verbose': 0, 'warm_start': False}",0.1991109848022461
Coffee,10,20,8,10,KNN,Time_Warping,6,"{'sigma': 0.3, 'knot': 6}",0.92,0.9222870287550522,"{'algorithm': 'auto', 'leaf_size': 30, 'metric': 'minkowski', 'metric_params': None, 'n_jobs': None, 'n_neighbors': 5, 'p': 2, 'weights': 'uniform'}",0.09911561012268066
Coffee,10,20,8,10,RandomForest,Time_Warping,6,"{'sigma': 0.3, 'knot': 6}",0.8433333333333334,0.8448608282749267,"{'bootstrap': True, 'ccp_alpha': 0.0, 'class_weight': None, 'criterion': 'gini', 'max_depth': None, 'max_features': 'sqrt', 'max_leaf_nodes': None, 'max_samples': None, 'min_impurity_decrease': 0.0, 'min_samples_leaf': 1, 'min_samples_split': 2, 'min_weight_fraction_leaf': 0.0, 'monotonic_cst': None, 'n_estimators': 100, 'n_jobs': None, 'oob_score': False, 'random_state': 42, 'verbose': 0, 'warm_start': False}",8.900864362716675
Coffee,10,20,8,10,LinearSVC,Time_Warping,6,"{'sigma': 0.3, 'knot': 6}",0.6283333333333333,0.6111305434340517,"{'C': 1.0, 'class_weight': None, 'dual': False, 'fit_intercept': True, 'intercept_scaling': 1, 'loss': 'squared_hinge', 'max_iter': 100, 'multi_class': 'ovr', 'penalty': 'l2', 'random_state': 42, 'tol': 0.0001, 'verbose': 0}",0.09189462661743164
Coffee,10,20,8,10,LogisticRegression,Time_Warping,6,"{'sigma': 0.3, 'knot': 6}",0.6316666666666667,0.6126474483009279,"{'C': 1.0, 'class_weight': None, 'dual': False, 'fit_intercept': True, 'intercept_scaling': 1, 'l1_ratio': None, 'max_iter': 100, 'multi_class': 'deprecated', 'n_jobs': None, 'penalty': 'l2', 'random_state': 42, 'solver': 'lbfgs', 'tol': 0.0001, 'verbose': 0, 'warm_start': False}",0.17976760864257812
Coffee,10,20,8,10,KNN,Time_Warping,7,"{'sigma': 0.05, 'knot': 6}",0.9066666666666666,0.9099458034319866,"{'algorithm': 'auto', 'leaf_size': 30, 'metric': 'minkowski', 'metric_params': None, 'n_jobs': None, 'n_neighbors': 5, 'p': 2, 'weights': 'uniform'}",0.0893096923828125
Coffee,10,20,8,10,RandomForest,Time_Warping,7,"{'sigma': 0.05, 'knot': 6}",0.845,0.8446387944412915,"{'bootstrap': True, 'ccp_alpha': 0.0, 'class_weight': None, 'criterion': 'gini', 'max_depth': None, 'max_features': 'sqrt', 'max_leaf_nodes': None, 'max_samples': None, 'min_impurity_decrease': 0.0, 'min_samples_leaf': 1, 'min_samples_split': 2, 'min_weight_fraction_leaf': 0.0, 'monotonic_cst': None, 'n_estimators': 100, 'n_jobs': None, 'oob_score': False, 'random_state': 42, 'verbose': 0, 'warm_start': False}",8.00631594657898
Coffee,10,20,8,10,LinearSVC,Time_Warping,7,"{'sigma': 0.05, 'knot': 6}",0.8033333333333333,0.7832994080109595,"{'C': 1.0, 'class_weight': None, 'dual': False, 'fit_intercept': True, 'intercept_scaling': 1, 'loss': 'squared_hinge', 'max_iter': 100, 'multi_class': 'ovr', 'penalty': 'l2', 'random_state': 42, 'tol': 0.0001, 'verbose': 0}",0.1208796501159668
Coffee,10,20,8,10,LogisticRegression,Time_Warping,7,"{'sigma': 0.05, 'knot': 6}",0.7633333333333333,0.7728805141541134,"{'C': 1.0, 'class_weight': None, 'dual': False, 'fit_intercept': True, 'intercept_scaling': 1, 'l1_ratio': None, 'max_iter': 100, 'multi_class': 'deprecated', 'n_jobs': None, 'penalty': 'l2', 'random_state': 42, 'solver': 'lbfgs', 'tol': 0.0001, 'verbose': 0, 'warm_start': False}",0.6262922286987305
Coffee,10,20,8,10,KNN,Time_Warping,8,"{'sigma': 0.3, 'knot': 6}",0.915,0.9175243300293403,"{'algorithm': 'auto', 'leaf_size': 30, 'metric': 'minkowski', 'metric_params': None, 'n_jobs': None, 'n_neighbors': 5, 'p': 2, 'weights': 'uniform'}",0.10026741027832031
Coffee,10,20,8,10,RandomForest,Time_Warping,8,"{'sigma': 0.3, 'knot': 6}",0.8483333333333334,0.8463956121921454,"{'bootstrap': True, 'ccp_alpha': 0.0, 'class_weight': None, 'criterion': 'gini', 'max_depth': None, 'max_features': 'sqrt', 'max_leaf_nodes': None, 'max_samples': None, 'min_impurity_decrease': 0.0, 'min_samples_leaf': 1, 'min_samples_split': 2, 'min_weight_fraction_leaf': 0.0, 'monotonic_cst': None, 'n_estimators': 100, 'n_jobs': None, 'oob_score': False, 'random_state': 42, 'verbose': 0, 'warm_start': False}",8.44460940361023
Coffee,10,20,8,10,LinearSVC,Time_Warping,8,"{'sigma': 0.3, 'knot': 6}",0.6216666666666667,0.6053111472399132,"{'C': 1.0, 'class_weight': None, 'dual': False, 'fit_intercept': True, 'intercept_scaling': 1, 'loss': 'squared_hinge', 'max_iter': 100, 'multi_class': 'ovr', 'penalty': 'l2', 'random_state': 42, 'tol': 0.0001, 'verbose': 0}",0.09922146797180176
Coffee,10,20,8,10,LogisticRegression,Time_Warping,8,"{'sigma': 0.3, 'knot': 6}",0.6366666666666667,0.6170566918914968,"{'C': 1.0, 'class_weight': None, 'dual': False, 'fit_intercept': True, 'intercept_scaling': 1, 'l1_ratio': None, 'max_iter': 100, 'multi_class': 'deprecated', 'n_jobs': None, 'penalty': 'l2', 'random_state': 42, 'solver': 'lbfgs', 'tol': 0.0001, 'verbose': 0, 'warm_start': False}",0.15896224975585938
Coffee,10,20,8,10,KNN,Time_Warping,9,"{'sigma': 0.1, 'knot': 6}",0.9316666666666666,0.9327379110303461,"{'algorithm': 'auto', 'leaf_size': 30, 'metric': 'minkowski', 'metric_params': None, 'n_jobs': None, 'n_neighbors': 5, 'p': 2, 'weights': 'uniform'}",0.09486079216003418
Coffee,10,20,8,10,RandomForest,Time_Warping,9,"{'sigma': 0.1, 'knot': 6}",0.8433333333333334,0.8431716789218141,"{'bootstrap': True, 'ccp_alpha': 0.0, 'class_weight': None, 'criterion': 'gini', 'max_depth': None, 'max_features': 'sqrt', 'max_leaf_nodes': None, 'max_samples': None, 'min_impurity_decrease': 0.0, 'min_samples_leaf': 1, 'min_samples_split': 2, 'min_weight_fraction_leaf': 0.0, 'monotonic_cst': None, 'n_estimators': 100, 'n_jobs': None, 'oob_score': False, 'random_state': 42, 'verbose': 0, 'warm_start': False}",8.134738445281982
Coffee,10,20,8,10,LinearSVC,Time_Warping,9,"{'sigma': 0.1, 'knot': 6}",0.7,0.6749076145571928,"{'C': 1.0, 'class_weight': None, 'dual': False, 'fit_intercept': True, 'intercept_scaling': 1, 'loss': 'squared_hinge', 'max_iter': 100, 'multi_class': 'ovr', 'penalty': 'l2', 'random_state': 42, 'tol': 0.0001, 'verbose': 0}",0.12302303314208984
Coffee,10,20,8,10,LogisticRegression,Time_Warping,9,"{'sigma': 0.1, 'knot': 6}",0.645,0.6243592551694528,"{'C': 1.0, 'class_weight': None, 'dual': False, 'fit_intercept': True, 'intercept_scaling': 1, 'l1_ratio': None, 'max_iter': 100, 'multi_class': 'deprecated', 'n_jobs': None, 'penalty': 'l2', 'random_state': 42, 'solver': 'lbfgs', 'tol': 0.0001, 'verbose': 0, 'warm_start': False}",0.24457669258117676
Coffee,10,20,8,10,KNN,Time_Warping,10,"{'sigma': 0.1, 'knot': 8}",0.9216666666666666,0.9234185484185483,"{'algorithm': 'auto', 'leaf_size': 30, 'metric': 'minkowski', 'metric_params': None, 'n_jobs': None, 'n_neighbors': 5, 'p': 2, 'weights': 'uniform'}",0.10988879203796387
Coffee,10,20,8,10,RandomForest,Time_Warping,10,"{'sigma': 0.1, 'knot': 8}",0.8466666666666667,0.8461076195847769,"{'bootstrap': True, 'ccp_alpha': 0.0, 'class_weight': None, 'criterion': 'gini', 'max_depth': None, 'max_features': 'sqrt', 'max_leaf_nodes': None, 'max_samples': None, 'min_impurity_decrease': 0.0, 'min_samples_leaf': 1, 'min_samples_split': 2, 'min_weight_fraction_leaf': 0.0, 'monotonic_cst': None, 'n_estimators': 100, 'n_jobs': None, 'oob_score': False, 'random_state': 42, 'verbose': 0, 'warm_start': False}",7.928090333938599
Coffee,10,20,8,10,LinearSVC,Time_Warping,10,"{'sigma': 0.1, 'knot': 8}",0.7083333333333334,0.6809082707336768,"{'C': 1.0, 'class_weight': None, 'dual': False, 'fit_intercept': True, 'intercept_scaling': 1, 'loss': 'squared_hinge', 'max_iter': 100, 'multi_class': 'ovr', 'penalty': 'l2', 'random_state': 42, 'tol': 0.0001, 'verbose': 0}",0.11177420616149902
Coffee,10,20,8,10,LogisticRegression,Time_Warping,10,"{'sigma': 0.1, 'knot': 8}",0.6533333333333333,0.6317985937777225,"{'C': 1.0, 'class_weight': None, 'dual': False, 'fit_intercept': True, 'intercept_scaling': 1, 'l1_ratio': None, 'max_iter': 100, 'multi_class': 'deprecated', 'n_jobs': None, 'penalty': 'l2', 'random_state': 42, 'solver': 'lbfgs', 'tol': 0.0001, 'verbose': 0, 'warm_start': False}",0.44818711280822754
Coffee,10,20,9,1,KNN,Baseline,N/A,N/A,0.9033333333333333,0.9052585779811453,"{'algorithm': 'auto', 'leaf_size': 30, 'metric': 'minkowski', 'metric_params': None, 'n_jobs': None, 'n_neighbors': 5, 'p': 2, 'weights': 'uniform'}",0.033799171447753906
Coffee,10,20,9,1,KNN,Tuned_Baseline,N/A,N/A,0.905,0.9073151288735691,"{'algorithm': 'auto', 'leaf_size': 30, 'metric': 'minkowski', 'metric_params': None, 'n_jobs': None, 'n_neighbors': np.int64(5), 'p': 3, 'weights': 'distance'}",0.023240089416503906
Coffee,10,20,9,1,RandomForest,Baseline,N/A,N/A,0.8766666666666667,0.8811926388074206,"{'bootstrap': True, 'ccp_alpha': 0.0, 'class_weight': None, 'criterion': 'gini', 'max_depth': None, 'max_features': 'sqrt', 'max_leaf_nodes': None, 'max_samples': None, 'min_impurity_decrease': 0.0, 'min_samples_leaf': 1, 'min_samples_split': 2, 'min_weight_fraction_leaf': 0.0, 'monotonic_cst': None, 'n_estimators': 100, 'n_jobs': None, 'oob_score': False, 'random_state': 42, 'verbose': 0, 'warm_start': False}",0.6541504859924316
Coffee,10,20,9,1,RandomForest,Tuned_Baseline,N/A,N/A,0.8733333333333333,0.877250795644578,"{'bootstrap': True, 'ccp_alpha': 0.0, 'class_weight': None, 'criterion': 'gini', 'max_depth': 30, 'max_features': 'sqrt', 'max_leaf_nodes': None, 'max_samples': None, 'min_impurity_decrease': 0.0, 'min_samples_leaf': 1, 'min_samples_split': 5, 'min_weight_fraction_leaf': 0.0, 'monotonic_cst': None, 'n_estimators': 50, 'n_jobs': None, 'oob_score': False, 'random_state': 42, 'verbose': 0, 'warm_start': False}",0.0034332275390625
Coffee,10,20,9,1,LinearSVC,Baseline,N/A,N/A,0.7716666666666666,0.7802172879206286,"{'C': 1.0, 'class_weight': None, 'dual': False, 'fit_intercept': True, 'intercept_scaling': 1, 'loss': 'squared_hinge', 'max_iter': 100, 'multi_class': 'ovr', 'penalty': 'l2', 'random_state': 42, 'tol': 0.0001, 'verbose': 0}",0.013603925704956055
Coffee,10,20,9,1,LinearSVC,Tuned_Baseline,N/A,N/A,0.7683333333333333,0.7768742401444697,"{'C': np.float64(6.1584821106602545), 'class_weight': None, 'dual': False, 'fit_intercept': True, 'intercept_scaling': 1, 'loss': 'squared_hinge', 'max_iter': 100, 'multi_class': 'ovr', 'penalty': 'l2', 'random_state': 42, 'tol': 0.0001, 'verbose': 0}",0.00024509429931640625
Coffee,10,20,9,1,LogisticRegression,Baseline,N/A,N/A,0.7566666666666667,0.7690782417321615,"{'C': 1.0, 'class_weight': None, 'dual': False, 'fit_intercept': True, 'intercept_scaling': 1, 'l1_ratio': None, 'max_iter': 100, 'multi_class': 'deprecated', 'n_jobs': None, 'penalty': 'l2', 'random_state': 42, 'solver': 'lbfgs', 'tol': 0.0001, 'verbose': 0, 'warm_start': False}",0.10837674140930176
Coffee,10,20,9,1,LogisticRegression,Tuned_Baseline,N/A,N/A,0.7716666666666666,0.7823302391603334,"{'C': np.float64(6.1584821106602545), 'class_weight': None, 'dual': False, 'fit_intercept': True, 'intercept_scaling': 1, 'l1_ratio': None, 'max_iter': 100, 'multi_class': 'deprecated', 'n_jobs': None, 'penalty': 'l2', 'random_state': 42, 'solver': 'lbfgs', 'tol': 0.0001, 'verbose': 0, 'warm_start': False}",0.00029158592224121094
Coffee,10,20,9,1,RNN,Tuned_Baseline,N/A,N/A,0.16666666666666666,0.047619047619047616,"{'hidden_size': 64, 'epochs': 10, 'batch_size': 32, 'lr': 0.001}",3.147125244140625e-05
Coffee,10,20,9,2,KNN,Time_Warping,1,"{'sigma': 0.2, 'knot': 4}",0.8916666666666667,0.8942585362774954,"{'algorithm': 'auto', 'leaf_size': 30, 'metric': 'euclidean', 'metric_params': None, 'n_jobs': None, 'n_neighbors': np.int64(9), 'p': 2, 'weights': 'distance'}",0.020789384841918945
Coffee,10,20,9,2,RandomForest,Time_Warping,1,"{'sigma': 0.2, 'knot': 4}",0.865,0.8657661322176912,"{'bootstrap': True, 'ccp_alpha': 0.0, 'class_weight': 'balanced', 'criterion': 'gini', 'max_depth': None, 'max_features': 'sqrt', 'max_leaf_nodes': None, 'max_samples': None, 'min_impurity_decrease': 0.0, 'min_samples_leaf': 1, 'min_samples_split': 2, 'min_weight_fraction_leaf': 0.0, 'monotonic_cst': None, 'n_estimators': 50, 'n_jobs': None, 'oob_score': False, 'random_state': 42, 'verbose': 0, 'warm_start': False}",0.746638298034668
Coffee,10,20,9,2,LinearSVC,Time_Warping,1,"{'sigma': 0.2, 'knot': 4}",0.645,0.6264890339326041,"{'C': np.float64(2.6366508987303554), 'class_weight': 'balanced', 'dual': False, 'fit_intercept': True, 'intercept_scaling': 1, 'loss': 'squared_hinge', 'max_iter': 100, 'multi_class': 'ovr', 'penalty': 'l1', 'random_state': 42, 'tol': 0.0001, 'verbose': 0}",0.046599626541137695
Coffee,10,20,9,2,LogisticRegression,Time_Warping,1,"{'sigma': 0.2, 'knot': 4}",0.645,0.6237864304469299,"{'C': np.float64(2.6366508987303554), 'class_weight': 'balanced', 'dual': False, 'fit_intercept': True, 'intercept_scaling': 1, 'l1_ratio': None, 'max_iter': 100, 'multi_class': 'deprecated', 'n_jobs': None, 'penalty': 'l1', 'random_state': 42, 'solver': 'saga', 'tol': 0.0001, 'verbose': 0, 'warm_start': False}",0.28988122940063477
Coffee,10,20,9,2,KNN,Time_Warping,2,"{'sigma': 0.2, 'knot': 3}",0.89,0.8928687414662166,"{'algorithm': 'auto', 'leaf_size': 30, 'metric': 'euclidean', 'metric_params': None, 'n_jobs': None, 'n_neighbors': np.int64(9), 'p': 2, 'weights': 'distance'}",0.02203512191772461
Coffee,10,20,9,2,RandomForest,Time_Warping,2,"{'sigma': 0.2, 'knot': 3}",0.86,0.8600905797824968,"{'bootstrap': True, 'ccp_alpha': 0.0, 'class_weight': 'balanced', 'criterion': 'gini', 'max_depth': 30, 'max_features': 'sqrt', 'max_leaf_nodes': None, 'max_samples': None, 'min_impurity_decrease': 0.0, 'min_samples_leaf': 1, 'min_samples_split': 2, 'min_weight_fraction_leaf': 0.0, 'monotonic_cst': None, 'n_estimators': 150, 'n_jobs': None, 'oob_score': False, 'random_state': 42, 'verbose': 0, 'warm_start': False}",2.1978414058685303
Coffee,10,20,9,2,LinearSVC,Time_Warping,2,"{'sigma': 0.2, 'knot': 3}",0.6616666666666666,0.6392710277215309,"{'C': np.float64(33.59818286283781), 'class_weight': None, 'dual': False, 'fit_intercept': True, 'intercept_scaling': 1, 'loss': 'squared_hinge', 'max_iter': 100, 'multi_class': 'ovr', 'penalty': 'l1', 'random_state': 42, 'tol': 0.001, 'verbose': 0}",0.04131889343261719
Coffee,10,20,9,2,LogisticRegression,Time_Warping,2,"{'sigma': 0.2, 'knot': 3}",0.6466666666666666,0.6255401875203361,"{'C': np.float64(1000.0), 'class_weight': 'balanced', 'dual': False, 'fit_intercept': True, 'intercept_scaling': 1, 'l1_ratio': None, 'max_iter': 100, 'multi_class': 'deprecated', 'n_jobs': None, 'penalty': 'l2', 'random_state': 42, 'solver': 'sag', 'tol': 0.0001, 'verbose': 0, 'warm_start': False}",0.07572650909423828
Coffee,10,20,9,2,KNN,Time_Warping,3,"{'sigma': 0.5, 'knot': 4}",0.895,0.8975279358029159,"{'algorithm': 'auto', 'leaf_size': 30, 'metric': 'euclidean', 'metric_params': None, 'n_jobs': None, 'n_neighbors': np.int64(9), 'p': 2, 'weights': 'distance'}",0.021741867065429688
Coffee,10,20,9,2,RandomForest,Time_Warping,3,"{'sigma': 0.5, 'knot': 4}",0.8016666666666666,0.7993447524051851,"{'bootstrap': True, 'ccp_alpha': 0.0, 'class_weight': None, 'criterion': 'gini', 'max_depth': None, 'max_features': 'sqrt', 'max_leaf_nodes': None, 'max_samples': None, 'min_impurity_decrease': 0.0, 'min_samples_leaf': 4, 'min_samples_split': 2, 'min_weight_fraction_leaf': 0.0, 'monotonic_cst': None, 'n_estimators': 50, 'n_jobs': None, 'oob_score': False, 'random_state': 42, 'verbose': 0, 'warm_start': False}",0.7209126949310303
Coffee,10,20,9,2,LinearSVC,Time_Warping,3,"{'sigma': 0.5, 'knot': 4}",0.64,0.618435687165053,"{'C': np.float64(183.29807108324337), 'class_weight': 'balanced', 'dual': False, 'fit_intercept': True, 'intercept_scaling': 1, 'loss': 'squared_hinge', 'max_iter': 100, 'multi_class': 'ovr', 'penalty': 'l1', 'random_state': 42, 'tol': 0.0001, 'verbose': 0}",0.05194354057312012
Coffee,10,20,9,2,LogisticRegression,Time_Warping,3,"{'sigma': 0.5, 'knot': 4}",0.6316666666666667,0.6112120741747141,"{'C': np.float64(33.59818286283781), 'class_weight': None, 'dual': False, 'fit_intercept': True, 'intercept_scaling': 1, 'l1_ratio': None, 'max_iter': 100, 'multi_class': 'deprecated', 'n_jobs': None, 'penalty': 'l2', 'random_state': 42, 'solver': 'saga', 'tol': 0.0001, 'verbose': 0, 'warm_start': False}",0.04043221473693848
Coffee,10,20,9,2,KNN,Time_Warping,4,"{'sigma': 0.05, 'knot': 8}",0.9,0.9021584150843948,"{'algorithm': 'auto', 'leaf_size': 30, 'metric': 'euclidean', 'metric_params': None, 'n_jobs': None, 'n_neighbors': np.int64(9), 'p': 2, 'weights': 'distance'}",0.017557144165039062
Coffee,10,20,9,2,RandomForest,Time_Warping,4,"{'sigma': 0.05, 'knot': 8}",0.88,0.88445904491197,"{'bootstrap': True, 'ccp_alpha': 0.0, 'class_weight': 'balanced', 'criterion': 'gini', 'max_depth': None, 'max_features': 'sqrt', 'max_leaf_nodes': None, 'max_samples': None, 'min_impurity_decrease': 0.0, 'min_samples_leaf': 1, 'min_samples_split': 2, 'min_weight_fraction_leaf': 0.0, 'monotonic_cst': None, 'n_estimators': 50, 'n_jobs': None, 'oob_score': False, 'random_state': 42, 'verbose': 0, 'warm_start': False}",0.7254493236541748
Coffee,10,20,9,2,LinearSVC,Time_Warping,4,"{'sigma': 0.05, 'knot': 8}",0.67,0.6650104571898392,"{'C': np.float64(183.29807108324337), 'class_weight': 'balanced', 'dual': False, 'fit_intercept': True, 'intercept_scaling': 1, 'loss': 'squared_hinge', 'max_iter': 100, 'multi_class': 'ovr', 'penalty': 'l1', 'random_state': 42, 'tol': 0.0001, 'verbose': 0}",0.0706486701965332
Coffee,10,20,9,2,LogisticRegression,Time_Warping,4,"{'sigma': 0.05, 'knot': 8}",0.7,0.71499610166986,"{'C': np.float64(33.59818286283781), 'class_weight': 'balanced', 'dual': False, 'fit_intercept': True, 'intercept_scaling': 1, 'l1_ratio': None, 'max_iter': 100, 'multi_class': 'deprecated', 'n_jobs': None, 'penalty': 'l1', 'random_state': 42, 'solver': 'saga', 'tol': 0.0001, 'verbose': 0, 'warm_start': False}",0.19350051879882812
Coffee,10,20,9,2,KNN,Time_Warping,5,"{'sigma': 0.1, 'knot': 4}",0.8933333333333333,0.8961317635721356,"{'algorithm': 'auto', 'leaf_size': 30, 'metric': 'euclidean', 'metric_params': None, 'n_jobs': None, 'n_neighbors': np.int64(9), 'p': 2, 'weights': 'distance'}",0.023702144622802734
Coffee,10,20,9,2,RandomForest,Time_Warping,5,"{'sigma': 0.1, 'knot': 4}",0.8733333333333333,0.8758599095025393,"{'bootstrap': True, 'ccp_alpha': 0.0, 'class_weight': 'balanced', 'criterion': 'gini', 'max_depth': None, 'max_features': 'sqrt', 'max_leaf_nodes': None, 'max_samples': None, 'min_impurity_decrease': 0.0, 'min_samples_leaf': 1, 'min_samples_split': 2, 'min_weight_fraction_leaf': 0.0, 'monotonic_cst': None, 'n_estimators': 50, 'n_jobs': None, 'oob_score': False, 'random_state': 42, 'verbose': 0, 'warm_start': False}",0.6780507564544678
Coffee,10,20,9,2,LinearSVC,Time_Warping,5,"{'sigma': 0.1, 'knot': 4}",0.65,0.6286065534446365,"{'C': np.float64(2.6366508987303554), 'class_weight': 'balanced', 'dual': False, 'fit_intercept': True, 'intercept_scaling': 1, 'loss': 'squared_hinge', 'max_iter': 100, 'multi_class': 'ovr', 'penalty': 'l1', 'random_state': 42, 'tol': 0.0001, 'verbose': 0}",0.05577421188354492
Coffee,10,20,9,2,LogisticRegression,Time_Warping,5,"{'sigma': 0.1, 'knot': 4}",0.6466666666666666,0.6257014513416685,"{'C': np.float64(2.6366508987303554), 'class_weight': 'balanced', 'dual': False, 'fit_intercept': True, 'intercept_scaling': 1, 'l1_ratio': None, 'max_iter': 100, 'multi_class': 'deprecated', 'n_jobs': None, 'penalty': 'l1', 'random_state': 42, 'solver': 'saga', 'tol': 0.0001, 'verbose': 0, 'warm_start': False}",0.288297176361084
Coffee,10,20,9,2,KNN,Time_Warping,6,"{'sigma': 0.3, 'knot': 6}",0.8783333333333333,0.8832596040461939,"{'algorithm': 'auto', 'leaf_size': 30, 'metric': 'chebyshev', 'metric_params': None, 'n_jobs': None, 'n_neighbors': np.int64(5), 'p': 2, 'weights': 'uniform'}",0.032651424407958984
Coffee,10,20,9,2,RandomForest,Time_Warping,6,"{'sigma': 0.3, 'knot': 6}",0.8466666666666667,0.8466807374872426,"{'bootstrap': True, 'ccp_alpha': 0.0, 'class_weight': 'balanced', 'criterion': 'gini', 'max_depth': None, 'max_features': 'sqrt', 'max_leaf_nodes': None, 'max_samples': None, 'min_impurity_decrease': 0.0, 'min_samples_leaf': 1, 'min_samples_split': 2, 'min_weight_fraction_leaf': 0.0, 'monotonic_cst': None, 'n_estimators': 50, 'n_jobs': None, 'oob_score': False, 'random_state': 42, 'verbose': 0, 'warm_start': False}",0.6893966197967529
Coffee,10,20,9,2,LinearSVC,Time_Warping,6,"{'sigma': 0.3, 'knot': 6}",0.65,0.6299310951918407,"{'C': np.float64(33.59818286283781), 'class_weight': 'balanced', 'dual': False, 'fit_intercept': True, 'intercept_scaling': 1, 'loss': 'squared_hinge', 'max_iter': 100, 'multi_class': 'ovr', 'penalty': 'l1', 'random_state': 42, 'tol': 0.001, 'verbose': 0}",0.03774762153625488
Coffee,10,20,9,2,LogisticRegression,Time_Warping,6,"{'sigma': 0.3, 'knot': 6}",0.6466666666666666,0.625607998814038,"{'C': np.float64(33.59818286283781), 'class_weight': 'balanced', 'dual': False, 'fit_intercept': True, 'intercept_scaling': 1, 'l1_ratio': None, 'max_iter': 100, 'multi_class': 'deprecated', 'n_jobs': None, 'penalty': 'l1', 'random_state': 42, 'solver': 'saga', 'tol': 0.0001, 'verbose': 0, 'warm_start': False}",0.07242012023925781
Coffee,10,20,9,2,KNN,Time_Warping,7,"{'sigma': 0.05, 'knot': 6}",0.9033333333333333,0.9051588439431858,"{'algorithm': 'auto', 'leaf_size': 30, 'metric': 'euclidean', 'metric_params': None, 'n_jobs': None, 'n_neighbors': np.int64(9), 'p': 2, 'weights': 'distance'}",0.018030881881713867
Coffee,10,20,9,2,RandomForest,Time_Warping,7,"{'sigma': 0.05, 'knot': 6}",0.895,0.8985704740648375,"{'bootstrap': True, 'ccp_alpha': 0.0, 'class_weight': 'balanced', 'criterion': 'gini', 'max_depth': None, 'max_features': 'sqrt', 'max_leaf_nodes': None, 'max_samples': None, 'min_impurity_decrease': 0.0, 'min_samples_leaf': 1, 'min_samples_split': 2, 'min_weight_fraction_leaf': 0.0, 'monotonic_cst': None, 'n_estimators': 50, 'n_jobs': None, 'oob_score': False, 'random_state': 42, 'verbose': 0, 'warm_start': False}",0.700049877166748
Coffee,10,20,9,2,LinearSVC,Time_Warping,7,"{'sigma': 0.05, 'knot': 6}",0.65,0.6497113997113998,"{'C': np.float64(1000.0), 'class_weight': 'balanced', 'dual': False, 'fit_intercept': True, 'intercept_scaling': 1, 'loss': 'squared_hinge', 'max_iter': 100, 'multi_class': 'ovr', 'penalty': 'l2', 'random_state': 42, 'tol': 0.001, 'verbose': 0}",0.02404046058654785
Coffee,10,20,9,2,LogisticRegression,Time_Warping,7,"{'sigma': 0.05, 'knot': 6}",0.685,0.6997597350538527,"{'C': np.float64(1000.0), 'class_weight': 'balanced', 'dual': False, 'fit_intercept': True, 'intercept_scaling': 1, 'l1_ratio': None, 'max_iter': 100, 'multi_class': 'deprecated', 'n_jobs': None, 'penalty': 'l2', 'random_state': 42, 'solver': 'sag', 'tol': 0.0001, 'verbose': 0, 'warm_start': False}",0.07690548896789551
Coffee,10,20,9,2,KNN,Time_Warping,8,"{'sigma': 0.3, 'knot': 6}",0.895,0.8978149437266894,"{'algorithm': 'auto', 'leaf_size': 30, 'metric': 'euclidean', 'metric_params': None, 'n_jobs': None, 'n_neighbors': np.int64(9), 'p': 2, 'weights': 'distance'}",0.02214503288269043
Coffee,10,20,9,2,RandomForest,Time_Warping,8,"{'sigma': 0.3, 'knot': 6}",0.865,0.8655345600335485,"{'bootstrap': True, 'ccp_alpha': 0.0, 'class_weight': 'balanced', 'criterion': 'gini', 'max_depth': None, 'max_features': 'sqrt', 'max_leaf_nodes': None, 'max_samples': None, 'min_impurity_decrease': 0.0, 'min_samples_leaf': 1, 'min_samples_split': 2, 'min_weight_fraction_leaf': 0.0, 'monotonic_cst': None, 'n_estimators': 50, 'n_jobs': None, 'oob_score': False, 'random_state': 42, 'verbose': 0, 'warm_start': False}",0.7486307621002197
Coffee,10,20,9,2,LinearSVC,Time_Warping,8,"{'sigma': 0.3, 'knot': 6}",0.6433333333333333,0.6212337361533311,"{'C': np.float64(2.6366508987303554), 'class_weight': 'balanced', 'dual': False, 'fit_intercept': True, 'intercept_scaling': 1, 'loss': 'squared_hinge', 'max_iter': 100, 'multi_class': 'ovr', 'penalty': 'l1', 'random_state': 42, 'tol': 0.0001, 'verbose': 0}",0.03926539421081543
Coffee,10,20,9,2,LogisticRegression,Time_Warping,8,"{'sigma': 0.3, 'knot': 6}",0.6466666666666666,0.6237019285632773,"{'C': np.float64(1000.0), 'class_weight': 'balanced', 'dual': False, 'fit_intercept': True, 'intercept_scaling': 1, 'l1_ratio': None, 'max_iter': 100, 'multi_class': 'deprecated', 'n_jobs': None, 'penalty': 'l2', 'random_state': 42, 'solver': 'sag', 'tol': 0.0001, 'verbose': 0, 'warm_start': False}",0.07754945755004883
Coffee,10,20,9,2,KNN,Time_Warping,9,"{'sigma': 0.1, 'knot': 6}",0.9116666666666666,0.9128961371428113,"{'algorithm': 'auto', 'leaf_size': 30, 'metric': 'euclidean', 'metric_params': None, 'n_jobs': None, 'n_neighbors': np.int64(9), 'p': 2, 'weights': 'distance'}",0.01940298080444336
Coffee,10,20,9,2,RandomForest,Time_Warping,9,"{'sigma': 0.1, 'knot': 6}",0.885,0.8862272702924027,"{'bootstrap': True, 'ccp_alpha': 0.0, 'class_weight': 'balanced', 'criterion': 'gini', 'max_depth': None, 'max_features': 'sqrt', 'max_leaf_nodes': None, 'max_samples': None, 'min_impurity_decrease': 0.0, 'min_samples_leaf': 1, 'min_samples_split': 2, 'min_weight_fraction_leaf': 0.0, 'monotonic_cst': None, 'n_estimators': 50, 'n_jobs': None, 'oob_score': False, 'random_state': 42, 'verbose': 0, 'warm_start': False}",0.754676103591919
Coffee,10,20,9,2,LinearSVC,Time_Warping,9,"{'sigma': 0.1, 'knot': 6}",0.6683333333333333,0.6448276495073405,"{'C': np.float64(1000.0), 'class_weight': 'balanced', 'dual': False, 'fit_intercept': True, 'intercept_scaling': 1, 'loss': 'squared_hinge', 'max_iter': 100, 'multi_class': 'ovr', 'penalty': 'l2', 'random_state': 42, 'tol': 0.001, 'verbose': 0}",0.022850513458251953
Coffee,10,20,9,2,LogisticRegression,Time_Warping,9,"{'sigma': 0.1, 'knot': 6}",0.6466666666666666,0.6254690562038566,"{'C': np.float64(1000.0), 'class_weight': 'balanced', 'dual': False, 'fit_intercept': True, 'intercept_scaling': 1, 'l1_ratio': None, 'max_iter': 100, 'multi_class': 'deprecated', 'n_jobs': None, 'penalty': 'l2', 'random_state': 42, 'solver': 'sag', 'tol': 0.0001, 'verbose': 0, 'warm_start': False}",0.08333611488342285
Coffee,10,20,9,2,KNN,Time_Warping,10,"{'sigma': 0.1, 'knot': 8}",0.885,0.8883309262076837,"{'algorithm': 'auto', 'leaf_size': 30, 'metric': 'euclidean', 'metric_params': None, 'n_jobs': None, 'n_neighbors': np.int64(9), 'p': 2, 'weights': 'distance'}",0.018805742263793945
Coffee,10,20,9,2,RandomForest,Time_Warping,10,"{'sigma': 0.1, 'knot': 8}",0.8816666666666667,0.886065140775817,"{'bootstrap': True, 'ccp_alpha': 0.0, 'class_weight': 'balanced', 'criterion': 'gini', 'max_depth': 30, 'max_features': 'sqrt', 'max_leaf_nodes': None, 'max_samples': None, 'min_impurity_decrease': 0.0, 'min_samples_leaf': 1, 'min_samples_split': 2, 'min_weight_fraction_leaf': 0.0, 'monotonic_cst': None, 'n_estimators': 150, 'n_jobs': None, 'oob_score': False, 'random_state': 42, 'verbose': 0, 'warm_start': False}",2.0360045433044434
Coffee,10,20,9,2,LinearSVC,Time_Warping,10,"{'sigma': 0.1, 'knot': 8}",0.6583333333333333,0.6345512536508128,"{'C': np.float64(183.29807108324337), 'class_weight': 'balanced', 'dual': False, 'fit_intercept': True, 'intercept_scaling': 1, 'loss': 'squared_hinge', 'max_iter': 100, 'multi_class': 'ovr', 'penalty': 'l1', 'random_state': 42, 'tol': 0.0001, 'verbose': 0}",0.06758594512939453
Coffee,10,20,9,2,LogisticRegression,Time_Warping,10,"{'sigma': 0.1, 'knot': 8}",0.56,0.5541554964937667,"{'C': np.float64(1000.0), 'class_weight': 'balanced', 'dual': False, 'fit_intercept': True, 'intercept_scaling': 1, 'l1_ratio': None, 'max_iter': 100, 'multi_class': 'deprecated', 'n_jobs': None, 'penalty': 'l2', 'random_state': 42, 'solver': 'sag', 'tol': 0.0001, 'verbose': 0, 'warm_start': False}",0.06644511222839355
Coffee,10,20,9,3,KNN,Time_Warping,1,"{'sigma': 0.2, 'knot': 4}",0.8983333333333333,0.9007398710562518,"{'algorithm': 'auto', 'leaf_size': 30, 'metric': 'euclidean', 'metric_params': None, 'n_jobs': None, 'n_neighbors': np.int64(9), 'p': 2, 'weights': 'distance'}",0.03006768226623535
Coffee,10,20,9,3,RandomForest,Time_Warping,1,"{'sigma': 0.2, 'knot': 4}",0.8733333333333333,0.8768651247109508,"{'bootstrap': True, 'ccp_alpha': 0.0, 'class_weight': 'balanced', 'criterion': 'gini', 'max_depth': 30, 'max_features': 'sqrt', 'max_leaf_nodes': None, 'max_samples': None, 'min_impurity_decrease': 0.0, 'min_samples_leaf': 1, 'min_samples_split': 2, 'min_weight_fraction_leaf': 0.0, 'monotonic_cst': None, 'n_estimators': 150, 'n_jobs': None, 'oob_score': False, 'random_state': 42, 'verbose': 0, 'warm_start': False}",3.3393540382385254
Coffee,10,20,9,3,LinearSVC,Time_Warping,1,"{'sigma': 0.2, 'knot': 4}",0.6416666666666667,0.6215649485584251,"{'C': np.float64(0.4832930238571752), 'class_weight': 'balanced', 'dual': False, 'fit_intercept': True, 'intercept_scaling': 1, 'loss': 'squared_hinge', 'max_iter': 100, 'multi_class': 'ovr', 'penalty': 'l2', 'random_state': 42, 'tol': 0.0001, 'verbose': 0}",0.03652071952819824
Coffee,10,20,9,3,LogisticRegression,Time_Warping,1,"{'sigma': 0.2, 'knot': 4}",0.645,0.6241200026109734,"{'C': np.float64(33.59818286283781), 'class_weight': 'balanced', 'dual': False, 'fit_intercept': True, 'intercept_scaling': 1, 'l1_ratio': None, 'max_iter': 100, 'multi_class': 'deprecated', 'n_jobs': None, 'penalty': 'l2', 'random_state': 42, 'solver': 'saga', 'tol': 0.0001, 'verbose': 0, 'warm_start': False}",0.07541871070861816
Coffee,10,20,9,3,KNN,Time_Warping,2,"{'sigma': 0.2, 'knot': 3}",0.8766666666666667,0.8817782581098932,"{'algorithm': 'auto', 'leaf_size': 30, 'metric': 'minkowski', 'metric_params': None, 'n_jobs': None, 'n_neighbors': np.int64(13), 'p': 4, 'weights': 'distance'}",0.11720681190490723
Coffee,10,20,9,3,RandomForest,Time_Warping,2,"{'sigma': 0.2, 'knot': 3}",0.8483333333333334,0.8477510892828213,"{'bootstrap': True, 'ccp_alpha': 0.0, 'class_weight': 'balanced', 'criterion': 'gini', 'max_depth': 30, 'max_features': 'sqrt', 'max_leaf_nodes': None, 'max_samples': None, 'min_impurity_decrease': 0.0, 'min_samples_leaf': 1, 'min_samples_split': 2, 'min_weight_fraction_leaf': 0.0, 'monotonic_cst': None, 'n_estimators': 150, 'n_jobs': None, 'oob_score': False, 'random_state': 42, 'verbose': 0, 'warm_start': False}",3.28695011138916
Coffee,10,20,9,3,LinearSVC,Time_Warping,2,"{'sigma': 0.2, 'knot': 3}",0.6433333333333333,0.6229020466228741,"{'C': np.float64(0.4832930238571752), 'class_weight': 'balanced', 'dual': False, 'fit_intercept': True, 'intercept_scaling': 1, 'loss': 'squared_hinge', 'max_iter': 100, 'multi_class': 'ovr', 'penalty': 'l2', 'random_state': 42, 'tol': 0.0001, 'verbose': 0}",0.032883405685424805
Coffee,10,20,9,3,LogisticRegression,Time_Warping,2,"{'sigma': 0.2, 'knot': 3}",0.6466666666666666,0.6239197251514199,"{'C': np.float64(2.6366508987303554), 'class_weight': 'balanced', 'dual': False, 'fit_intercept': True, 'intercept_scaling': 1, 'l1_ratio': None, 'max_iter': 100, 'multi_class': 'deprecated', 'n_jobs': None, 'penalty': 'l1', 'random_state': 42, 'solver': 'saga', 'tol': 0.0001, 'verbose': 0, 'warm_start': False}",0.45790576934814453
Coffee,10,20,9,3,KNN,Time_Warping,3,"{'sigma': 0.5, 'knot': 4}",0.895,0.89797661806592,"{'algorithm': 'auto', 'leaf_size': 30, 'metric': 'euclidean', 'metric_params': None, 'n_jobs': None, 'n_neighbors': np.int64(9), 'p': 2, 'weights': 'distance'}",0.033937692642211914
Coffee,10,20,9,3,RandomForest,Time_Warping,3,"{'sigma': 0.5, 'knot': 4}",0.8466666666666667,0.8429734474434936,"{'bootstrap': True, 'ccp_alpha': 0.0, 'class_weight': None, 'criterion': 'gini', 'max_depth': None, 'max_features': 'sqrt', 'max_leaf_nodes': None, 'max_samples': None, 'min_impurity_decrease': 0.0, 'min_samples_leaf': 4, 'min_samples_split': 10, 'min_weight_fraction_leaf': 0.0, 'monotonic_cst': None, 'n_estimators': 50, 'n_jobs': None, 'oob_score': False, 'random_state': 42, 'verbose': 0, 'warm_start': False}",1.0333197116851807
Coffee,10,20,9,3,LinearSVC,Time_Warping,3,"{'sigma': 0.5, 'knot': 4}",0.64,0.6199382783748872,"{'C': np.float64(1000.0), 'class_weight': 'balanced', 'dual': False, 'fit_intercept': True, 'intercept_scaling': 1, 'loss': 'squared_hinge', 'max_iter': 100, 'multi_class': 'ovr', 'penalty': 'l2', 'random_state': 42, 'tol': 0.001, 'verbose': 0}",0.026008129119873047
Coffee,10,20,9,3,LogisticRegression,Time_Warping,3,"{'sigma': 0.5, 'knot': 4}",0.615,0.597074010688984,"{'C': np.float64(33.59818286283781), 'class_weight': None, 'dual': False, 'fit_intercept': True, 'intercept_scaling': 1, 'l1_ratio': None, 'max_iter': 100, 'multi_class': 'deprecated', 'n_jobs': None, 'penalty': 'l2', 'random_state': 42, 'solver': 'saga', 'tol': 0.0001, 'verbose': 0, 'warm_start': False}",0.05499386787414551
Coffee,10,20,9,3,KNN,Time_Warping,4,"{'sigma': 0.05, 'knot': 8}",0.91,0.9120734589484588,"{'algorithm': 'auto', 'leaf_size': 30, 'metric': 'minkowski', 'metric_params': None, 'n_jobs': None, 'n_neighbors': np.int64(13), 'p': 4, 'weights': 'distance'}",0.0621495246887207
Coffee,10,20,9,3,RandomForest,Time_Warping,4,"{'sigma': 0.05, 'knot': 8}",0.8816666666666667,0.886065140775817,"{'bootstrap': True, 'ccp_alpha': 0.0, 'class_weight': 'balanced', 'criterion': 'gini', 'max_depth': None, 'max_features': 'sqrt', 'max_leaf_nodes': None, 'max_samples': None, 'min_impurity_decrease': 0.0, 'min_samples_leaf': 1, 'min_samples_split': 2, 'min_weight_fraction_leaf': 0.0, 'monotonic_cst': None, 'n_estimators': 50, 'n_jobs': None, 'oob_score': False, 'random_state': 42, 'verbose': 0, 'warm_start': False}",1.0308773517608643
Coffee,10,20,9,3,LinearSVC,Time_Warping,4,"{'sigma': 0.05, 'knot': 8}",0.665,0.6579579009172525,"{'C': np.float64(2.6366508987303554), 'class_weight': 'balanced', 'dual': False, 'fit_intercept': True, 'intercept_scaling': 1, 'loss': 'squared_hinge', 'max_iter': 100, 'multi_class': 'ovr', 'penalty': 'l1', 'random_state': 42, 'tol': 0.0001, 'verbose': 0}",0.10053825378417969
Coffee,10,20,9,3,LogisticRegression,Time_Warping,4,"{'sigma': 0.05, 'knot': 8}",0.6833333333333333,0.6998149351444177,"{'C': np.float64(33.59818286283781), 'class_weight': 'balanced', 'dual': False, 'fit_intercept': True, 'intercept_scaling': 1, 'l1_ratio': None, 'max_iter': 100, 'multi_class': 'deprecated', 'n_jobs': None, 'penalty': 'l2', 'random_state': 42, 'solver': 'saga', 'tol': 0.0001, 'verbose': 0, 'warm_start': False}",0.10984086990356445
Coffee,10,20,9,3,KNN,Time_Warping,5,"{'sigma': 0.1, 'knot': 4}",0.8633333333333333,0.8695854405783361,"{'algorithm': 'auto', 'leaf_size': 30, 'metric': 'minkowski', 'metric_params': None, 'n_jobs': None, 'n_neighbors': np.int64(13), 'p': 4, 'weights': 'distance'}",0.10288500785827637
Coffee,10,20,9,3,RandomForest,Time_Warping,5,"{'sigma': 0.1, 'knot': 4}",0.8716666666666667,0.8765256137857436,"{'bootstrap': True, 'ccp_alpha': 0.0, 'class_weight': 'balanced', 'criterion': 'gini', 'max_depth': 30, 'max_features': 'sqrt', 'max_leaf_nodes': None, 'max_samples': None, 'min_impurity_decrease': 0.0, 'min_samples_leaf': 1, 'min_samples_split': 2, 'min_weight_fraction_leaf': 0.0, 'monotonic_cst': None, 'n_estimators': 150, 'n_jobs': None, 'oob_score': False, 'random_state': 42, 'verbose': 0, 'warm_start': False}",3.575137138366699
Coffee,10,20,9,3,LinearSVC,Time_Warping,5,"{'sigma': 0.1, 'knot': 4}",0.6533333333333333,0.6317879276489473,"{'C': np.float64(2.6366508987303554), 'class_weight': 'balanced', 'dual': False, 'fit_intercept': True, 'intercept_scaling': 1, 'loss': 'squared_hinge', 'max_iter': 100, 'multi_class': 'ovr', 'penalty': 'l1', 'random_state': 42, 'tol': 0.0001, 'verbose': 0}",0.08459162712097168
Coffee,10,20,9,3,LogisticRegression,Time_Warping,5,"{'sigma': 0.1, 'knot': 4}",0.6483333333333333,0.6269541511110319,"{'C': np.float64(33.59818286283781), 'class_weight': 'balanced', 'dual': False, 'fit_intercept': True, 'intercept_scaling': 1, 'l1_ratio': None, 'max_iter': 100, 'multi_class': 'deprecated', 'n_jobs': None, 'penalty': 'l2', 'random_state': 42, 'solver': 'saga', 'tol': 0.0001, 'verbose': 0, 'warm_start': False}",0.07685518264770508
Coffee,10,20,9,3,KNN,Time_Warping,6,"{'sigma': 0.3, 'knot': 6}",0.8666666666666667,0.8724965231858126,"{'algorithm': 'auto', 'leaf_size': 30, 'metric': 'minkowski', 'metric_params': None, 'n_jobs': None, 'n_neighbors': np.int64(13), 'p': 4, 'weights': 'distance'}",0.11645150184631348
Coffee,10,20,9,3,RandomForest,Time_Warping,6,"{'sigma': 0.3, 'knot': 6}",0.8716666666666667,0.8749946844681588,"{'bootstrap': True, 'ccp_alpha': 0.0, 'class_weight': 'balanced', 'criterion': 'gini', 'max_depth': 30, 'max_features': 'sqrt', 'max_leaf_nodes': None, 'max_samples': None, 'min_impurity_decrease': 0.0, 'min_samples_leaf': 1, 'min_samples_split': 2, 'min_weight_fraction_leaf': 0.0, 'monotonic_cst': None, 'n_estimators': 150, 'n_jobs': None, 'oob_score': False, 'random_state': 42, 'verbose': 0, 'warm_start': False}",3.1851913928985596
Coffee,10,20,9,3,LinearSVC,Time_Warping,6,"{'sigma': 0.3, 'knot': 6}",0.6466666666666666,0.6265334605109403,"{'C': np.float64(183.29807108324337), 'class_weight': 'balanced', 'dual': False, 'fit_intercept': True, 'intercept_scaling': 1, 'loss': 'squared_hinge', 'max_iter': 100, 'multi_class': 'ovr', 'penalty': 'l1', 'random_state': 42, 'tol': 0.0001, 'verbose': 0}",0.05653810501098633
Coffee,10,20,9,3,LogisticRegression,Time_Warping,6,"{'sigma': 0.3, 'knot': 6}",0.645,0.6237864304469299,"{'C': np.float64(1000.0), 'class_weight': 'balanced', 'dual': False, 'fit_intercept': True, 'intercept_scaling': 1, 'l1_ratio': None, 'max_iter': 100, 'multi_class': 'deprecated', 'n_jobs': None, 'penalty': 'l2', 'random_state': 42, 'solver': 'sag', 'tol': 0.0001, 'verbose': 0, 'warm_start': False}",0.1109306812286377
Coffee,10,20,9,3,KNN,Time_Warping,7,"{'sigma': 0.05, 'knot': 6}",0.8916666666666667,0.8949307061844367,"{'algorithm': 'auto', 'leaf_size': 30, 'metric': 'minkowski', 'metric_params': None, 'n_jobs': None, 'n_neighbors': np.int64(13), 'p': 4, 'weights': 'distance'}",0.06879472732543945
Coffee,10,20,9,3,RandomForest,Time_Warping,7,"{'sigma': 0.05, 'knot': 6}",0.8733333333333333,0.8768651247109508,"{'bootstrap': True, 'ccp_alpha': 0.0, 'class_weight': 'balanced', 'criterion': 'gini', 'max_depth': None, 'max_features': 'sqrt', 'max_leaf_nodes': None, 'max_samples': None, 'min_impurity_decrease': 0.0, 'min_samples_leaf': 1, 'min_samples_split': 2, 'min_weight_fraction_leaf': 0.0, 'monotonic_cst': None, 'n_estimators': 50, 'n_jobs': None, 'oob_score': False, 'random_state': 42, 'verbose': 0, 'warm_start': False}",1.031567096710205
Coffee,10,20,9,3,LinearSVC,Time_Warping,7,"{'sigma': 0.05, 'knot': 6}",0.6616666666666666,0.6402527631080812,"{'C': np.float64(2.6366508987303554), 'class_weight': 'balanced', 'dual': False, 'fit_intercept': True, 'intercept_scaling': 1, 'loss': 'squared_hinge', 'max_iter': 100, 'multi_class': 'ovr', 'penalty': 'l1', 'random_state': 42, 'tol': 0.0001, 'verbose': 0}",0.09618592262268066
Coffee,10,20,9,3,LogisticRegression,Time_Warping,7,"{'sigma': 0.05, 'knot': 6}",0.6583333333333333,0.6710483925560123,"{'C': np.float64(2.6366508987303554), 'class_weight': 'balanced', 'dual': False, 'fit_intercept': True, 'intercept_scaling': 1, 'l1_ratio': None, 'max_iter': 100, 'multi_class': 'deprecated', 'n_jobs': None, 'penalty': 'l1', 'random_state': 42, 'solver': 'saga', 'tol': 0.0001, 'verbose': 0, 'warm_start': False}",0.4846920967102051
Coffee,10,20,9,3,KNN,Time_Warping,8,"{'sigma': 0.3, 'knot': 6}",0.895,0.8976653987028682,"{'algorithm': 'auto', 'leaf_size': 30, 'metric': 'euclidean', 'metric_params': None, 'n_jobs': None, 'n_neighbors': np.int64(9), 'p': 2, 'weights': 'distance'}",0.02870464324951172
Coffee,10,20,9,3,RandomForest,Time_Warping,8,"{'sigma': 0.3, 'knot': 6}",0.86,0.8625342124409281,"{'bootstrap': True, 'ccp_alpha': 0.0, 'class_weight': 'balanced', 'criterion': 'gini', 'max_depth': 30, 'max_features': 'sqrt', 'max_leaf_nodes': None, 'max_samples': None, 'min_impurity_decrease': 0.0, 'min_samples_leaf': 1, 'min_samples_split': 2, 'min_weight_fraction_leaf': 0.0, 'monotonic_cst': None, 'n_estimators': 150, 'n_jobs': None, 'oob_score': False, 'random_state': 42, 'verbose': 0, 'warm_start': False}",3.480264663696289
Coffee,10,20,9,3,LinearSVC,Time_Warping,8,"{'sigma': 0.3, 'knot': 6}",0.5883333333333334,0.5520137394939987,"{'C': np.float64(33.59818286283781), 'class_weight': None, 'dual': False, 'fit_intercept': True, 'intercept_scaling': 1, 'loss': 'squared_hinge', 'max_iter': 100, 'multi_class': 'ovr', 'penalty': 'l1', 'random_state': 42, 'tol': 0.001, 'verbose': 0}",0.057628631591796875
Coffee,10,20,9,3,LogisticRegression,Time_Warping,8,"{'sigma': 0.3, 'knot': 6}",0.6433333333333333,0.6225257733606424,"{'C': np.float64(33.59818286283781), 'class_weight': 'balanced', 'dual': False, 'fit_intercept': True, 'intercept_scaling': 1, 'l1_ratio': None, 'max_iter': 100, 'multi_class': 'deprecated', 'n_jobs': None, 'penalty': 'l2', 'random_state': 42, 'solver': 'saga', 'tol': 0.0001, 'verbose': 0, 'warm_start': False}",0.07323670387268066
Coffee,10,20,9,3,KNN,Time_Warping,9,"{'sigma': 0.1, 'knot': 6}",0.865,0.8701336506677023,"{'algorithm': 'auto', 'leaf_size': 30, 'metric': 'minkowski', 'metric_params': None, 'n_jobs': None, 'n_neighbors': np.int64(13), 'p': 4, 'weights': 'distance'}",0.08620142936706543
Coffee,10,20,9,3,RandomForest,Time_Warping,9,"{'sigma': 0.1, 'knot': 6}",0.865,0.8674040528966216,"{'bootstrap': True, 'ccp_alpha': 0.0, 'class_weight': 'balanced', 'criterion': 'gini', 'max_depth': None, 'max_features': 'sqrt', 'max_leaf_nodes': None, 'max_samples': None, 'min_impurity_decrease': 0.0, 'min_samples_leaf': 1, 'min_samples_split': 2, 'min_weight_fraction_leaf': 0.0, 'monotonic_cst': None, 'n_estimators': 50, 'n_jobs': None, 'oob_score': False, 'random_state': 42, 'verbose': 0, 'warm_start': False}",1.09786057472229
Coffee,10,20,9,3,LinearSVC,Time_Warping,9,"{'sigma': 0.1, 'knot': 6}",0.6716666666666666,0.6479100697974326,"{'C': np.float64(2.6366508987303554), 'class_weight': 'balanced', 'dual': False, 'fit_intercept': True, 'intercept_scaling': 1, 'loss': 'squared_hinge', 'max_iter': 100, 'multi_class': 'ovr', 'penalty': 'l1', 'random_state': 42, 'tol': 0.0001, 'verbose': 0}",0.09535670280456543
Coffee,10,20,9,3,LogisticRegression,Time_Warping,9,"{'sigma': 0.1, 'knot': 6}",0.6466666666666666,0.6253690863638507,"{'C': np.float64(33.59818286283781), 'class_weight': 'balanced', 'dual': False, 'fit_intercept': True, 'intercept_scaling': 1, 'l1_ratio': None, 'max_iter': 100, 'multi_class': 'deprecated', 'n_jobs': None, 'penalty': 'l2', 'random_state': 42, 'solver': 'saga', 'tol': 0.0001, 'verbose': 0, 'warm_start': False}",0.07303714752197266
Coffee,10,20,9,3,KNN,Time_Warping,10,"{'sigma': 0.1, 'knot': 8}",0.9116666666666666,0.9131446432358808,"{'algorithm': 'auto', 'leaf_size': 30, 'metric': 'euclidean', 'metric_params': None, 'n_jobs': None, 'n_neighbors': np.int64(9), 'p': 2, 'weights': 'distance'}",0.029764413833618164
Coffee,10,20,9,3,RandomForest,Time_Warping,10,"{'sigma': 0.1, 'knot': 8}",0.8583333333333333,0.8591262947950846,"{'bootstrap': True, 'ccp_alpha': 0.0, 'class_weight': 'balanced', 'criterion': 'gini', 'max_depth': None, 'max_features': 'sqrt', 'max_leaf_nodes': None, 'max_samples': None, 'min_impurity_decrease': 0.0, 'min_samples_leaf': 1, 'min_samples_split': 2, 'min_weight_fraction_leaf': 0.0, 'monotonic_cst': None, 'n_estimators': 50, 'n_jobs': None, 'oob_score': False, 'random_state': 42, 'verbose': 0, 'warm_start': False}",1.050762414932251
Coffee,10,20,9,3,LinearSVC,Time_Warping,10,"{'sigma': 0.1, 'knot': 8}",0.66,0.63750329146303,"{'C': np.float64(2.6366508987303554), 'class_weight': 'balanced', 'dual': False, 'fit_intercept': True, 'intercept_scaling': 1, 'loss': 'squared_hinge', 'max_iter': 100, 'multi_class': 'ovr', 'penalty': 'l1', 'random_state': 42, 'tol': 0.0001, 'verbose': 0}",0.09644579887390137
Coffee,10,20,9,3,LogisticRegression,Time_Warping,10,"{'sigma': 0.1, 'knot': 8}",0.625,0.6062029083639273,"{'C': np.float64(2.6366508987303554), 'class_weight': 'balanced', 'dual': False, 'fit_intercept': True, 'intercept_scaling': 1, 'l1_ratio': None, 'max_iter': 100, 'multi_class': 'deprecated', 'n_jobs': None, 'penalty': 'l1', 'random_state': 42, 'solver': 'saga', 'tol': 0.0001, 'verbose': 0, 'warm_start': False}",0.5431270599365234
Coffee,10,20,9,5,KNN,Time_Warping,1,"{'sigma': 0.2, 'knot': 4}",0.8816666666666667,0.8852821617758528,"{'algorithm': 'auto', 'leaf_size': 30, 'metric': 'minkowski', 'metric_params': None, 'n_jobs': None, 'n_neighbors': np.int64(5), 'p': 3, 'weights': 'distance'}",0.13465237617492676
Coffee,10,20,9,5,RandomForest,Time_Warping,1,"{'sigma': 0.2, 'knot': 4}",0.84,0.8413863674845588,"{'bootstrap': True, 'ccp_alpha': 0.0, 'class_weight': 'balanced', 'criterion': 'gini', 'max_depth': None, 'max_features': 'sqrt', 'max_leaf_nodes': None, 'max_samples': None, 'min_impurity_decrease': 0.0, 'min_samples_leaf': 2, 'min_samples_split': 2, 'min_weight_fraction_leaf': 0.0, 'monotonic_cst': None, 'n_estimators': 150, 'n_jobs': None, 'oob_score': False, 'random_state': 42, 'verbose': 0, 'warm_start': False}",5.811012268066406
Coffee,10,20,9,5,LinearSVC,Time_Warping,1,"{'sigma': 0.2, 'knot': 4}",0.3883333333333333,0.4014479534328306,"{'C': np.float64(0.0069519279617756054), 'class_weight': 'balanced', 'dual': False, 'fit_intercept': False, 'intercept_scaling': 1, 'loss': 'squared_hinge', 'max_iter': 100, 'multi_class': 'ovr', 'penalty': 'l2', 'random_state': 42, 'tol': 0.0001, 'verbose': 0}",0.04398608207702637
Coffee,10,20,9,5,LogisticRegression,Time_Warping,1,"{'sigma': 0.2, 'knot': 4}",0.645,0.55169268618562,"{'C': np.float64(0.000545559478116852), 'class_weight': None, 'dual': False, 'fit_intercept': True, 'intercept_scaling': 1, 'l1_ratio': None, 'max_iter': 100, 'multi_class': 'deprecated', 'n_jobs': None, 'penalty': 'l2', 'random_state': 42, 'solver': 'saga', 'tol': 0.0001, 'verbose': 0, 'warm_start': False}",0.1177060604095459
Coffee,10,20,9,5,KNN,Time_Warping,2,"{'sigma': 0.2, 'knot': 3}",0.905,0.907824022216976,"{'algorithm': 'auto', 'leaf_size': 30, 'metric': 'minkowski', 'metric_params': None, 'n_jobs': None, 'n_neighbors': np.int64(5), 'p': 3, 'weights': 'distance'}",0.139265775680542
Coffee,10,20,9,5,RandomForest,Time_Warping,2,"{'sigma': 0.2, 'knot': 3}",0.8433333333333334,0.8419797736253433,"{'bootstrap': True, 'ccp_alpha': 0.0, 'class_weight': 'balanced', 'criterion': 'gini', 'max_depth': None, 'max_features': 'sqrt', 'max_leaf_nodes': None, 'max_samples': None, 'min_impurity_decrease': 0.0, 'min_samples_leaf': 2, 'min_samples_split': 2, 'min_weight_fraction_leaf': 0.0, 'monotonic_cst': None, 'n_estimators': 150, 'n_jobs': None, 'oob_score': False, 'random_state': 42, 'verbose': 0, 'warm_start': False}",5.785346746444702
Coffee,10,20,9,5,LinearSVC,Time_Warping,2,"{'sigma': 0.2, 'knot': 3}",0.4083333333333333,0.4167546228693748,"{'C': np.float64(0.0069519279617756054), 'class_weight': 'balanced', 'dual': False, 'fit_intercept': False, 'intercept_scaling': 1, 'loss': 'squared_hinge', 'max_iter': 100, 'multi_class': 'ovr', 'penalty': 'l2', 'random_state': 42, 'tol': 0.0001, 'verbose': 0}",0.04340553283691406
Coffee,10,20,9,5,LogisticRegression,Time_Warping,2,"{'sigma': 0.2, 'knot': 3}",0.645,0.6237864304469299,"{'C': np.float64(33.59818286283781), 'class_weight': 'balanced', 'dual': False, 'fit_intercept': True, 'intercept_scaling': 1, 'l1_ratio': None, 'max_iter': 100, 'multi_class': 'deprecated', 'n_jobs': None, 'penalty': 'l2', 'random_state': 42, 'solver': 'saga', 'tol': 0.0001, 'verbose': 0, 'warm_start': False}",0.13342547416687012
Coffee,10,20,9,5,KNN,Time_Warping,3,"{'sigma': 0.5, 'knot': 4}",0.91,0.912974979404687,"{'algorithm': 'auto', 'leaf_size': 30, 'metric': 'manhattan', 'metric_params': None, 'n_jobs': None, 'n_neighbors': np.int64(5), 'p': 2, 'weights': 'distance'}",0.05854535102844238
Coffee,10,20,9,5,RandomForest,Time_Warping,3,"{'sigma': 0.5, 'knot': 4}",0.8433333333333334,0.8407328467781868,"{'bootstrap': True, 'ccp_alpha': 0.0, 'class_weight': 'balanced', 'criterion': 'gini', 'max_depth': None, 'max_features': 'sqrt', 'max_leaf_nodes': None, 'max_samples': None, 'min_impurity_decrease': 0.0, 'min_samples_leaf': 2, 'min_samples_split': 2, 'min_weight_fraction_leaf': 0.0, 'monotonic_cst': None, 'n_estimators': 150, 'n_jobs': None, 'oob_score': False, 'random_state': 42, 'verbose': 0, 'warm_start': False}",6.009727239608765
Coffee,10,20,9,5,LinearSVC,Time_Warping,3,"{'sigma': 0.5, 'knot': 4}",0.645,0.6264799167745045,"{'C': np.float64(1000.0), 'class_weight': 'balanced', 'dual': False, 'fit_intercept': True, 'intercept_scaling': 1, 'loss': 'squared_hinge', 'max_iter': 100, 'multi_class': 'ovr', 'penalty': 'l2', 'random_state': 42, 'tol': 0.001, 'verbose': 0}",0.04531526565551758
Coffee,10,20,9,5,LogisticRegression,Time_Warping,3,"{'sigma': 0.5, 'knot': 4}",0.645,0.55169268618562,"{'C': np.float64(0.000545559478116852), 'class_weight': None, 'dual': False, 'fit_intercept': True, 'intercept_scaling': 1, 'l1_ratio': None, 'max_iter': 100, 'multi_class': 'deprecated', 'n_jobs': None, 'penalty': 'l2', 'random_state': 42, 'solver': 'saga', 'tol': 0.0001, 'verbose': 0, 'warm_start': False}",0.12027287483215332
Coffee,10,20,9,5,KNN,Time_Warping,4,"{'sigma': 0.05, 'knot': 8}",0.8966666666666666,0.8992520491046021,"{'algorithm': 'auto', 'leaf_size': 30, 'metric': 'minkowski', 'metric_params': None, 'n_jobs': None, 'n_neighbors': np.int64(5), 'p': 3, 'weights': 'distance'}",0.08019566535949707
Coffee,10,20,9,5,RandomForest,Time_Warping,4,"{'sigma': 0.05, 'knot': 8}",0.8266666666666667,0.8356415734091687,"{'bootstrap': True, 'ccp_alpha': 0.0, 'class_weight': None, 'criterion': 'gini', 'max_depth': None, 'max_features': 'sqrt', 'max_leaf_nodes': None, 'max_samples': None, 'min_impurity_decrease': 0.0, 'min_samples_leaf': 4, 'min_samples_split': 2, 'min_weight_fraction_leaf': 0.0, 'monotonic_cst': None, 'n_estimators': 50, 'n_jobs': None, 'oob_score': False, 'random_state': 42, 'verbose': 0, 'warm_start': False}",1.759479284286499
Coffee,10,20,9,5,LinearSVC,Time_Warping,4,"{'sigma': 0.05, 'knot': 8}",0.655,0.6379125453422735,"{'C': np.float64(2.6366508987303554), 'class_weight': 'balanced', 'dual': False, 'fit_intercept': True, 'intercept_scaling': 1, 'loss': 'squared_hinge', 'max_iter': 100, 'multi_class': 'ovr', 'penalty': 'l1', 'random_state': 42, 'tol': 0.0001, 'verbose': 0}",0.1687335968017578
Coffee,10,20,9,5,LogisticRegression,Time_Warping,4,"{'sigma': 0.05, 'knot': 8}",0.6683333333333333,0.683750602585298,"{'C': np.float64(2.6366508987303554), 'class_weight': 'balanced', 'dual': False, 'fit_intercept': True, 'intercept_scaling': 1, 'l1_ratio': None, 'max_iter': 100, 'multi_class': 'deprecated', 'n_jobs': None, 'penalty': 'l1', 'random_state': 42, 'solver': 'saga', 'tol': 0.0001, 'verbose': 0, 'warm_start': False}",0.7821044921875
Coffee,10,20,9,5,KNN,Time_Warping,5,"{'sigma': 0.1, 'knot': 4}",0.8766666666666667,0.8807230361520544,"{'algorithm': 'auto', 'leaf_size': 30, 'metric': 'euclidean', 'metric_params': None, 'n_jobs': None, 'n_neighbors': np.int64(15), 'p': 2, 'weights': 'distance'}",0.04706001281738281
Coffee,10,20,9,5,RandomForest,Time_Warping,5,"{'sigma': 0.1, 'knot': 4}",0.8766666666666667,0.8798187349299011,"{'bootstrap': True, 'ccp_alpha': 0.0, 'class_weight': 'balanced', 'criterion': 'gini', 'max_depth': None, 'max_features': 'sqrt', 'max_leaf_nodes': None, 'max_samples': None, 'min_impurity_decrease': 0.0, 'min_samples_leaf': 1, 'min_samples_split': 2, 'min_weight_fraction_leaf': 0.0, 'monotonic_cst': None, 'n_estimators': 50, 'n_jobs': None, 'oob_score': False, 'random_state': 42, 'verbose': 0, 'warm_start': False}",1.894810676574707
Coffee,10,20,9,5,LinearSVC,Time_Warping,5,"{'sigma': 0.1, 'knot': 4}",0.3383333333333333,0.31339778914027067,"{'C': np.float64(0.0069519279617756054), 'class_weight': 'balanced', 'dual': False, 'fit_intercept': False, 'intercept_scaling': 1, 'loss': 'squared_hinge', 'max_iter': 100, 'multi_class': 'ovr', 'penalty': 'l2', 'random_state': 42, 'tol': 0.0001, 'verbose': 0}",0.0495457649230957
Coffee,10,20,9,5,LogisticRegression,Time_Warping,5,"{'sigma': 0.1, 'knot': 4}",0.645,0.6241575091976208,"{'C': np.float64(2.6366508987303554), 'class_weight': 'balanced', 'dual': False, 'fit_intercept': True, 'intercept_scaling': 1, 'l1_ratio': None, 'max_iter': 100, 'multi_class': 'deprecated', 'n_jobs': None, 'penalty': 'l1', 'random_state': 42, 'solver': 'saga', 'tol': 0.0001, 'verbose': 0, 'warm_start': False}",0.7921450138092041
Coffee,10,20,9,5,KNN,Time_Warping,6,"{'sigma': 0.3, 'knot': 6}",0.8916666666666667,0.89412920226925,"{'algorithm': 'auto', 'leaf_size': 30, 'metric': 'minkowski', 'metric_params': None, 'n_jobs': None, 'n_neighbors': np.int64(5), 'p': 3, 'weights': 'distance'}",0.1307840347290039
Coffee,10,20,9,5,RandomForest,Time_Warping,6,"{'sigma': 0.3, 'knot': 6}",0.8516666666666667,0.851093319898081,"{'bootstrap': True, 'ccp_alpha': 0.0, 'class_weight': 'balanced', 'criterion': 'gini', 'max_depth': None, 'max_features': 'sqrt', 'max_leaf_nodes': None, 'max_samples': None, 'min_impurity_decrease': 0.0, 'min_samples_leaf': 2, 'min_samples_split': 2, 'min_weight_fraction_leaf': 0.0, 'monotonic_cst': None, 'n_estimators': 150, 'n_jobs': None, 'oob_score': False, 'random_state': 42, 'verbose': 0, 'warm_start': False}",6.585297346115112
Coffee,10,20,9,5,LinearSVC,Time_Warping,6,"{'sigma': 0.3, 'knot': 6}",0.6416666666666667,0.6210346161429637,"{'C': np.float64(1000.0), 'class_weight': 'balanced', 'dual': False, 'fit_intercept': True, 'intercept_scaling': 1, 'loss': 'squared_hinge', 'max_iter': 100, 'multi_class': 'ovr', 'penalty': 'l2', 'random_state': 42, 'tol': 0.001, 'verbose': 0}",0.05427837371826172
Coffee,10,20,9,5,LogisticRegression,Time_Warping,6,"{'sigma': 0.3, 'knot': 6}",0.645,0.55169268618562,"{'C': np.float64(0.000545559478116852), 'class_weight': None, 'dual': False, 'fit_intercept': True, 'intercept_scaling': 1, 'l1_ratio': None, 'max_iter': 100, 'multi_class': 'deprecated', 'n_jobs': None, 'penalty': 'l2', 'random_state': 42, 'solver': 'saga', 'tol': 0.0001, 'verbose': 0, 'warm_start': False}",0.13318347930908203
Coffee,10,20,9,5,KNN,Time_Warping,7,"{'sigma': 0.05, 'knot': 6}",0.8983333333333333,0.9012859168326783,"{'algorithm': 'auto', 'leaf_size': 30, 'metric': 'minkowski', 'metric_params': None, 'n_jobs': None, 'n_neighbors': np.int64(5), 'p': 3, 'weights': 'distance'}",0.09119558334350586
Coffee,10,20,9,5,RandomForest,Time_Warping,7,"{'sigma': 0.05, 'knot': 6}",0.8816666666666667,0.8864007706595964,"{'bootstrap': True, 'ccp_alpha': 0.0, 'class_weight': 'balanced', 'criterion': 'gini', 'max_depth': None, 'max_features': 'sqrt', 'max_leaf_nodes': None, 'max_samples': None, 'min_impurity_decrease': 0.0, 'min_samples_leaf': 2, 'min_samples_split': 2, 'min_weight_fraction_leaf': 0.0, 'monotonic_cst': None, 'n_estimators': 150, 'n_jobs': None, 'oob_score': False, 'random_state': 42, 'verbose': 0, 'warm_start': False}",5.776777267456055
Coffee,10,20,9,5,LinearSVC,Time_Warping,7,"{'sigma': 0.05, 'knot': 6}",0.56,0.5454833769387754,"{'C': np.float64(0.0069519279617756054), 'class_weight': 'balanced', 'dual': False, 'fit_intercept': False, 'intercept_scaling': 1, 'loss': 'squared_hinge', 'max_iter': 100, 'multi_class': 'ovr', 'penalty': 'l2', 'random_state': 42, 'tol': 0.0001, 'verbose': 0}",0.05915641784667969
Coffee,10,20,9,5,LogisticRegression,Time_Warping,7,"{'sigma': 0.05, 'knot': 6}",0.66,0.6755359980442489,"{'C': np.float64(2.6366508987303554), 'class_weight': 'balanced', 'dual': False, 'fit_intercept': True, 'intercept_scaling': 1, 'l1_ratio': None, 'max_iter': 100, 'multi_class': 'deprecated', 'n_jobs': None, 'penalty': 'l1', 'random_state': 42, 'solver': 'saga', 'tol': 0.0001, 'verbose': 0, 'warm_start': False}",0.8409619331359863
Coffee,10,20,9,5,KNN,Time_Warping,8,"{'sigma': 0.3, 'knot': 6}",0.87,0.8744741624248266,"{'algorithm': 'auto', 'leaf_size': 30, 'metric': 'euclidean', 'metric_params': None, 'n_jobs': None, 'n_neighbors': np.int64(15), 'p': 2, 'weights': 'distance'}",0.05194354057312012
Coffee,10,20,9,5,RandomForest,Time_Warping,8,"{'sigma': 0.3, 'knot': 6}",0.8266666666666667,0.8226468238665288,"{'bootstrap': True, 'ccp_alpha': 0.0, 'class_weight': 'balanced', 'criterion': 'gini', 'max_depth': None, 'max_features': 'sqrt', 'max_leaf_nodes': None, 'max_samples': None, 'min_impurity_decrease': 0.0, 'min_samples_leaf': 2, 'min_samples_split': 2, 'min_weight_fraction_leaf': 0.0, 'monotonic_cst': None, 'n_estimators': 150, 'n_jobs': None, 'oob_score': False, 'random_state': 42, 'verbose': 0, 'warm_start': False}",6.009466648101807
Coffee,10,20,9,5,LinearSVC,Time_Warping,8,"{'sigma': 0.3, 'knot': 6}",0.6033333333333334,0.5852211434735708,"{'C': np.float64(33.59818286283781), 'class_weight': None, 'dual': False, 'fit_intercept': True, 'intercept_scaling': 1, 'loss': 'squared_hinge', 'max_iter': 100, 'multi_class': 'ovr', 'penalty': 'l1', 'random_state': 42, 'tol': 0.001, 'verbose': 0}",0.08272695541381836
Coffee,10,20,9,5,LogisticRegression,Time_Warping,8,"{'sigma': 0.3, 'knot': 6}",0.6466666666666666,0.6251461988304093,"{'C': np.float64(33.59818286283781), 'class_weight': 'balanced', 'dual': False, 'fit_intercept': True, 'intercept_scaling': 1, 'l1_ratio': None, 'max_iter': 100, 'multi_class': 'deprecated', 'n_jobs': None, 'penalty': 'l2', 'random_state': 42, 'solver': 'saga', 'tol': 0.0001, 'verbose': 0, 'warm_start': False}",0.1280970573425293
Coffee,10,20,9,5,KNN,Time_Warping,9,"{'sigma': 0.1, 'knot': 6}",0.905,0.9066376557566355,"{'algorithm': 'auto', 'leaf_size': 30, 'metric': 'minkowski', 'metric_params': None, 'n_jobs': None, 'n_neighbors': np.int64(5), 'p': 3, 'weights': 'distance'}",0.10036730766296387
Coffee,10,20,9,5,RandomForest,Time_Warping,9,"{'sigma': 0.1, 'knot': 6}",0.8716666666666667,0.874589039906959,"{'bootstrap': True, 'ccp_alpha': 0.0, 'class_weight': 'balanced', 'criterion': 'gini', 'max_depth': None, 'max_features': 'sqrt', 'max_leaf_nodes': None, 'max_samples': None, 'min_impurity_decrease': 0.0, 'min_samples_leaf': 2, 'min_samples_split': 2, 'min_weight_fraction_leaf': 0.0, 'monotonic_cst': None, 'n_estimators': 150, 'n_jobs': None, 'oob_score': False, 'random_state': 42, 'verbose': 0, 'warm_start': False}",5.868612766265869
Coffee,10,20,9,5,LinearSVC,Time_Warping,9,"{'sigma': 0.1, 'knot': 6}",0.4083333333333333,0.3948296456079572,"{'C': np.float64(0.0069519279617756054), 'class_weight': 'balanced', 'dual': False, 'fit_intercept': False, 'intercept_scaling': 1, 'loss': 'squared_hinge', 'max_iter': 100, 'multi_class': 'ovr', 'penalty': 'l2', 'random_state': 42, 'tol': 0.0001, 'verbose': 0}",0.04774355888366699
Coffee,10,20,9,5,LogisticRegression,Time_Warping,9,"{'sigma': 0.1, 'knot': 6}",0.6483333333333333,0.6269541511110319,"{'C': np.float64(2.6366508987303554), 'class_weight': 'balanced', 'dual': False, 'fit_intercept': True, 'intercept_scaling': 1, 'l1_ratio': None, 'max_iter': 100, 'multi_class': 'deprecated', 'n_jobs': None, 'penalty': 'l1', 'random_state': 42, 'solver': 'saga', 'tol': 0.0001, 'verbose': 0, 'warm_start': False}",0.847407341003418
Coffee,10,20,9,5,KNN,Time_Warping,10,"{'sigma': 0.1, 'knot': 8}",0.8966666666666666,0.8994304389480767,"{'algorithm': 'auto', 'leaf_size': 30, 'metric': 'minkowski', 'metric_params': None, 'n_jobs': None, 'n_neighbors': np.int64(5), 'p': 3, 'weights': 'distance'}",0.1212911605834961
Coffee,10,20,9,5,RandomForest,Time_Warping,10,"{'sigma': 0.1, 'knot': 8}",0.84,0.8402423469387755,"{'bootstrap': True, 'ccp_alpha': 0.0, 'class_weight': 'balanced', 'criterion': 'gini', 'max_depth': None, 'max_features': 'sqrt', 'max_leaf_nodes': None, 'max_samples': None, 'min_impurity_decrease': 0.0, 'min_samples_leaf': 2, 'min_samples_split': 2, 'min_weight_fraction_leaf': 0.0, 'monotonic_cst': None, 'n_estimators': 150, 'n_jobs': None, 'oob_score': False, 'random_state': 42, 'verbose': 0, 'warm_start': False}",5.692551374435425
Coffee,10,20,9,5,LinearSVC,Time_Warping,10,"{'sigma': 0.1, 'knot': 8}",0.44666666666666666,0.43543127704640927,"{'C': np.float64(0.0069519279617756054), 'class_weight': 'balanced', 'dual': False, 'fit_intercept': False, 'intercept_scaling': 1, 'loss': 'squared_hinge', 'max_iter': 100, 'multi_class': 'ovr', 'penalty': 'l2', 'random_state': 42, 'tol': 0.0001, 'verbose': 0}",0.05565237998962402
Coffee,10,20,9,5,LogisticRegression,Time_Warping,10,"{'sigma': 0.1, 'knot': 8}",0.65,0.6284389269406393,"{'C': np.float64(2.6366508987303554), 'class_weight': 'balanced', 'dual': False, 'fit_intercept': True, 'intercept_scaling': 1, 'l1_ratio': None, 'max_iter': 100, 'multi_class': 'deprecated', 'n_jobs': None, 'penalty': 'l1', 'random_state': 42, 'solver': 'saga', 'tol': 0.0001, 'verbose': 0, 'warm_start': False}",0.754124641418457
Coffee,10,20,9,10,KNN,Time_Warping,1,"{'sigma': 0.2, 'knot': 4}",0.9083333333333333,0.9112523407703906,"{'algorithm': 'auto', 'leaf_size': 30, 'metric': 'minkowski', 'metric_params': None, 'n_jobs': None, 'n_neighbors': 5, 'p': 2, 'weights': 'uniform'}",0.0979621410369873
Coffee,10,20,9,10,RandomForest,Time_Warping,1,"{'sigma': 0.2, 'knot': 4}",0.845,0.8468604366567934,"{'bootstrap': True, 'ccp_alpha': 0.0, 'class_weight': None, 'criterion': 'gini', 'max_depth': None, 'max_features': 'sqrt', 'max_leaf_nodes': None, 'max_samples': None, 'min_impurity_decrease': 0.0, 'min_samples_leaf': 1, 'min_samples_split': 2, 'min_weight_fraction_leaf': 0.0, 'monotonic_cst': None, 'n_estimators': 100, 'n_jobs': None, 'oob_score': False, 'random_state': 42, 'verbose': 0, 'warm_start': False}",8.870388984680176
Coffee,10,20,9,10,LinearSVC,Time_Warping,1,"{'sigma': 0.2, 'knot': 4}",0.615,0.5987474211612143,"{'C': 1.0, 'class_weight': None, 'dual': False, 'fit_intercept': True, 'intercept_scaling': 1, 'loss': 'squared_hinge', 'max_iter': 100, 'multi_class': 'ovr', 'penalty': 'l2', 'random_state': 42, 'tol': 0.0001, 'verbose': 0}",0.08925461769104004
Coffee,10,20,9,10,LogisticRegression,Time_Warping,1,"{'sigma': 0.2, 'knot': 4}",0.6283333333333333,0.6112614972574579,"{'C': 1.0, 'class_weight': None, 'dual': False, 'fit_intercept': True, 'intercept_scaling': 1, 'l1_ratio': None, 'max_iter': 100, 'multi_class': 'deprecated', 'n_jobs': None, 'penalty': 'l2', 'random_state': 42, 'solver': 'lbfgs', 'tol': 0.0001, 'verbose': 0, 'warm_start': False}",0.2022719383239746
Coffee,10,20,9,10,KNN,Time_Warping,2,"{'sigma': 0.2, 'knot': 3}",0.8866666666666667,0.8898583087599692,"{'algorithm': 'auto', 'leaf_size': 30, 'metric': 'minkowski', 'metric_params': None, 'n_jobs': None, 'n_neighbors': 5, 'p': 2, 'weights': 'uniform'}",0.11291146278381348
Coffee,10,20,9,10,RandomForest,Time_Warping,2,"{'sigma': 0.2, 'knot': 3}",0.8333333333333334,0.8344017094017094,"{'bootstrap': True, 'ccp_alpha': 0.0, 'class_weight': None, 'criterion': 'gini', 'max_depth': None, 'max_features': 'sqrt', 'max_leaf_nodes': None, 'max_samples': None, 'min_impurity_decrease': 0.0, 'min_samples_leaf': 1, 'min_samples_split': 2, 'min_weight_fraction_leaf': 0.0, 'monotonic_cst': None, 'n_estimators': 100, 'n_jobs': None, 'oob_score': False, 'random_state': 42, 'verbose': 0, 'warm_start': False}",8.836992263793945
Coffee,10,20,9,10,LinearSVC,Time_Warping,2,"{'sigma': 0.2, 'knot': 3}",0.6233333333333333,0.6053916813689352,"{'C': 1.0, 'class_weight': None, 'dual': False, 'fit_intercept': True, 'intercept_scaling': 1, 'loss': 'squared_hinge', 'max_iter': 100, 'multi_class': 'ovr', 'penalty': 'l2', 'random_state': 42, 'tol': 0.0001, 'verbose': 0}",0.10532188415527344
Coffee,10,20,9,10,LogisticRegression,Time_Warping,2,"{'sigma': 0.2, 'knot': 3}",0.63,0.611362029546525,"{'C': 1.0, 'class_weight': None, 'dual': False, 'fit_intercept': True, 'intercept_scaling': 1, 'l1_ratio': None, 'max_iter': 100, 'multi_class': 'deprecated', 'n_jobs': None, 'penalty': 'l2', 'random_state': 42, 'solver': 'lbfgs', 'tol': 0.0001, 'verbose': 0, 'warm_start': False}",0.16975975036621094
Coffee,10,20,9,10,KNN,Time_Warping,3,"{'sigma': 0.5, 'knot': 4}",0.9033333333333333,0.9052585779811453,"{'algorithm': 'auto', 'leaf_size': 30, 'metric': 'minkowski', 'metric_params': None, 'n_jobs': None, 'n_neighbors': 5, 'p': 2, 'weights': 'uniform'}",0.11536693572998047
Coffee,10,20,9,10,RandomForest,Time_Warping,3,"{'sigma': 0.5, 'knot': 4}",0.805,0.8116959567290694,"{'bootstrap': True, 'ccp_alpha': 0.0, 'class_weight': None, 'criterion': 'gini', 'max_depth': None, 'max_features': 'sqrt', 'max_leaf_nodes': None, 'max_samples': None, 'min_impurity_decrease': 0.0, 'min_samples_leaf': 1, 'min_samples_split': 2, 'min_weight_fraction_leaf': 0.0, 'monotonic_cst': None, 'n_estimators': 100, 'n_jobs': None, 'oob_score': False, 'random_state': 42, 'verbose': 0, 'warm_start': False}",9.730877161026001
Coffee,10,20,9,10,LinearSVC,Time_Warping,3,"{'sigma': 0.5, 'knot': 4}",0.6183333333333333,0.6014626173268018,"{'C': 1.0, 'class_weight': None, 'dual': False, 'fit_intercept': True, 'intercept_scaling': 1, 'loss': 'squared_hinge', 'max_iter': 100, 'multi_class': 'ovr', 'penalty': 'l2', 'random_state': 42, 'tol': 0.0001, 'verbose': 0}",0.09344172477722168
Coffee,10,20,9,10,LogisticRegression,Time_Warping,3,"{'sigma': 0.5, 'knot': 4}",0.6333333333333333,0.614094796949826,"{'C': 1.0, 'class_weight': None, 'dual': False, 'fit_intercept': True, 'intercept_scaling': 1, 'l1_ratio': None, 'max_iter': 100, 'multi_class': 'deprecated', 'n_jobs': None, 'penalty': 'l2', 'random_state': 42, 'solver': 'lbfgs', 'tol': 0.0001, 'verbose': 0, 'warm_start': False}",0.18634843826293945
Coffee,10,20,9,10,KNN,Time_Warping,4,"{'sigma': 0.05, 'knot': 8}",0.8983333333333333,0.9012600150827271,"{'algorithm': 'auto', 'leaf_size': 30, 'metric': 'minkowski', 'metric_params': None, 'n_jobs': None, 'n_neighbors': 5, 'p': 2, 'weights': 'uniform'}",0.09976768493652344
Coffee,10,20,9,10,RandomForest,Time_Warping,4,"{'sigma': 0.05, 'knot': 8}",0.8466666666666667,0.8538554222633824,"{'bootstrap': True, 'ccp_alpha': 0.0, 'class_weight': None, 'criterion': 'gini', 'max_depth': None, 'max_features': 'sqrt', 'max_leaf_nodes': None, 'max_samples': None, 'min_impurity_decrease': 0.0, 'min_samples_leaf': 1, 'min_samples_split': 2, 'min_weight_fraction_leaf': 0.0, 'monotonic_cst': None, 'n_estimators': 100, 'n_jobs': None, 'oob_score': False, 'random_state': 42, 'verbose': 0, 'warm_start': False}",8.34731149673462
Coffee,10,20,9,10,LinearSVC,Time_Warping,4,"{'sigma': 0.05, 'knot': 8}",0.75,0.720180375061591,"{'C': 1.0, 'class_weight': None, 'dual': False, 'fit_intercept': True, 'intercept_scaling': 1, 'loss': 'squared_hinge', 'max_iter': 100, 'multi_class': 'ovr', 'penalty': 'l2', 'random_state': 42, 'tol': 0.0001, 'verbose': 0}",0.12904667854309082
Coffee,10,20,9,10,LogisticRegression,Time_Warping,4,"{'sigma': 0.05, 'knot': 8}",0.75,0.7616227967841379,"{'C': 1.0, 'class_weight': None, 'dual': False, 'fit_intercept': True, 'intercept_scaling': 1, 'l1_ratio': None, 'max_iter': 100, 'multi_class': 'deprecated', 'n_jobs': None, 'penalty': 'l2', 'random_state': 42, 'solver': 'lbfgs', 'tol': 0.0001, 'verbose': 0, 'warm_start': False}",1.283665418624878
Coffee,10,20,9,10,KNN,Time_Warping,5,"{'sigma': 0.1, 'knot': 4}",0.91,0.9112554770157686,"{'algorithm': 'auto', 'leaf_size': 30, 'metric': 'minkowski', 'metric_params': None, 'n_jobs': None, 'n_neighbors': 5, 'p': 2, 'weights': 'uniform'}",0.11230158805847168
Coffee,10,20,9,10,RandomForest,Time_Warping,5,"{'sigma': 0.1, 'knot': 4}",0.87,0.8704637756497777,"{'bootstrap': True, 'ccp_alpha': 0.0, 'class_weight': None, 'criterion': 'gini', 'max_depth': None, 'max_features': 'sqrt', 'max_leaf_nodes': None, 'max_samples': None, 'min_impurity_decrease': 0.0, 'min_samples_leaf': 1, 'min_samples_split': 2, 'min_weight_fraction_leaf': 0.0, 'monotonic_cst': None, 'n_estimators': 100, 'n_jobs': None, 'oob_score': False, 'random_state': 42, 'verbose': 0, 'warm_start': False}",8.27054738998413
Coffee,10,20,9,10,LinearSVC,Time_Warping,5,"{'sigma': 0.1, 'knot': 4}",0.6533333333333333,0.6297929032660396,"{'C': 1.0, 'class_weight': None, 'dual': False, 'fit_intercept': True, 'intercept_scaling': 1, 'loss': 'squared_hinge', 'max_iter': 100, 'multi_class': 'ovr', 'penalty': 'l2', 'random_state': 42, 'tol': 0.0001, 'verbose': 0}",0.09946084022521973
Coffee,10,20,9,10,LogisticRegression,Time_Warping,5,"{'sigma': 0.1, 'knot': 4}",0.6433333333333333,0.6231489809821236,"{'C': 1.0, 'class_weight': None, 'dual': False, 'fit_intercept': True, 'intercept_scaling': 1, 'l1_ratio': None, 'max_iter': 100, 'multi_class': 'deprecated', 'n_jobs': None, 'penalty': 'l2', 'random_state': 42, 'solver': 'lbfgs', 'tol': 0.0001, 'verbose': 0, 'warm_start': False}",0.1997051239013672
Coffee,10,20,9,10,KNN,Time_Warping,6,"{'sigma': 0.3, 'knot': 6}",0.8816666666666667,0.8851188500255851,"{'algorithm': 'auto', 'leaf_size': 30, 'metric': 'minkowski', 'metric_params': None, 'n_jobs': None, 'n_neighbors': 5, 'p': 2, 'weights': 'uniform'}",0.09610867500305176
Coffee,10,20,9,10,RandomForest,Time_Warping,6,"{'sigma': 0.3, 'knot': 6}",0.825,0.8252835568732703,"{'bootstrap': True, 'ccp_alpha': 0.0, 'class_weight': None, 'criterion': 'gini', 'max_depth': None, 'max_features': 'sqrt', 'max_leaf_nodes': None, 'max_samples': None, 'min_impurity_decrease': 0.0, 'min_samples_leaf': 1, 'min_samples_split': 2, 'min_weight_fraction_leaf': 0.0, 'monotonic_cst': None, 'n_estimators': 100, 'n_jobs': None, 'oob_score': False, 'random_state': 42, 'verbose': 0, 'warm_start': False}",9.235493421554565
Coffee,10,20,9,10,LinearSVC,Time_Warping,6,"{'sigma': 0.3, 'knot': 6}",0.625,0.6050741905482047,"{'C': 1.0, 'class_weight': None, 'dual': False, 'fit_intercept': True, 'intercept_scaling': 1, 'loss': 'squared_hinge', 'max_iter': 100, 'multi_class': 'ovr', 'penalty': 'l2', 'random_state': 42, 'tol': 0.0001, 'verbose': 0}",0.11036372184753418
Coffee,10,20,9,10,LogisticRegression,Time_Warping,6,"{'sigma': 0.3, 'knot': 6}",0.63,0.6112935189247154,"{'C': 1.0, 'class_weight': None, 'dual': False, 'fit_intercept': True, 'intercept_scaling': 1, 'l1_ratio': None, 'max_iter': 100, 'multi_class': 'deprecated', 'n_jobs': None, 'penalty': 'l2', 'random_state': 42, 'solver': 'lbfgs', 'tol': 0.0001, 'verbose': 0, 'warm_start': False}",0.1956014633178711
Coffee,10,20,9,10,KNN,Time_Warping,7,"{'sigma': 0.05, 'knot': 6}",0.905,0.9071990811121246,"{'algorithm': 'auto', 'leaf_size': 30, 'metric': 'minkowski', 'metric_params': None, 'n_jobs': None, 'n_neighbors': 5, 'p': 2, 'weights': 'uniform'}",0.09396815299987793
Coffee,10,20,9,10,RandomForest,Time_Warping,7,"{'sigma': 0.05, 'knot': 6}",0.85,0.851775675305087,"{'bootstrap': True, 'ccp_alpha': 0.0, 'class_weight': None, 'criterion': 'gini', 'max_depth': None, 'max_features': 'sqrt', 'max_leaf_nodes': None, 'max_samples': None, 'min_impurity_decrease': 0.0, 'min_samples_leaf': 1, 'min_samples_split': 2, 'min_weight_fraction_leaf': 0.0, 'monotonic_cst': None, 'n_estimators': 100, 'n_jobs': None, 'oob_score': False, 'random_state': 42, 'verbose': 0, 'warm_start': False}",7.83649206161499
Coffee,10,20,9,10,LinearSVC,Time_Warping,7,"{'sigma': 0.05, 'knot': 6}",0.79,0.7578680692483254,"{'C': 1.0, 'class_weight': None, 'dual': False, 'fit_intercept': True, 'intercept_scaling': 1, 'loss': 'squared_hinge', 'max_iter': 100, 'multi_class': 'ovr', 'penalty': 'l2', 'random_state': 42, 'tol': 0.0001, 'verbose': 0}",0.12086057662963867
Coffee,10,20,9,10,LogisticRegression,Time_Warping,7,"{'sigma': 0.05, 'knot': 6}",0.7,0.7023595163233929,"{'C': 1.0, 'class_weight': None, 'dual': False, 'fit_intercept': True, 'intercept_scaling': 1, 'l1_ratio': None, 'max_iter': 100, 'multi_class': 'deprecated', 'n_jobs': None, 'penalty': 'l2', 'random_state': 42, 'solver': 'lbfgs', 'tol': 0.0001, 'verbose': 0, 'warm_start': False}",0.3696017265319824
Coffee,10,20,9,10,KNN,Time_Warping,8,"{'sigma': 0.3, 'knot': 6}",0.91,0.9123591069074208,"{'algorithm': 'auto', 'leaf_size': 30, 'metric': 'minkowski', 'metric_params': None, 'n_jobs': None, 'n_neighbors': 5, 'p': 2, 'weights': 'uniform'}",0.12052035331726074
Coffee,10,20,9,10,RandomForest,Time_Warping,8,"{'sigma': 0.3, 'knot': 6}",0.84,0.8408209164227355,"{'bootstrap': True, 'ccp_alpha': 0.0, 'class_weight': None, 'criterion': 'gini', 'max_depth': None, 'max_features': 'sqrt', 'max_leaf_nodes': None, 'max_samples': None, 'min_impurity_decrease': 0.0, 'min_samples_leaf': 1, 'min_samples_split': 2, 'min_weight_fraction_leaf': 0.0, 'monotonic_cst': None, 'n_estimators': 100, 'n_jobs': None, 'oob_score': False, 'random_state': 42, 'verbose': 0, 'warm_start': False}",8.791565656661987
Coffee,10,20,9,10,LinearSVC,Time_Warping,8,"{'sigma': 0.3, 'knot': 6}",0.6283333333333333,0.6087061400220597,"{'C': 1.0, 'class_weight': None, 'dual': False, 'fit_intercept': True, 'intercept_scaling': 1, 'loss': 'squared_hinge', 'max_iter': 100, 'multi_class': 'ovr', 'penalty': 'l2', 'random_state': 42, 'tol': 0.0001, 'verbose': 0}",0.10170531272888184
Coffee,10,20,9,10,LogisticRegression,Time_Warping,8,"{'sigma': 0.3, 'knot': 6}",0.63,0.6112404836542769,"{'C': 1.0, 'class_weight': None, 'dual': False, 'fit_intercept': True, 'intercept_scaling': 1, 'l1_ratio': None, 'max_iter': 100, 'multi_class': 'deprecated', 'n_jobs': None, 'penalty': 'l2', 'random_state': 42, 'solver': 'lbfgs', 'tol': 0.0001, 'verbose': 0, 'warm_start': False}",0.3425300121307373
Coffee,10,20,9,10,KNN,Time_Warping,9,"{'sigma': 0.1, 'knot': 6}",0.8783333333333333,0.8828144540740229,"{'algorithm': 'auto', 'leaf_size': 30, 'metric': 'minkowski', 'metric_params': None, 'n_jobs': None, 'n_neighbors': 5, 'p': 2, 'weights': 'uniform'}",0.09034848213195801
Coffee,10,20,9,10,RandomForest,Time_Warping,9,"{'sigma': 0.1, 'knot': 6}",0.8383333333333334,0.8425699336244956,"{'bootstrap': True, 'ccp_alpha': 0.0, 'class_weight': None, 'criterion': 'gini', 'max_depth': None, 'max_features': 'sqrt', 'max_leaf_nodes': None, 'max_samples': None, 'min_impurity_decrease': 0.0, 'min_samples_leaf': 1, 'min_samples_split': 2, 'min_weight_fraction_leaf': 0.0, 'monotonic_cst': None, 'n_estimators': 100, 'n_jobs': None, 'oob_score': False, 'random_state': 42, 'verbose': 0, 'warm_start': False}",7.847055673599243
Coffee,10,20,9,10,LinearSVC,Time_Warping,9,"{'sigma': 0.1, 'knot': 6}",0.7233333333333334,0.6943493728979011,"{'C': 1.0, 'class_weight': None, 'dual': False, 'fit_intercept': True, 'intercept_scaling': 1, 'loss': 'squared_hinge', 'max_iter': 100, 'multi_class': 'ovr', 'penalty': 'l2', 'random_state': 42, 'tol': 0.0001, 'verbose': 0}",0.1080777645111084
Coffee,10,20,9,10,LogisticRegression,Time_Warping,9,"{'sigma': 0.1, 'knot': 6}",0.6566666666666666,0.634749123696813,"{'C': 1.0, 'class_weight': None, 'dual': False, 'fit_intercept': True, 'intercept_scaling': 1, 'l1_ratio': None, 'max_iter': 100, 'multi_class': 'deprecated', 'n_jobs': None, 'penalty': 'l2', 'random_state': 42, 'solver': 'lbfgs', 'tol': 0.0001, 'verbose': 0, 'warm_start': False}",0.270247220993042
Coffee,10,20,9,10,KNN,Time_Warping,10,"{'sigma': 0.1, 'knot': 8}",0.8816666666666667,0.8849181950851024,"{'algorithm': 'auto', 'leaf_size': 30, 'metric': 'minkowski', 'metric_params': None, 'n_jobs': None, 'n_neighbors': 5, 'p': 2, 'weights': 'uniform'}",0.08871173858642578
Coffee,10,20,9,10,RandomForest,Time_Warping,10,"{'sigma': 0.1, 'knot': 8}",0.865,0.8695110765372469,"{'bootstrap': True, 'ccp_alpha': 0.0, 'class_weight': None, 'criterion': 'gini', 'max_depth': None, 'max_features': 'sqrt', 'max_leaf_nodes': None, 'max_samples': None, 'min_impurity_decrease': 0.0, 'min_samples_leaf': 1, 'min_samples_split': 2, 'min_weight_fraction_leaf': 0.0, 'monotonic_cst': None, 'n_estimators': 100, 'n_jobs': None, 'oob_score': False, 'random_state': 42, 'verbose': 0, 'warm_start': False}",8.297055959701538
Coffee,10,20,9,10,LinearSVC,Time_Warping,10,"{'sigma': 0.1, 'knot': 8}",0.7316666666666667,0.7020253862247223,"{'C': 1.0, 'class_weight': None, 'dual': False, 'fit_intercept': True, 'intercept_scaling': 1, 'loss': 'squared_hinge', 'max_iter': 100, 'multi_class': 'ovr', 'penalty': 'l2', 'random_state': 42, 'tol': 0.0001, 'verbose': 0}",0.1287400722503662
Coffee,10,20,9,10,LogisticRegression,Time_Warping,10,"{'sigma': 0.1, 'knot': 8}",0.6716666666666666,0.6478479058096892,"{'C': 1.0, 'class_weight': None, 'dual': False, 'fit_intercept': True, 'intercept_scaling': 1, 'l1_ratio': None, 'max_iter': 100, 'multi_class': 'deprecated', 'n_jobs': None, 'penalty': 'l2', 'random_state': 42, 'solver': 'lbfgs', 'tol': 0.0001, 'verbose': 0, 'warm_start': False}",0.39757609367370605
Coffee,10,20,10,1,KNN,Baseline,N/A,N/A,0.8116666666666666,0.8259838503129976,"{'algorithm': 'auto', 'leaf_size': 30, 'metric': 'minkowski', 'metric_params': None, 'n_jobs': None, 'n_neighbors': 5, 'p': 2, 'weights': 'uniform'}",0.02570486068725586
Coffee,10,20,10,1,KNN,Tuned_Baseline,N/A,N/A,0.81,0.8245180528676964,"{'algorithm': 'auto', 'leaf_size': 30, 'metric': 'minkowski', 'metric_params': None, 'n_jobs': None, 'n_neighbors': np.int64(5), 'p': 3, 'weights': 'distance'}",0.02255558967590332
Coffee,10,20,10,1,RandomForest,Baseline,N/A,N/A,0.84,0.8512503213696887,"{'bootstrap': True, 'ccp_alpha': 0.0, 'class_weight': None, 'criterion': 'gini', 'max_depth': None, 'max_features': 'sqrt', 'max_leaf_nodes': None, 'max_samples': None, 'min_impurity_decrease': 0.0, 'min_samples_leaf': 1, 'min_samples_split': 2, 'min_weight_fraction_leaf': 0.0, 'monotonic_cst': None, 'n_estimators': 100, 'n_jobs': None, 'oob_score': False, 'random_state': 42, 'verbose': 0, 'warm_start': False}",0.707801103591919
Coffee,10,20,10,1,RandomForest,Tuned_Baseline,N/A,N/A,0.8383333333333334,0.849398458756826,"{'bootstrap': True, 'ccp_alpha': 0.0, 'class_weight': None, 'criterion': 'gini', 'max_depth': 20, 'max_features': 'sqrt', 'max_leaf_nodes': None, 'max_samples': None, 'min_impurity_decrease': 0.0, 'min_samples_leaf': 1, 'min_samples_split': 2, 'min_weight_fraction_leaf': 0.0, 'monotonic_cst': None, 'n_estimators': 100, 'n_jobs': None, 'oob_score': False, 'random_state': 42, 'verbose': 0, 'warm_start': False}",0.006087541580200195
Coffee,10,20,10,1,LinearSVC,Baseline,N/A,N/A,0.7783333333333333,0.7860527388714666,"{'C': 1.0, 'class_weight': None, 'dual': False, 'fit_intercept': True, 'intercept_scaling': 1, 'loss': 'squared_hinge', 'max_iter': 100, 'multi_class': 'ovr', 'penalty': 'l2', 'random_state': 42, 'tol': 0.0001, 'verbose': 0}",0.014031171798706055
Coffee,10,20,10,1,LinearSVC,Tuned_Baseline,N/A,N/A,0.78,0.7877961486946402,"{'C': np.float64(6.1584821106602545), 'class_weight': None, 'dual': False, 'fit_intercept': True, 'intercept_scaling': 1, 'loss': 'squared_hinge', 'max_iter': 100, 'multi_class': 'ovr', 'penalty': 'l2', 'random_state': 42, 'tol': 0.0001, 'verbose': 0}",0.0003008842468261719
Coffee,10,20,10,1,LogisticRegression,Baseline,N/A,N/A,0.725,0.7383634133115443,"{'C': 1.0, 'class_weight': None, 'dual': False, 'fit_intercept': True, 'intercept_scaling': 1, 'l1_ratio': None, 'max_iter': 100, 'multi_class': 'deprecated', 'n_jobs': None, 'penalty': 'l2', 'random_state': 42, 'solver': 'lbfgs', 'tol': 0.0001, 'verbose': 0, 'warm_start': False}",0.15472722053527832
Coffee,10,20,10,1,LogisticRegression,Tuned_Baseline,N/A,N/A,0.71,0.7226902753194403,"{'C': np.float64(33.59818286283781), 'class_weight': None, 'dual': False, 'fit_intercept': True, 'intercept_scaling': 1, 'l1_ratio': None, 'max_iter': 100, 'multi_class': 'deprecated', 'n_jobs': None, 'penalty': 'l2', 'random_state': 42, 'solver': 'saga', 'tol': 0.0001, 'verbose': 0, 'warm_start': False}",0.0003039836883544922
Coffee,10,20,10,1,RNN,Tuned_Baseline,N/A,N/A,0.16666666666666666,0.047619047619047616,"{'hidden_size': 64, 'epochs': 10, 'batch_size': 32, 'lr': 0.001}",3.2901763916015625e-05
Coffee,10,20,10,2,KNN,Time_Warping,1,"{'sigma': 0.2, 'knot': 4}",0.8133333333333334,0.8278730595729484,"{'algorithm': 'auto', 'leaf_size': 30, 'metric': 'euclidean', 'metric_params': None, 'n_jobs': None, 'n_neighbors': np.int64(9), 'p': 2, 'weights': 'distance'}",0.02498006820678711
Coffee,10,20,10,2,RandomForest,Time_Warping,1,"{'sigma': 0.2, 'knot': 4}",0.825,0.8297916656516295,"{'bootstrap': True, 'ccp_alpha': 0.0, 'class_weight': 'balanced', 'criterion': 'gini', 'max_depth': 10, 'max_features': 'sqrt', 'max_leaf_nodes': None, 'max_samples': None, 'min_impurity_decrease': 0.0, 'min_samples_leaf': 1, 'min_samples_split': 2, 'min_weight_fraction_leaf': 0.0, 'monotonic_cst': None, 'n_estimators': 100, 'n_jobs': None, 'oob_score': False, 'random_state': 42, 'verbose': 0, 'warm_start': False}",1.2144532203674316
Coffee,10,20,10,2,LinearSVC,Time_Warping,1,"{'sigma': 0.2, 'knot': 4}",0.6416666666666667,0.6225914604867302,"{'C': np.float64(2.6366508987303554), 'class_weight': 'balanced', 'dual': False, 'fit_intercept': True, 'intercept_scaling': 1, 'loss': 'squared_hinge', 'max_iter': 100, 'multi_class': 'ovr', 'penalty': 'l1', 'random_state': 42, 'tol': 0.0001, 'verbose': 0}",0.04520750045776367
Coffee,10,20,10,2,LogisticRegression,Time_Warping,1,"{'sigma': 0.2, 'knot': 4}",0.6366666666666667,0.6172674091688176,"{'C': np.float64(33.59818286283781), 'class_weight': None, 'dual': False, 'fit_intercept': True, 'intercept_scaling': 1, 'l1_ratio': None, 'max_iter': 100, 'multi_class': 'deprecated', 'n_jobs': None, 'penalty': 'l2', 'random_state': 42, 'solver': 'saga', 'tol': 0.0001, 'verbose': 0, 'warm_start': False}",0.039659738540649414
Coffee,10,20,10,2,KNN,Time_Warping,2,"{'sigma': 0.2, 'knot': 3}",0.8116666666666666,0.8259838503129976,"{'algorithm': 'auto', 'leaf_size': 30, 'metric': 'euclidean', 'metric_params': None, 'n_jobs': None, 'n_neighbors': np.int64(9), 'p': 2, 'weights': 'distance'}",0.020956993103027344
Coffee,10,20,10,2,RandomForest,Time_Warping,2,"{'sigma': 0.2, 'knot': 3}",0.7816666666666666,0.7850455051871864,"{'bootstrap': True, 'ccp_alpha': 0.0, 'class_weight': 'balanced', 'criterion': 'gini', 'max_depth': 20, 'max_features': 'sqrt', 'max_leaf_nodes': None, 'max_samples': None, 'min_impurity_decrease': 0.0, 'min_samples_leaf': 1, 'min_samples_split': 2, 'min_weight_fraction_leaf': 0.0, 'monotonic_cst': None, 'n_estimators': 50, 'n_jobs': None, 'oob_score': False, 'random_state': 42, 'verbose': 0, 'warm_start': False}",0.6488535404205322
Coffee,10,20,10,2,LinearSVC,Time_Warping,2,"{'sigma': 0.2, 'knot': 3}",0.6416666666666667,0.6224064169789294,"{'C': np.float64(2.6366508987303554), 'class_weight': 'balanced', 'dual': False, 'fit_intercept': True, 'intercept_scaling': 1, 'loss': 'squared_hinge', 'max_iter': 100, 'multi_class': 'ovr', 'penalty': 'l1', 'random_state': 42, 'tol': 0.0001, 'verbose': 0}",0.04792475700378418
Coffee,10,20,10,2,LogisticRegression,Time_Warping,2,"{'sigma': 0.2, 'knot': 3}",0.6433333333333333,0.6224270277189374,"{'C': np.float64(183.29807108324337), 'class_weight': 'balanced', 'dual': False, 'fit_intercept': True, 'intercept_scaling': 1, 'l1_ratio': None, 'max_iter': 100, 'multi_class': 'deprecated', 'n_jobs': None, 'penalty': 'l1', 'random_state': 42, 'solver': 'saga', 'tol': 0.0001, 'verbose': 0, 'warm_start': False}",0.05436396598815918
Coffee,10,20,10,2,KNN,Time_Warping,3,"{'sigma': 0.5, 'knot': 4}",0.8083333333333333,0.8226976642685967,"{'algorithm': 'auto', 'leaf_size': 30, 'metric': 'chebyshev', 'metric_params': None, 'n_jobs': None, 'n_neighbors': np.int64(5), 'p': 2, 'weights': 'uniform'}",0.030604124069213867
Coffee,10,20,10,2,RandomForest,Time_Warping,3,"{'sigma': 0.5, 'knot': 4}",0.8116666666666666,0.8169350147091246,"{'bootstrap': True, 'ccp_alpha': 0.0, 'class_weight': 'balanced', 'criterion': 'gini', 'max_depth': 10, 'max_features': 'sqrt', 'max_leaf_nodes': None, 'max_samples': None, 'min_impurity_decrease': 0.0, 'min_samples_leaf': 1, 'min_samples_split': 2, 'min_weight_fraction_leaf': 0.0, 'monotonic_cst': None, 'n_estimators': 100, 'n_jobs': None, 'oob_score': False, 'random_state': 42, 'verbose': 0, 'warm_start': False}",1.5303471088409424
Coffee,10,20,10,2,LinearSVC,Time_Warping,3,"{'sigma': 0.5, 'knot': 4}",0.6383333333333333,0.6184061060242473,"{'C': np.float64(0.4832930238571752), 'class_weight': 'balanced', 'dual': False, 'fit_intercept': True, 'intercept_scaling': 1, 'loss': 'squared_hinge', 'max_iter': 100, 'multi_class': 'ovr', 'penalty': 'l2', 'random_state': 42, 'tol': 0.0001, 'verbose': 0}",0.019534826278686523
Coffee,10,20,10,2,LogisticRegression,Time_Warping,3,"{'sigma': 0.5, 'knot': 4}",0.6216666666666667,0.6027592406897718,"{'C': np.float64(33.59818286283781), 'class_weight': None, 'dual': False, 'fit_intercept': True, 'intercept_scaling': 1, 'l1_ratio': None, 'max_iter': 100, 'multi_class': 'deprecated', 'n_jobs': None, 'penalty': 'l2', 'random_state': 42, 'solver': 'saga', 'tol': 0.0001, 'verbose': 0, 'warm_start': False}",0.03804183006286621
Coffee,10,20,10,2,KNN,Time_Warping,4,"{'sigma': 0.05, 'knot': 8}",0.8116666666666666,0.8259838503129976,"{'algorithm': 'auto', 'leaf_size': 30, 'metric': 'euclidean', 'metric_params': None, 'n_jobs': None, 'n_neighbors': np.int64(9), 'p': 2, 'weights': 'distance'}",0.017107486724853516
Coffee,10,20,10,2,RandomForest,Time_Warping,4,"{'sigma': 0.05, 'knot': 8}",0.8216666666666667,0.8290530518796925,"{'bootstrap': True, 'ccp_alpha': 0.0, 'class_weight': 'balanced', 'criterion': 'gini', 'max_depth': 10, 'max_features': 'sqrt', 'max_leaf_nodes': None, 'max_samples': None, 'min_impurity_decrease': 0.0, 'min_samples_leaf': 1, 'min_samples_split': 2, 'min_weight_fraction_leaf': 0.0, 'monotonic_cst': None, 'n_estimators': 100, 'n_jobs': None, 'oob_score': False, 'random_state': 42, 'verbose': 0, 'warm_start': False}",1.21498441696167
Coffee,10,20,10,2,LinearSVC,Time_Warping,4,"{'sigma': 0.05, 'knot': 8}",0.675,0.684039487541374,"{'C': np.float64(1000.0), 'class_weight': 'balanced', 'dual': False, 'fit_intercept': True, 'intercept_scaling': 1, 'loss': 'squared_hinge', 'max_iter': 100, 'multi_class': 'ovr', 'penalty': 'l2', 'random_state': 42, 'tol': 0.001, 'verbose': 0}",0.03044414520263672
Coffee,10,20,10,2,LogisticRegression,Time_Warping,4,"{'sigma': 0.05, 'knot': 8}",0.7216666666666667,0.7373183308955287,"{'C': np.float64(33.59818286283781), 'class_weight': None, 'dual': False, 'fit_intercept': True, 'intercept_scaling': 1, 'l1_ratio': None, 'max_iter': 100, 'multi_class': 'deprecated', 'n_jobs': None, 'penalty': 'l2', 'random_state': 42, 'solver': 'saga', 'tol': 0.0001, 'verbose': 0, 'warm_start': False}",0.10360217094421387
Coffee,10,20,10,2,KNN,Time_Warping,5,"{'sigma': 0.1, 'knot': 4}",0.8083333333333333,0.8226309336742432,"{'algorithm': 'auto', 'leaf_size': 30, 'metric': 'euclidean', 'metric_params': None, 'n_jobs': None, 'n_neighbors': np.int64(9), 'p': 2, 'weights': 'distance'}",0.020391464233398438
Coffee,10,20,10,2,RandomForest,Time_Warping,5,"{'sigma': 0.1, 'knot': 4}",0.8216666666666667,0.8296160441755418,"{'bootstrap': True, 'ccp_alpha': 0.0, 'class_weight': 'balanced', 'criterion': 'gini', 'max_depth': 20, 'max_features': 'sqrt', 'max_leaf_nodes': None, 'max_samples': None, 'min_impurity_decrease': 0.0, 'min_samples_leaf': 1, 'min_samples_split': 2, 'min_weight_fraction_leaf': 0.0, 'monotonic_cst': None, 'n_estimators': 50, 'n_jobs': None, 'oob_score': False, 'random_state': 42, 'verbose': 0, 'warm_start': False}",0.9263310432434082
Coffee,10,20,10,2,LinearSVC,Time_Warping,5,"{'sigma': 0.1, 'knot': 4}",0.6483333333333333,0.6269541511110319,"{'C': np.float64(1000.0), 'class_weight': 'balanced', 'dual': False, 'fit_intercept': True, 'intercept_scaling': 1, 'loss': 'squared_hinge', 'max_iter': 100, 'multi_class': 'ovr', 'penalty': 'l2', 'random_state': 42, 'tol': 0.001, 'verbose': 0}",0.029114246368408203
Coffee,10,20,10,2,LogisticRegression,Time_Warping,5,"{'sigma': 0.1, 'knot': 4}",0.645,0.6237713095337503,"{'C': np.float64(33.59818286283781), 'class_weight': 'balanced', 'dual': False, 'fit_intercept': True, 'intercept_scaling': 1, 'l1_ratio': None, 'max_iter': 100, 'multi_class': 'deprecated', 'n_jobs': None, 'penalty': 'l2', 'random_state': 42, 'solver': 'saga', 'tol': 0.0001, 'verbose': 0, 'warm_start': False}",0.05219721794128418
Coffee,10,20,10,2,KNN,Time_Warping,6,"{'sigma': 0.3, 'knot': 6}",0.8083333333333333,0.8226309336742432,"{'algorithm': 'auto', 'leaf_size': 30, 'metric': 'euclidean', 'metric_params': None, 'n_jobs': None, 'n_neighbors': np.int64(9), 'p': 2, 'weights': 'distance'}",0.023141860961914062
Coffee,10,20,10,2,RandomForest,Time_Warping,6,"{'sigma': 0.3, 'knot': 6}",0.8016666666666666,0.8080629974356277,"{'bootstrap': True, 'ccp_alpha': 0.0, 'class_weight': 'balanced', 'criterion': 'gini', 'max_depth': None, 'max_features': 'sqrt', 'max_leaf_nodes': None, 'max_samples': None, 'min_impurity_decrease': 0.0, 'min_samples_leaf': 1, 'min_samples_split': 2, 'min_weight_fraction_leaf': 0.0, 'monotonic_cst': None, 'n_estimators': 50, 'n_jobs': None, 'oob_score': False, 'random_state': 42, 'verbose': 0, 'warm_start': False}",0.6333634853363037
Coffee,10,20,10,2,LinearSVC,Time_Warping,6,"{'sigma': 0.3, 'knot': 6}",0.6466666666666666,0.6266588369376026,"{'C': np.float64(2.6366508987303554), 'class_weight': 'balanced', 'dual': False, 'fit_intercept': True, 'intercept_scaling': 1, 'loss': 'squared_hinge', 'max_iter': 100, 'multi_class': 'ovr', 'penalty': 'l1', 'random_state': 42, 'tol': 0.0001, 'verbose': 0}",0.04166388511657715
Coffee,10,20,10,2,LogisticRegression,Time_Warping,6,"{'sigma': 0.3, 'knot': 6}",0.645,0.6239249625655015,"{'C': np.float64(33.59818286283781), 'class_weight': 'balanced', 'dual': False, 'fit_intercept': True, 'intercept_scaling': 1, 'l1_ratio': None, 'max_iter': 100, 'multi_class': 'deprecated', 'n_jobs': None, 'penalty': 'l1', 'random_state': 42, 'solver': 'saga', 'tol': 0.0001, 'verbose': 0, 'warm_start': False}",0.059969425201416016
Coffee,10,20,10,2,KNN,Time_Warping,7,"{'sigma': 0.05, 'knot': 6}",0.8116666666666666,0.8259838503129976,"{'algorithm': 'auto', 'leaf_size': 30, 'metric': 'euclidean', 'metric_params': None, 'n_jobs': None, 'n_neighbors': np.int64(9), 'p': 2, 'weights': 'distance'}",0.016649723052978516
Coffee,10,20,10,2,RandomForest,Time_Warping,7,"{'sigma': 0.05, 'knot': 6}",0.835,0.844855266113808,"{'bootstrap': True, 'ccp_alpha': 0.0, 'class_weight': 'balanced', 'criterion': 'gini', 'max_depth': 20, 'max_features': 'sqrt', 'max_leaf_nodes': None, 'max_samples': None, 'min_impurity_decrease': 0.0, 'min_samples_leaf': 1, 'min_samples_split': 2, 'min_weight_fraction_leaf': 0.0, 'monotonic_cst': None, 'n_estimators': 50, 'n_jobs': None, 'oob_score': False, 'random_state': 42, 'verbose': 0, 'warm_start': False}",0.6765549182891846
Coffee,10,20,10,2,LinearSVC,Time_Warping,7,"{'sigma': 0.05, 'knot': 6}",0.6716666666666666,0.6806282753134943,"{'C': np.float64(1000.0), 'class_weight': 'balanced', 'dual': False, 'fit_intercept': True, 'intercept_scaling': 1, 'loss': 'squared_hinge', 'max_iter': 100, 'multi_class': 'ovr', 'penalty': 'l2', 'random_state': 42, 'tol': 0.001, 'verbose': 0}",0.024538755416870117
Coffee,10,20,10,2,LogisticRegression,Time_Warping,7,"{'sigma': 0.05, 'knot': 6}",0.69,0.7073878462657467,"{'C': np.float64(1000.0), 'class_weight': 'balanced', 'dual': False, 'fit_intercept': True, 'intercept_scaling': 1, 'l1_ratio': None, 'max_iter': 100, 'multi_class': 'deprecated', 'n_jobs': None, 'penalty': 'l2', 'random_state': 42, 'solver': 'sag', 'tol': 0.0001, 'verbose': 0, 'warm_start': False}",0.07917022705078125
Coffee,10,20,10,2,KNN,Time_Warping,8,"{'sigma': 0.3, 'knot': 6}",0.8133333333333334,0.8278730595729484,"{'algorithm': 'auto', 'leaf_size': 30, 'metric': 'euclidean', 'metric_params': None, 'n_jobs': None, 'n_neighbors': np.int64(9), 'p': 2, 'weights': 'distance'}",0.022431612014770508
Coffee,10,20,10,2,RandomForest,Time_Warping,8,"{'sigma': 0.3, 'knot': 6}",0.7883333333333333,0.7959628324721244,"{'bootstrap': True, 'ccp_alpha': 0.0, 'class_weight': 'balanced', 'criterion': 'gini', 'max_depth': 30, 'max_features': 'sqrt', 'max_leaf_nodes': None, 'max_samples': None, 'min_impurity_decrease': 0.0, 'min_samples_leaf': 1, 'min_samples_split': 2, 'min_weight_fraction_leaf': 0.0, 'monotonic_cst': None, 'n_estimators': 150, 'n_jobs': None, 'oob_score': False, 'random_state': 42, 'verbose': 0, 'warm_start': False}",2.2877862453460693
Coffee,10,20,10,2,LinearSVC,Time_Warping,8,"{'sigma': 0.3, 'knot': 6}",0.6433333333333333,0.6227296983479851,"{'C': np.float64(1000.0), 'class_weight': 'balanced', 'dual': False, 'fit_intercept': True, 'intercept_scaling': 1, 'loss': 'squared_hinge', 'max_iter': 100, 'multi_class': 'ovr', 'penalty': 'l2', 'random_state': 42, 'tol': 0.001, 'verbose': 0}",0.02519512176513672
Coffee,10,20,10,2,LogisticRegression,Time_Warping,8,"{'sigma': 0.3, 'knot': 6}",0.65,0.6278671687778158,"{'C': np.float64(1000.0), 'class_weight': 'balanced', 'dual': False, 'fit_intercept': True, 'intercept_scaling': 1, 'l1_ratio': None, 'max_iter': 100, 'multi_class': 'deprecated', 'n_jobs': None, 'penalty': 'l2', 'random_state': 42, 'solver': 'sag', 'tol': 0.0001, 'verbose': 0, 'warm_start': False}",0.07879066467285156
Coffee,10,20,10,2,KNN,Time_Warping,9,"{'sigma': 0.1, 'knot': 6}",0.8116666666666666,0.8259838503129976,"{'algorithm': 'auto', 'leaf_size': 30, 'metric': 'euclidean', 'metric_params': None, 'n_jobs': None, 'n_neighbors': np.int64(9), 'p': 2, 'weights': 'distance'}",0.01989459991455078
Coffee,10,20,10,2,RandomForest,Time_Warping,9,"{'sigma': 0.1, 'knot': 6}",0.8066666666666666,0.8119227704285844,"{'bootstrap': True, 'ccp_alpha': 0.0, 'class_weight': 'balanced', 'criterion': 'gini', 'max_depth': 20, 'max_features': 'sqrt', 'max_leaf_nodes': None, 'max_samples': None, 'min_impurity_decrease': 0.0, 'min_samples_leaf': 1, 'min_samples_split': 2, 'min_weight_fraction_leaf': 0.0, 'monotonic_cst': None, 'n_estimators': 50, 'n_jobs': None, 'oob_score': False, 'random_state': 42, 'verbose': 0, 'warm_start': False}",0.6686742305755615
Coffee,10,20,10,2,LinearSVC,Time_Warping,9,"{'sigma': 0.1, 'knot': 6}",0.6683333333333333,0.6462031839972185,"{'C': np.float64(1000.0), 'class_weight': 'balanced', 'dual': False, 'fit_intercept': True, 'intercept_scaling': 1, 'loss': 'squared_hinge', 'max_iter': 100, 'multi_class': 'ovr', 'penalty': 'l2', 'random_state': 42, 'tol': 0.001, 'verbose': 0}",0.021748781204223633
Coffee,10,20,10,2,LogisticRegression,Time_Warping,9,"{'sigma': 0.1, 'knot': 6}",0.665,0.6445337963948741,"{'C': np.float64(1000.0), 'class_weight': 'balanced', 'dual': False, 'fit_intercept': True, 'intercept_scaling': 1, 'l1_ratio': None, 'max_iter': 100, 'multi_class': 'deprecated', 'n_jobs': None, 'penalty': 'l2', 'random_state': 42, 'solver': 'sag', 'tol': 0.0001, 'verbose': 0, 'warm_start': False}",0.08726620674133301
Coffee,10,20,10,2,KNN,Time_Warping,10,"{'sigma': 0.1, 'knot': 8}",0.8116666666666666,0.8259838503129976,"{'algorithm': 'auto', 'leaf_size': 30, 'metric': 'euclidean', 'metric_params': None, 'n_jobs': None, 'n_neighbors': np.int64(9), 'p': 2, 'weights': 'distance'}",0.02252197265625
Coffee,10,20,10,2,RandomForest,Time_Warping,10,"{'sigma': 0.1, 'knot': 8}",0.775,0.7778441256173804,"{'bootstrap': True, 'ccp_alpha': 0.0, 'class_weight': 'balanced', 'criterion': 'gini', 'max_depth': 10, 'max_features': 'sqrt', 'max_leaf_nodes': None, 'max_samples': None, 'min_impurity_decrease': 0.0, 'min_samples_leaf': 1, 'min_samples_split': 2, 'min_weight_fraction_leaf': 0.0, 'monotonic_cst': None, 'n_estimators': 100, 'n_jobs': None, 'oob_score': False, 'random_state': 42, 'verbose': 0, 'warm_start': False}",1.1994600296020508
Coffee,10,20,10,2,LinearSVC,Time_Warping,10,"{'sigma': 0.1, 'knot': 8}",0.7183333333333334,0.6899598701575078,"{'C': np.float64(33.59818286283781), 'class_weight': None, 'dual': False, 'fit_intercept': True, 'intercept_scaling': 1, 'loss': 'squared_hinge', 'max_iter': 100, 'multi_class': 'ovr', 'penalty': 'l1', 'random_state': 42, 'tol': 0.001, 'verbose': 0}",0.06626510620117188
Coffee,10,20,10,2,LogisticRegression,Time_Warping,10,"{'sigma': 0.1, 'knot': 8}",0.7033333333333334,0.7035655361308203,"{'C': np.float64(33.59818286283781), 'class_weight': 'balanced', 'dual': False, 'fit_intercept': True, 'intercept_scaling': 1, 'l1_ratio': None, 'max_iter': 100, 'multi_class': 'deprecated', 'n_jobs': None, 'penalty': 'l1', 'random_state': 42, 'solver': 'saga', 'tol': 0.0001, 'verbose': 0, 'warm_start': False}",0.05707597732543945
Coffee,10,20,10,3,KNN,Time_Warping,1,"{'sigma': 0.2, 'knot': 4}",0.8083333333333333,0.8222208266995297,"{'algorithm': 'auto', 'leaf_size': 30, 'metric': 'euclidean', 'metric_params': None, 'n_jobs': None, 'n_neighbors': np.int64(9), 'p': 2, 'weights': 'distance'}",0.028358936309814453
Coffee,10,20,10,3,RandomForest,Time_Warping,1,"{'sigma': 0.2, 'knot': 4}",0.79,0.7891963226757313,"{'bootstrap': True, 'ccp_alpha': 0.0, 'class_weight': None, 'criterion': 'gini', 'max_depth': None, 'max_features': 'sqrt', 'max_leaf_nodes': None, 'max_samples': None, 'min_impurity_decrease': 0.0, 'min_samples_leaf': 4, 'min_samples_split': 10, 'min_weight_fraction_leaf': 0.0, 'monotonic_cst': None, 'n_estimators': 50, 'n_jobs': None, 'oob_score': False, 'random_state': 42, 'verbose': 0, 'warm_start': False}",1.0449011325836182
Coffee,10,20,10,3,LinearSVC,Time_Warping,1,"{'sigma': 0.2, 'knot': 4}",0.645,0.6251602499951244,"{'C': np.float64(0.4832930238571752), 'class_weight': 'balanced', 'dual': False, 'fit_intercept': True, 'intercept_scaling': 1, 'loss': 'squared_hinge', 'max_iter': 100, 'multi_class': 'ovr', 'penalty': 'l2', 'random_state': 42, 'tol': 0.0001, 'verbose': 0}",0.031716108322143555
Coffee,10,20,10,3,LogisticRegression,Time_Warping,1,"{'sigma': 0.2, 'knot': 4}",0.645,0.6237864304469299,"{'C': np.float64(33.59818286283781), 'class_weight': 'balanced', 'dual': False, 'fit_intercept': True, 'intercept_scaling': 1, 'l1_ratio': None, 'max_iter': 100, 'multi_class': 'deprecated', 'n_jobs': None, 'penalty': 'l2', 'random_state': 42, 'solver': 'saga', 'tol': 0.0001, 'verbose': 0, 'warm_start': False}",0.0785679817199707
Coffee,10,20,10,3,KNN,Time_Warping,2,"{'sigma': 0.2, 'knot': 3}",0.8066666666666666,0.8207488396427921,"{'algorithm': 'auto', 'leaf_size': 30, 'metric': 'euclidean', 'metric_params': None, 'n_jobs': None, 'n_neighbors': np.int64(9), 'p': 2, 'weights': 'distance'}",0.03680229187011719
Coffee,10,20,10,3,RandomForest,Time_Warping,2,"{'sigma': 0.2, 'knot': 3}",0.8516666666666667,0.854729847924275,"{'bootstrap': True, 'ccp_alpha': 0.0, 'class_weight': None, 'criterion': 'gini', 'max_depth': None, 'max_features': 'sqrt', 'max_leaf_nodes': None, 'max_samples': None, 'min_impurity_decrease': 0.0, 'min_samples_leaf': 4, 'min_samples_split': 10, 'min_weight_fraction_leaf': 0.0, 'monotonic_cst': None, 'n_estimators': 50, 'n_jobs': None, 'oob_score': False, 'random_state': 42, 'verbose': 0, 'warm_start': False}",0.9877631664276123
Coffee,10,20,10,3,LinearSVC,Time_Warping,2,"{'sigma': 0.2, 'knot': 3}",0.6433333333333333,0.6237874779541447,"{'C': np.float64(1000.0), 'class_weight': 'balanced', 'dual': False, 'fit_intercept': True, 'intercept_scaling': 1, 'loss': 'squared_hinge', 'max_iter': 100, 'multi_class': 'ovr', 'penalty': 'l2', 'random_state': 42, 'tol': 0.001, 'verbose': 0}",0.028583526611328125
Coffee,10,20,10,3,LogisticRegression,Time_Warping,2,"{'sigma': 0.2, 'knot': 3}",0.645,0.6237864304469299,"{'C': np.float64(33.59818286283781), 'class_weight': 'balanced', 'dual': False, 'fit_intercept': True, 'intercept_scaling': 1, 'l1_ratio': None, 'max_iter': 100, 'multi_class': 'deprecated', 'n_jobs': None, 'penalty': 'l2', 'random_state': 42, 'solver': 'saga', 'tol': 0.0001, 'verbose': 0, 'warm_start': False}",0.06871604919433594
Coffee,10,20,10,3,KNN,Time_Warping,3,"{'sigma': 0.5, 'knot': 4}",0.81,0.8239359892102173,"{'algorithm': 'auto', 'leaf_size': 30, 'metric': 'euclidean', 'metric_params': None, 'n_jobs': None, 'n_neighbors': np.int64(9), 'p': 2, 'weights': 'distance'}",0.02785491943359375
Coffee,10,20,10,3,RandomForest,Time_Warping,3,"{'sigma': 0.5, 'knot': 4}",0.7683333333333333,0.7713484301246716,"{'bootstrap': True, 'ccp_alpha': 0.0, 'class_weight': None, 'criterion': 'gini', 'max_depth': None, 'max_features': 'sqrt', 'max_leaf_nodes': None, 'max_samples': None, 'min_impurity_decrease': 0.0, 'min_samples_leaf': 4, 'min_samples_split': 10, 'min_weight_fraction_leaf': 0.0, 'monotonic_cst': None, 'n_estimators': 50, 'n_jobs': None, 'oob_score': False, 'random_state': 42, 'verbose': 0, 'warm_start': False}",1.1853229999542236
Coffee,10,20,10,3,LinearSVC,Time_Warping,3,"{'sigma': 0.5, 'knot': 4}",0.645,0.6239052649713334,"{'C': np.float64(2.6366508987303554), 'class_weight': 'balanced', 'dual': False, 'fit_intercept': True, 'intercept_scaling': 1, 'loss': 'squared_hinge', 'max_iter': 100, 'multi_class': 'ovr', 'penalty': 'l1', 'random_state': 42, 'tol': 0.0001, 'verbose': 0}",0.06147265434265137
Coffee,10,20,10,3,LogisticRegression,Time_Warping,3,"{'sigma': 0.5, 'knot': 4}",0.645,0.6237864304469299,"{'C': np.float64(33.59818286283781), 'class_weight': 'balanced', 'dual': False, 'fit_intercept': True, 'intercept_scaling': 1, 'l1_ratio': None, 'max_iter': 100, 'multi_class': 'deprecated', 'n_jobs': None, 'penalty': 'l2', 'random_state': 42, 'solver': 'saga', 'tol': 0.0001, 'verbose': 0, 'warm_start': False}",0.08224892616271973
Coffee,10,20,10,3,KNN,Time_Warping,4,"{'sigma': 0.05, 'knot': 8}",0.81,0.824099819363837,"{'algorithm': 'auto', 'leaf_size': 30, 'metric': 'euclidean', 'metric_params': None, 'n_jobs': None, 'n_neighbors': np.int64(9), 'p': 2, 'weights': 'distance'}",0.02717733383178711
Coffee,10,20,10,3,RandomForest,Time_Warping,4,"{'sigma': 0.05, 'knot': 8}",0.8466666666666667,0.8535558675775428,"{'bootstrap': True, 'ccp_alpha': 0.0, 'class_weight': 'balanced', 'criterion': 'gini', 'max_depth': None, 'max_features': 'sqrt', 'max_leaf_nodes': None, 'max_samples': None, 'min_impurity_decrease': 0.0, 'min_samples_leaf': 1, 'min_samples_split': 2, 'min_weight_fraction_leaf': 0.0, 'monotonic_cst': None, 'n_estimators': 50, 'n_jobs': None, 'oob_score': False, 'random_state': 42, 'verbose': 0, 'warm_start': False}",1.0249063968658447
Coffee,10,20,10,3,LinearSVC,Time_Warping,4,"{'sigma': 0.05, 'knot': 8}",0.6266666666666667,0.6288426433004746,"{'C': np.float64(0.4832930238571752), 'class_weight': 'balanced', 'dual': False, 'fit_intercept': True, 'intercept_scaling': 1, 'loss': 'squared_hinge', 'max_iter': 100, 'multi_class': 'ovr', 'penalty': 'l2', 'random_state': 42, 'tol': 0.0001, 'verbose': 0}",0.03881955146789551
Coffee,10,20,10,3,LogisticRegression,Time_Warping,4,"{'sigma': 0.05, 'knot': 8}",0.6783333333333333,0.6954853793306082,"{'C': np.float64(33.59818286283781), 'class_weight': 'balanced', 'dual': False, 'fit_intercept': True, 'intercept_scaling': 1, 'l1_ratio': None, 'max_iter': 100, 'multi_class': 'deprecated', 'n_jobs': None, 'penalty': 'l2', 'random_state': 42, 'solver': 'saga', 'tol': 0.0001, 'verbose': 0, 'warm_start': False}",0.09597969055175781
Coffee,10,20,10,3,KNN,Time_Warping,5,"{'sigma': 0.1, 'knot': 4}",0.81,0.824099819363837,"{'algorithm': 'auto', 'leaf_size': 30, 'metric': 'minkowski', 'metric_params': None, 'n_jobs': None, 'n_neighbors': np.int64(13), 'p': 4, 'weights': 'distance'}",0.10434460639953613
Coffee,10,20,10,3,RandomForest,Time_Warping,5,"{'sigma': 0.1, 'knot': 4}",0.8283333333333334,0.8288219884791898,"{'bootstrap': True, 'ccp_alpha': 0.0, 'class_weight': None, 'criterion': 'gini', 'max_depth': None, 'max_features': 'sqrt', 'max_leaf_nodes': None, 'max_samples': None, 'min_impurity_decrease': 0.0, 'min_samples_leaf': 4, 'min_samples_split': 10, 'min_weight_fraction_leaf': 0.0, 'monotonic_cst': None, 'n_estimators': 50, 'n_jobs': None, 'oob_score': False, 'random_state': 42, 'verbose': 0, 'warm_start': False}",1.014378547668457
Coffee,10,20,10,3,LinearSVC,Time_Warping,5,"{'sigma': 0.1, 'knot': 4}",0.6483333333333333,0.6285780068363354,"{'C': np.float64(2.6366508987303554), 'class_weight': 'balanced', 'dual': False, 'fit_intercept': True, 'intercept_scaling': 1, 'loss': 'squared_hinge', 'max_iter': 100, 'multi_class': 'ovr', 'penalty': 'l1', 'random_state': 42, 'tol': 0.0001, 'verbose': 0}",0.08507752418518066
Coffee,10,20,10,3,LogisticRegression,Time_Warping,5,"{'sigma': 0.1, 'knot': 4}",0.6566666666666666,0.6351607121692571,"{'C': np.float64(33.59818286283781), 'class_weight': 'balanced', 'dual': False, 'fit_intercept': True, 'intercept_scaling': 1, 'l1_ratio': None, 'max_iter': 100, 'multi_class': 'deprecated', 'n_jobs': None, 'penalty': 'l2', 'random_state': 42, 'solver': 'saga', 'tol': 0.0001, 'verbose': 0, 'warm_start': False}",0.08709907531738281
Coffee,10,20,10,3,KNN,Time_Warping,6,"{'sigma': 0.3, 'knot': 6}",0.815,0.8297675897554203,"{'algorithm': 'auto', 'leaf_size': 30, 'metric': 'euclidean', 'metric_params': None, 'n_jobs': None, 'n_neighbors': np.int64(9), 'p': 2, 'weights': 'distance'}",0.03303837776184082
Coffee,10,20,10,3,RandomForest,Time_Warping,6,"{'sigma': 0.3, 'knot': 6}",0.8,0.8066218870001376,"{'bootstrap': True, 'ccp_alpha': 0.0, 'class_weight': None, 'criterion': 'gini', 'max_depth': 30, 'max_features': 'sqrt', 'max_leaf_nodes': None, 'max_samples': None, 'min_impurity_decrease': 0.0, 'min_samples_leaf': 1, 'min_samples_split': 20, 'min_weight_fraction_leaf': 0.0, 'monotonic_cst': None, 'n_estimators': 50, 'n_jobs': None, 'oob_score': False, 'random_state': 42, 'verbose': 0, 'warm_start': False}",1.02231764793396
Coffee,10,20,10,3,LinearSVC,Time_Warping,6,"{'sigma': 0.3, 'knot': 6}",0.5316666666666666,0.5185853136299954,"{'C': np.float64(0.08858667904100823), 'class_weight': None, 'dual': False, 'fit_intercept': False, 'intercept_scaling': 1, 'loss': 'squared_hinge', 'max_iter': 100, 'multi_class': 'ovr', 'penalty': 'l1', 'random_state': 42, 'tol': 0.0001, 'verbose': 0}",0.03633594512939453
Coffee,10,20,10,3,LogisticRegression,Time_Warping,6,"{'sigma': 0.3, 'knot': 6}",0.65,0.6278671687778158,"{'C': np.float64(2.6366508987303554), 'class_weight': 'balanced', 'dual': False, 'fit_intercept': True, 'intercept_scaling': 1, 'l1_ratio': None, 'max_iter': 100, 'multi_class': 'deprecated', 'n_jobs': None, 'penalty': 'l1', 'random_state': 42, 'solver': 'saga', 'tol': 0.0001, 'verbose': 0, 'warm_start': False}",0.4526326656341553
Coffee,10,20,10,3,KNN,Time_Warping,7,"{'sigma': 0.05, 'knot': 6}",0.8083333333333333,0.8227936432311854,"{'algorithm': 'auto', 'leaf_size': 30, 'metric': 'euclidean', 'metric_params': None, 'n_jobs': None, 'n_neighbors': np.int64(9), 'p': 2, 'weights': 'distance'}",0.024199724197387695
Coffee,10,20,10,3,RandomForest,Time_Warping,7,"{'sigma': 0.05, 'knot': 6}",0.8333333333333334,0.842252447751169,"{'bootstrap': True, 'ccp_alpha': 0.0, 'class_weight': 'balanced', 'criterion': 'gini', 'max_depth': 30, 'max_features': 'sqrt', 'max_leaf_nodes': None, 'max_samples': None, 'min_impurity_decrease': 0.0, 'min_samples_leaf': 1, 'min_samples_split': 2, 'min_weight_fraction_leaf': 0.0, 'monotonic_cst': None, 'n_estimators': 150, 'n_jobs': None, 'oob_score': False, 'random_state': 42, 'verbose': 0, 'warm_start': False}",3.2490341663360596
Coffee,10,20,10,3,LinearSVC,Time_Warping,7,"{'sigma': 0.05, 'knot': 6}",0.6466666666666666,0.648670746388443,"{'C': np.float64(0.4832930238571752), 'class_weight': 'balanced', 'dual': False, 'fit_intercept': True, 'intercept_scaling': 1, 'loss': 'squared_hinge', 'max_iter': 100, 'multi_class': 'ovr', 'penalty': 'l2', 'random_state': 42, 'tol': 0.0001, 'verbose': 0}",0.053531646728515625
Coffee,10,20,10,3,LogisticRegression,Time_Warping,7,"{'sigma': 0.05, 'knot': 6}",0.7,0.7159506917741894,"{'C': np.float64(33.59818286283781), 'class_weight': 'balanced', 'dual': False, 'fit_intercept': True, 'intercept_scaling': 1, 'l1_ratio': None, 'max_iter': 100, 'multi_class': 'deprecated', 'n_jobs': None, 'penalty': 'l2', 'random_state': 42, 'solver': 'saga', 'tol': 0.0001, 'verbose': 0, 'warm_start': False}",0.11217927932739258
Coffee,10,20,10,3,KNN,Time_Warping,8,"{'sigma': 0.3, 'knot': 6}",0.8116666666666666,0.8259838503129976,"{'algorithm': 'auto', 'leaf_size': 30, 'metric': 'euclidean', 'metric_params': None, 'n_jobs': None, 'n_neighbors': np.int64(9), 'p': 2, 'weights': 'distance'}",0.03337597846984863
Coffee,10,20,10,3,RandomForest,Time_Warping,8,"{'sigma': 0.3, 'knot': 6}",0.8116666666666666,0.8143221623320996,"{'bootstrap': True, 'ccp_alpha': 0.0, 'class_weight': None, 'criterion': 'gini', 'max_depth': None, 'max_features': 'sqrt', 'max_leaf_nodes': None, 'max_samples': None, 'min_impurity_decrease': 0.0, 'min_samples_leaf': 4, 'min_samples_split': 10, 'min_weight_fraction_leaf': 0.0, 'monotonic_cst': None, 'n_estimators': 50, 'n_jobs': None, 'oob_score': False, 'random_state': 42, 'verbose': 0, 'warm_start': False}",1.052926778793335
Coffee,10,20,10,3,LinearSVC,Time_Warping,8,"{'sigma': 0.3, 'knot': 6}",0.635,0.6194286112415807,"{'C': np.float64(183.29807108324337), 'class_weight': 'balanced', 'dual': False, 'fit_intercept': True, 'intercept_scaling': 1, 'loss': 'squared_hinge', 'max_iter': 100, 'multi_class': 'ovr', 'penalty': 'l1', 'random_state': 42, 'tol': 0.0001, 'verbose': 0}",0.05672717094421387
Coffee,10,20,10,3,LogisticRegression,Time_Warping,8,"{'sigma': 0.3, 'knot': 6}",0.6516666666666666,0.6320279576523795,"{'C': np.float64(2.6366508987303554), 'class_weight': 'balanced', 'dual': False, 'fit_intercept': True, 'intercept_scaling': 1, 'l1_ratio': None, 'max_iter': 100, 'multi_class': 'deprecated', 'n_jobs': None, 'penalty': 'l1', 'random_state': 42, 'solver': 'saga', 'tol': 0.0001, 'verbose': 0, 'warm_start': False}",0.45334744453430176
Coffee,10,20,10,3,KNN,Time_Warping,9,"{'sigma': 0.1, 'knot': 6}",0.8083333333333333,0.8225266023301928,"{'algorithm': 'auto', 'leaf_size': 30, 'metric': 'euclidean', 'metric_params': None, 'n_jobs': None, 'n_neighbors': np.int64(9), 'p': 2, 'weights': 'distance'}",0.027024507522583008
Coffee,10,20,10,3,RandomForest,Time_Warping,9,"{'sigma': 0.1, 'knot': 6}",0.8283333333333334,0.8338603604402283,"{'bootstrap': True, 'ccp_alpha': 0.0, 'class_weight': None, 'criterion': 'gini', 'max_depth': None, 'max_features': 'sqrt', 'max_leaf_nodes': None, 'max_samples': None, 'min_impurity_decrease': 0.0, 'min_samples_leaf': 4, 'min_samples_split': 10, 'min_weight_fraction_leaf': 0.0, 'monotonic_cst': None, 'n_estimators': 50, 'n_jobs': None, 'oob_score': False, 'random_state': 42, 'verbose': 0, 'warm_start': False}",0.9734184741973877
Coffee,10,20,10,3,LinearSVC,Time_Warping,9,"{'sigma': 0.1, 'knot': 6}",0.5833333333333334,0.5690621884983904,"{'C': np.float64(0.08858667904100823), 'class_weight': None, 'dual': False, 'fit_intercept': False, 'intercept_scaling': 1, 'loss': 'squared_hinge', 'max_iter': 100, 'multi_class': 'ovr', 'penalty': 'l1', 'random_state': 42, 'tol': 0.0001, 'verbose': 0}",0.08339190483093262
Coffee,10,20,10,3,LogisticRegression,Time_Warping,9,"{'sigma': 0.1, 'knot': 6}",0.645,0.6261568830141105,"{'C': np.float64(33.59818286283781), 'class_weight': 'balanced', 'dual': False, 'fit_intercept': True, 'intercept_scaling': 1, 'l1_ratio': None, 'max_iter': 100, 'multi_class': 'deprecated', 'n_jobs': None, 'penalty': 'l2', 'random_state': 42, 'solver': 'saga', 'tol': 0.0001, 'verbose': 0, 'warm_start': False}",0.07311415672302246
Coffee,10,20,10,3,KNN,Time_Warping,10,"{'sigma': 0.1, 'knot': 8}",0.8116666666666666,0.8259838503129976,"{'algorithm': 'auto', 'leaf_size': 30, 'metric': 'euclidean', 'metric_params': None, 'n_jobs': None, 'n_neighbors': np.int64(9), 'p': 2, 'weights': 'distance'}",0.025717735290527344
Coffee,10,20,10,3,RandomForest,Time_Warping,10,"{'sigma': 0.1, 'knot': 8}",0.8166666666666667,0.8237343813700126,"{'bootstrap': True, 'ccp_alpha': 0.0, 'class_weight': None, 'criterion': 'gini', 'max_depth': None, 'max_features': 'sqrt', 'max_leaf_nodes': None, 'max_samples': None, 'min_impurity_decrease': 0.0, 'min_samples_leaf': 4, 'min_samples_split': 10, 'min_weight_fraction_leaf': 0.0, 'monotonic_cst': None, 'n_estimators': 50, 'n_jobs': None, 'oob_score': False, 'random_state': 42, 'verbose': 0, 'warm_start': False}",1.087479829788208
Coffee,10,20,10,3,LinearSVC,Time_Warping,10,"{'sigma': 0.1, 'knot': 8}",0.65,0.6283819268618464,"{'C': np.float64(2.6366508987303554), 'class_weight': 'balanced', 'dual': False, 'fit_intercept': True, 'intercept_scaling': 1, 'loss': 'squared_hinge', 'max_iter': 100, 'multi_class': 'ovr', 'penalty': 'l1', 'random_state': 42, 'tol': 0.0001, 'verbose': 0}",0.09783220291137695
Coffee,10,20,10,3,LogisticRegression,Time_Warping,10,"{'sigma': 0.1, 'knot': 8}",0.66,0.6363556471765427,"{'C': np.float64(33.59818286283781), 'class_weight': 'balanced', 'dual': False, 'fit_intercept': True, 'intercept_scaling': 1, 'l1_ratio': None, 'max_iter': 100, 'multi_class': 'deprecated', 'n_jobs': None, 'penalty': 'l2', 'random_state': 42, 'solver': 'saga', 'tol': 0.0001, 'verbose': 0, 'warm_start': False}",0.06796407699584961
Coffee,10,20,10,5,KNN,Time_Warping,1,"{'sigma': 0.2, 'knot': 4}",0.8116666666666666,0.8259838503129976,"{'algorithm': 'auto', 'leaf_size': 30, 'metric': 'minkowski', 'metric_params': None, 'n_jobs': None, 'n_neighbors': np.int64(5), 'p': 3, 'weights': 'distance'}",0.13455700874328613
Coffee,10,20,10,5,RandomForest,Time_Warping,1,"{'sigma': 0.2, 'knot': 4}",0.8066666666666666,0.8114667027330118,"{'bootstrap': True, 'ccp_alpha': 0.0, 'class_weight': None, 'criterion': 'gini', 'max_depth': None, 'max_features': 'sqrt', 'max_leaf_nodes': None, 'max_samples': None, 'min_impurity_decrease': 0.0, 'min_samples_leaf': 4, 'min_samples_split': 10, 'min_weight_fraction_leaf': 0.0, 'monotonic_cst': None, 'n_estimators': 50, 'n_jobs': None, 'oob_score': False, 'random_state': 42, 'verbose': 0, 'warm_start': False}",1.913513422012329
Coffee,10,20,10,5,LinearSVC,Time_Warping,1,"{'sigma': 0.2, 'knot': 4}",0.6416666666666667,0.6210346161429637,"{'C': np.float64(0.4832930238571752), 'class_weight': 'balanced', 'dual': False, 'fit_intercept': True, 'intercept_scaling': 1, 'loss': 'squared_hinge', 'max_iter': 100, 'multi_class': 'ovr', 'penalty': 'l2', 'random_state': 42, 'tol': 0.0001, 'verbose': 0}",0.06090688705444336
Coffee,10,20,10,5,LogisticRegression,Time_Warping,1,"{'sigma': 0.2, 'knot': 4}",0.6466666666666666,0.6237019285632773,"{'C': np.float64(2.6366508987303554), 'class_weight': 'balanced', 'dual': False, 'fit_intercept': True, 'intercept_scaling': 1, 'l1_ratio': None, 'max_iter': 100, 'multi_class': 'deprecated', 'n_jobs': None, 'penalty': 'l1', 'random_state': 42, 'solver': 'saga', 'tol': 0.0001, 'verbose': 0, 'warm_start': False}",0.8023700714111328
Coffee,10,20,10,5,KNN,Time_Warping,2,"{'sigma': 0.2, 'knot': 3}",0.8066666666666666,0.8211614406380915,"{'algorithm': 'auto', 'leaf_size': 30, 'metric': 'minkowski', 'metric_params': None, 'n_jobs': None, 'n_neighbors': np.int64(5), 'p': 3, 'weights': 'distance'}",0.1503760814666748
Coffee,10,20,10,5,RandomForest,Time_Warping,2,"{'sigma': 0.2, 'knot': 3}",0.8,0.8082721956406167,"{'bootstrap': True, 'ccp_alpha': 0.0, 'class_weight': None, 'criterion': 'gini', 'max_depth': None, 'max_features': 'sqrt', 'max_leaf_nodes': None, 'max_samples': None, 'min_impurity_decrease': 0.0, 'min_samples_leaf': 4, 'min_samples_split': 2, 'min_weight_fraction_leaf': 0.0, 'monotonic_cst': None, 'n_estimators': 50, 'n_jobs': None, 'oob_score': False, 'random_state': 42, 'verbose': 0, 'warm_start': False}",1.8390276432037354
Coffee,10,20,10,5,LinearSVC,Time_Warping,2,"{'sigma': 0.2, 'knot': 3}",0.6433333333333333,0.6237874779541447,"{'C': np.float64(1000.0), 'class_weight': 'balanced', 'dual': False, 'fit_intercept': True, 'intercept_scaling': 1, 'loss': 'squared_hinge', 'max_iter': 100, 'multi_class': 'ovr', 'penalty': 'l2', 'random_state': 42, 'tol': 0.001, 'verbose': 0}",0.0426180362701416
Coffee,10,20,10,5,LogisticRegression,Time_Warping,2,"{'sigma': 0.2, 'knot': 3}",0.6433333333333333,0.5506091524792457,"{'C': np.float64(0.000545559478116852), 'class_weight': None, 'dual': False, 'fit_intercept': True, 'intercept_scaling': 1, 'l1_ratio': None, 'max_iter': 100, 'multi_class': 'deprecated', 'n_jobs': None, 'penalty': 'l2', 'random_state': 42, 'solver': 'saga', 'tol': 0.0001, 'verbose': 0, 'warm_start': False}",0.10152363777160645
Coffee,10,20,10,5,KNN,Time_Warping,3,"{'sigma': 0.5, 'knot': 4}",0.8083333333333333,0.8234831113925346,"{'algorithm': 'auto', 'leaf_size': 30, 'metric': 'minkowski', 'metric_params': None, 'n_jobs': None, 'n_neighbors': np.int64(5), 'p': 3, 'weights': 'distance'}",0.12845396995544434
Coffee,10,20,10,5,RandomForest,Time_Warping,3,"{'sigma': 0.5, 'knot': 4}",0.7566666666666667,0.762050269576924,"{'bootstrap': True, 'ccp_alpha': 0.0, 'class_weight': None, 'criterion': 'gini', 'max_depth': None, 'max_features': 'sqrt', 'max_leaf_nodes': None, 'max_samples': None, 'min_impurity_decrease': 0.0, 'min_samples_leaf': 4, 'min_samples_split': 2, 'min_weight_fraction_leaf': 0.0, 'monotonic_cst': None, 'n_estimators': 50, 'n_jobs': None, 'oob_score': False, 'random_state': 42, 'verbose': 0, 'warm_start': False}",1.9663770198822021
Coffee,10,20,10,5,LinearSVC,Time_Warping,3,"{'sigma': 0.5, 'knot': 4}",0.6183333333333333,0.6019065538728661,"{'C': np.float64(1000.0), 'class_weight': 'balanced', 'dual': False, 'fit_intercept': True, 'intercept_scaling': 1, 'loss': 'squared_hinge', 'max_iter': 100, 'multi_class': 'ovr', 'penalty': 'l2', 'random_state': 42, 'tol': 0.001, 'verbose': 0}",0.04532337188720703
Coffee,10,20,10,5,LogisticRegression,Time_Warping,3,"{'sigma': 0.5, 'knot': 4}",0.6183333333333333,0.5334274952919021,"{'C': np.float64(0.000545559478116852), 'class_weight': None, 'dual': False, 'fit_intercept': True, 'intercept_scaling': 1, 'l1_ratio': None, 'max_iter': 100, 'multi_class': 'deprecated', 'n_jobs': None, 'penalty': 'l2', 'random_state': 42, 'solver': 'saga', 'tol': 0.0001, 'verbose': 0, 'warm_start': False}",0.12203431129455566
Coffee,10,20,10,5,KNN,Time_Warping,4,"{'sigma': 0.05, 'knot': 8}",0.81,0.8243468154787283,"{'algorithm': 'auto', 'leaf_size': 30, 'metric': 'minkowski', 'metric_params': None, 'n_jobs': None, 'n_neighbors': np.int64(13), 'p': 4, 'weights': 'distance'}",0.09595680236816406
Coffee,10,20,10,5,RandomForest,Time_Warping,4,"{'sigma': 0.05, 'knot': 8}",0.78,0.7863151533639147,"{'bootstrap': True, 'ccp_alpha': 0.0, 'class_weight': None, 'criterion': 'gini', 'max_depth': None, 'max_features': 'sqrt', 'max_leaf_nodes': None, 'max_samples': None, 'min_impurity_decrease': 0.0, 'min_samples_leaf': 4, 'min_samples_split': 10, 'min_weight_fraction_leaf': 0.0, 'monotonic_cst': None, 'n_estimators': 50, 'n_jobs': None, 'oob_score': False, 'random_state': 42, 'verbose': 0, 'warm_start': False}",1.8544480800628662
Coffee,10,20,10,5,LinearSVC,Time_Warping,4,"{'sigma': 0.05, 'knot': 8}",0.6133333333333333,0.599108109424223,"{'C': np.float64(0.4832930238571752), 'class_weight': 'balanced', 'dual': False, 'fit_intercept': True, 'intercept_scaling': 1, 'loss': 'squared_hinge', 'max_iter': 100, 'multi_class': 'ovr', 'penalty': 'l2', 'random_state': 42, 'tol': 0.0001, 'verbose': 0}",0.08461618423461914
Coffee,10,20,10,5,LogisticRegression,Time_Warping,4,"{'sigma': 0.05, 'knot': 8}",0.695,0.7125705413725777,"{'C': np.float64(33.59818286283781), 'class_weight': 'balanced', 'dual': False, 'fit_intercept': True, 'intercept_scaling': 1, 'l1_ratio': None, 'max_iter': 100, 'multi_class': 'deprecated', 'n_jobs': None, 'penalty': 'l2', 'random_state': 42, 'solver': 'saga', 'tol': 0.0001, 'verbose': 0, 'warm_start': False}",0.1328122615814209
Coffee,10,20,10,5,KNN,Time_Warping,5,"{'sigma': 0.1, 'knot': 4}",0.8083333333333333,0.82295161745673,"{'algorithm': 'auto', 'leaf_size': 30, 'metric': 'minkowski', 'metric_params': None, 'n_jobs': None, 'n_neighbors': np.int64(5), 'p': 3, 'weights': 'distance'}",0.12295079231262207
Coffee,10,20,10,5,RandomForest,Time_Warping,5,"{'sigma': 0.1, 'knot': 4}",0.78,0.7836085762757468,"{'bootstrap': True, 'ccp_alpha': 0.0, 'class_weight': None, 'criterion': 'gini', 'max_depth': None, 'max_features': 'sqrt', 'max_leaf_nodes': None, 'max_samples': None, 'min_impurity_decrease': 0.0, 'min_samples_leaf': 4, 'min_samples_split': 2, 'min_weight_fraction_leaf': 0.0, 'monotonic_cst': None, 'n_estimators': 50, 'n_jobs': None, 'oob_score': False, 'random_state': 42, 'verbose': 0, 'warm_start': False}",1.7564373016357422
Coffee,10,20,10,5,LinearSVC,Time_Warping,5,"{'sigma': 0.1, 'knot': 4}",0.645,0.6255015553836,"{'C': np.float64(0.4832930238571752), 'class_weight': 'balanced', 'dual': False, 'fit_intercept': True, 'intercept_scaling': 1, 'loss': 'squared_hinge', 'max_iter': 100, 'multi_class': 'ovr', 'penalty': 'l2', 'random_state': 42, 'tol': 0.0001, 'verbose': 0}",0.06692886352539062
Coffee,10,20,10,5,LogisticRegression,Time_Warping,5,"{'sigma': 0.1, 'knot': 4}",0.6466666666666666,0.6252614396354818,"{'C': np.float64(2.6366508987303554), 'class_weight': 'balanced', 'dual': False, 'fit_intercept': True, 'intercept_scaling': 1, 'l1_ratio': None, 'max_iter': 100, 'multi_class': 'deprecated', 'n_jobs': None, 'penalty': 'l1', 'random_state': 42, 'solver': 'saga', 'tol': 0.0001, 'verbose': 0, 'warm_start': False}",0.8787000179290771
Coffee,10,20,10,5,KNN,Time_Warping,6,"{'sigma': 0.3, 'knot': 6}",0.8116666666666666,0.825568136021851,"{'algorithm': 'auto', 'leaf_size': 30, 'metric': 'euclidean', 'metric_params': None, 'n_jobs': None, 'n_neighbors': np.int64(15), 'p': 2, 'weights': 'distance'}",0.054212093353271484
Coffee,10,20,10,5,RandomForest,Time_Warping,6,"{'sigma': 0.3, 'knot': 6}",0.825,0.8319455650285925,"{'bootstrap': True, 'ccp_alpha': 0.0, 'class_weight': None, 'criterion': 'gini', 'max_depth': None, 'max_features': 'sqrt', 'max_leaf_nodes': None, 'max_samples': None, 'min_impurity_decrease': 0.0, 'min_samples_leaf': 4, 'min_samples_split': 10, 'min_weight_fraction_leaf': 0.0, 'monotonic_cst': None, 'n_estimators': 50, 'n_jobs': None, 'oob_score': False, 'random_state': 42, 'verbose': 0, 'warm_start': False}",1.8266992568969727
Coffee,10,20,10,5,LinearSVC,Time_Warping,6,"{'sigma': 0.3, 'knot': 6}",0.45,0.45071811767054176,"{'C': np.float64(0.08858667904100823), 'class_weight': None, 'dual': False, 'fit_intercept': False, 'intercept_scaling': 1, 'loss': 'squared_hinge', 'max_iter': 100, 'multi_class': 'ovr', 'penalty': 'l1', 'random_state': 42, 'tol': 0.0001, 'verbose': 0}",0.04877829551696777
Coffee,10,20,10,5,LogisticRegression,Time_Warping,6,"{'sigma': 0.3, 'knot': 6}",0.645,0.55169268618562,"{'C': np.float64(0.000545559478116852), 'class_weight': None, 'dual': False, 'fit_intercept': True, 'intercept_scaling': 1, 'l1_ratio': None, 'max_iter': 100, 'multi_class': 'deprecated', 'n_jobs': None, 'penalty': 'l2', 'random_state': 42, 'solver': 'saga', 'tol': 0.0001, 'verbose': 0, 'warm_start': False}",0.10643672943115234
Coffee,10,20,10,5,KNN,Time_Warping,7,"{'sigma': 0.05, 'knot': 6}",0.8133333333333334,0.8279447913146644,"{'algorithm': 'auto', 'leaf_size': 30, 'metric': 'minkowski', 'metric_params': None, 'n_jobs': None, 'n_neighbors': np.int64(5), 'p': 3, 'weights': 'distance'}",0.08044886589050293
Coffee,10,20,10,5,RandomForest,Time_Warping,7,"{'sigma': 0.05, 'knot': 6}",0.7883333333333333,0.7953715528902586,"{'bootstrap': True, 'ccp_alpha': 0.0, 'class_weight': None, 'criterion': 'gini', 'max_depth': None, 'max_features': 'sqrt', 'max_leaf_nodes': None, 'max_samples': None, 'min_impurity_decrease': 0.0, 'min_samples_leaf': 4, 'min_samples_split': 10, 'min_weight_fraction_leaf': 0.0, 'monotonic_cst': None, 'n_estimators': 50, 'n_jobs': None, 'oob_score': False, 'random_state': 42, 'verbose': 0, 'warm_start': False}",1.6809837818145752
Coffee,10,20,10,5,LinearSVC,Time_Warping,7,"{'sigma': 0.05, 'knot': 6}",0.6416666666666667,0.6271299556454234,"{'C': np.float64(0.4832930238571752), 'class_weight': 'balanced', 'dual': False, 'fit_intercept': True, 'intercept_scaling': 1, 'loss': 'squared_hinge', 'max_iter': 100, 'multi_class': 'ovr', 'penalty': 'l2', 'random_state': 42, 'tol': 0.0001, 'verbose': 0}",0.06985330581665039
Coffee,10,20,10,5,LogisticRegression,Time_Warping,7,"{'sigma': 0.05, 'knot': 6}",0.715,0.7312144833244105,"{'C': np.float64(2.6366508987303554), 'class_weight': 'balanced', 'dual': False, 'fit_intercept': True, 'intercept_scaling': 1, 'l1_ratio': None, 'max_iter': 100, 'multi_class': 'deprecated', 'n_jobs': None, 'penalty': 'l1', 'random_state': 42, 'solver': 'saga', 'tol': 0.0001, 'verbose': 0, 'warm_start': False}",0.8539049625396729
Coffee,10,20,10,5,KNN,Time_Warping,8,"{'sigma': 0.3, 'knot': 6}",0.8066666666666666,0.8207488396427921,"{'algorithm': 'auto', 'leaf_size': 30, 'metric': 'euclidean', 'metric_params': None, 'n_jobs': None, 'n_neighbors': np.int64(15), 'p': 2, 'weights': 'distance'}",0.04996824264526367
Coffee,10,20,10,5,RandomForest,Time_Warping,8,"{'sigma': 0.3, 'knot': 6}",0.7683333333333333,0.7721015069426956,"{'bootstrap': True, 'ccp_alpha': 0.0, 'class_weight': None, 'criterion': 'gini', 'max_depth': None, 'max_features': 'sqrt', 'max_leaf_nodes': None, 'max_samples': None, 'min_impurity_decrease': 0.0, 'min_samples_leaf': 4, 'min_samples_split': 2, 'min_weight_fraction_leaf': 0.0, 'monotonic_cst': None, 'n_estimators': 50, 'n_jobs': None, 'oob_score': False, 'random_state': 42, 'verbose': 0, 'warm_start': False}",1.7644124031066895
Coffee,10,20,10,5,LinearSVC,Time_Warping,8,"{'sigma': 0.3, 'knot': 6}",0.6416666666666667,0.6210346161429637,"{'C': np.float64(0.4832930238571752), 'class_weight': 'balanced', 'dual': False, 'fit_intercept': True, 'intercept_scaling': 1, 'loss': 'squared_hinge', 'max_iter': 100, 'multi_class': 'ovr', 'penalty': 'l2', 'random_state': 42, 'tol': 0.0001, 'verbose': 0}",0.05212521553039551
Coffee,10,20,10,5,LogisticRegression,Time_Warping,8,"{'sigma': 0.3, 'knot': 6}",0.6466666666666666,0.6251461988304093,"{'C': np.float64(2.6366508987303554), 'class_weight': 'balanced', 'dual': False, 'fit_intercept': True, 'intercept_scaling': 1, 'l1_ratio': None, 'max_iter': 100, 'multi_class': 'deprecated', 'n_jobs': None, 'penalty': 'l1', 'random_state': 42, 'solver': 'saga', 'tol': 0.0001, 'verbose': 0, 'warm_start': False}",0.7942824363708496
Coffee,10,20,10,5,KNN,Time_Warping,9,"{'sigma': 0.1, 'knot': 6}",0.8083333333333333,0.82295161745673,"{'algorithm': 'auto', 'leaf_size': 30, 'metric': 'minkowski', 'metric_params': None, 'n_jobs': None, 'n_neighbors': np.int64(5), 'p': 3, 'weights': 'distance'}",0.10926628112792969
Coffee,10,20,10,5,RandomForest,Time_Warping,9,"{'sigma': 0.1, 'knot': 6}",0.815,0.8232736739855452,"{'bootstrap': True, 'ccp_alpha': 0.0, 'class_weight': None, 'criterion': 'gini', 'max_depth': None, 'max_features': 'sqrt', 'max_leaf_nodes': None, 'max_samples': None, 'min_impurity_decrease': 0.0, 'min_samples_leaf': 4, 'min_samples_split': 10, 'min_weight_fraction_leaf': 0.0, 'monotonic_cst': None, 'n_estimators': 50, 'n_jobs': None, 'oob_score': False, 'random_state': 42, 'verbose': 0, 'warm_start': False}",1.8768634796142578
Coffee,10,20,10,5,LinearSVC,Time_Warping,9,"{'sigma': 0.1, 'knot': 6}",0.645,0.6242622748918504,"{'C': np.float64(0.4832930238571752), 'class_weight': 'balanced', 'dual': False, 'fit_intercept': True, 'intercept_scaling': 1, 'loss': 'squared_hinge', 'max_iter': 100, 'multi_class': 'ovr', 'penalty': 'l2', 'random_state': 42, 'tol': 0.0001, 'verbose': 0}",0.06952071189880371
Coffee,10,20,10,5,LogisticRegression,Time_Warping,9,"{'sigma': 0.1, 'knot': 6}",0.6466666666666666,0.6255067826609412,"{'C': np.float64(2.6366508987303554), 'class_weight': 'balanced', 'dual': False, 'fit_intercept': True, 'intercept_scaling': 1, 'l1_ratio': None, 'max_iter': 100, 'multi_class': 'deprecated', 'n_jobs': None, 'penalty': 'l1', 'random_state': 42, 'solver': 'saga', 'tol': 0.0001, 'verbose': 0, 'warm_start': False}",0.794001579284668
Coffee,10,20,10,5,KNN,Time_Warping,10,"{'sigma': 0.1, 'knot': 8}",0.8033333333333333,0.818220480561745,"{'algorithm': 'auto', 'leaf_size': 30, 'metric': 'minkowski', 'metric_params': None, 'n_jobs': None, 'n_neighbors': np.int64(5), 'p': 3, 'weights': 'distance'}",0.09883570671081543
Coffee,10,20,10,5,RandomForest,Time_Warping,10,"{'sigma': 0.1, 'knot': 8}",0.7983333333333333,0.8062946927037425,"{'bootstrap': True, 'ccp_alpha': 0.0, 'class_weight': None, 'criterion': 'gini', 'max_depth': None, 'max_features': 'sqrt', 'max_leaf_nodes': None, 'max_samples': None, 'min_impurity_decrease': 0.0, 'min_samples_leaf': 4, 'min_samples_split': 10, 'min_weight_fraction_leaf': 0.0, 'monotonic_cst': None, 'n_estimators': 50, 'n_jobs': None, 'oob_score': False, 'random_state': 42, 'verbose': 0, 'warm_start': False}",1.8637301921844482
Coffee,10,20,10,5,LinearSVC,Time_Warping,10,"{'sigma': 0.1, 'knot': 8}",0.655,0.6330437850508842,"{'C': np.float64(0.4832930238571752), 'class_weight': 'balanced', 'dual': False, 'fit_intercept': True, 'intercept_scaling': 1, 'loss': 'squared_hinge', 'max_iter': 100, 'multi_class': 'ovr', 'penalty': 'l2', 'random_state': 42, 'tol': 0.0001, 'verbose': 0}",0.05666708946228027
Coffee,10,20,10,5,LogisticRegression,Time_Warping,10,"{'sigma': 0.1, 'knot': 8}",0.6466666666666666,0.6255067826609412,"{'C': np.float64(33.59818286283781), 'class_weight': 'balanced', 'dual': False, 'fit_intercept': True, 'intercept_scaling': 1, 'l1_ratio': None, 'max_iter': 100, 'multi_class': 'deprecated', 'n_jobs': None, 'penalty': 'l2', 'random_state': 42, 'solver': 'saga', 'tol': 0.0001, 'verbose': 0, 'warm_start': False}",0.12603974342346191
Coffee,10,20,10,10,KNN,Time_Warping,1,"{'sigma': 0.2, 'knot': 4}",0.8,0.8147691616794552,"{'algorithm': 'auto', 'leaf_size': 30, 'metric': 'minkowski', 'metric_params': None, 'n_jobs': None, 'n_neighbors': 5, 'p': 2, 'weights': 'uniform'}",0.10754847526550293
Coffee,10,20,10,10,RandomForest,Time_Warping,1,"{'sigma': 0.2, 'knot': 4}",0.7883333333333333,0.7953715528902586,"{'bootstrap': True, 'ccp_alpha': 0.0, 'class_weight': None, 'criterion': 'gini', 'max_depth': None, 'max_features': 'sqrt', 'max_leaf_nodes': None, 'max_samples': None, 'min_impurity_decrease': 0.0, 'min_samples_leaf': 1, 'min_samples_split': 2, 'min_weight_fraction_leaf': 0.0, 'monotonic_cst': None, 'n_estimators': 100, 'n_jobs': None, 'oob_score': False, 'random_state': 42, 'verbose': 0, 'warm_start': False}",8.39311957359314
Coffee,10,20,10,10,LinearSVC,Time_Warping,1,"{'sigma': 0.2, 'knot': 4}",0.6333333333333333,0.6142423578593792,"{'C': 1.0, 'class_weight': None, 'dual': False, 'fit_intercept': True, 'intercept_scaling': 1, 'loss': 'squared_hinge', 'max_iter': 100, 'multi_class': 'ovr', 'penalty': 'l2', 'random_state': 42, 'tol': 0.0001, 'verbose': 0}",0.10871291160583496
Coffee,10,20,10,10,LogisticRegression,Time_Warping,1,"{'sigma': 0.2, 'knot': 4}",0.6316666666666667,0.612696028950617,"{'C': 1.0, 'class_weight': None, 'dual': False, 'fit_intercept': True, 'intercept_scaling': 1, 'l1_ratio': None, 'max_iter': 100, 'multi_class': 'deprecated', 'n_jobs': None, 'penalty': 'l2', 'random_state': 42, 'solver': 'lbfgs', 'tol': 0.0001, 'verbose': 0, 'warm_start': False}",0.3721139430999756
Coffee,10,20,10,10,KNN,Time_Warping,2,"{'sigma': 0.2, 'knot': 3}",0.805,0.8191769491393502,"{'algorithm': 'auto', 'leaf_size': 30, 'metric': 'minkowski', 'metric_params': None, 'n_jobs': None, 'n_neighbors': 5, 'p': 2, 'weights': 'uniform'}",0.11841392517089844
Coffee,10,20,10,10,RandomForest,Time_Warping,2,"{'sigma': 0.2, 'knot': 3}",0.7583333333333333,0.7642179340850118,"{'bootstrap': True, 'ccp_alpha': 0.0, 'class_weight': None, 'criterion': 'gini', 'max_depth': None, 'max_features': 'sqrt', 'max_leaf_nodes': None, 'max_samples': None, 'min_impurity_decrease': 0.0, 'min_samples_leaf': 1, 'min_samples_split': 2, 'min_weight_fraction_leaf': 0.0, 'monotonic_cst': None, 'n_estimators': 100, 'n_jobs': None, 'oob_score': False, 'random_state': 42, 'verbose': 0, 'warm_start': False}",9.740226984024048
Coffee,10,20,10,10,LinearSVC,Time_Warping,2,"{'sigma': 0.2, 'knot': 3}",0.6366666666666667,0.6172584800225068,"{'C': 1.0, 'class_weight': None, 'dual': False, 'fit_intercept': True, 'intercept_scaling': 1, 'loss': 'squared_hinge', 'max_iter': 100, 'multi_class': 'ovr', 'penalty': 'l2', 'random_state': 42, 'tol': 0.0001, 'verbose': 0}",0.1195685863494873
Coffee,10,20,10,10,LogisticRegression,Time_Warping,2,"{'sigma': 0.2, 'knot': 3}",0.6316666666666667,0.612696028950617,"{'C': 1.0, 'class_weight': None, 'dual': False, 'fit_intercept': True, 'intercept_scaling': 1, 'l1_ratio': None, 'max_iter': 100, 'multi_class': 'deprecated', 'n_jobs': None, 'penalty': 'l2', 'random_state': 42, 'solver': 'lbfgs', 'tol': 0.0001, 'verbose': 0, 'warm_start': False}",0.30086827278137207
Coffee,10,20,10,10,KNN,Time_Warping,3,"{'sigma': 0.5, 'knot': 4}",0.8116666666666666,0.8265812964361758,"{'algorithm': 'auto', 'leaf_size': 30, 'metric': 'minkowski', 'metric_params': None, 'n_jobs': None, 'n_neighbors': 5, 'p': 2, 'weights': 'uniform'}",0.1151876449584961
Coffee,10,20,10,10,RandomForest,Time_Warping,3,"{'sigma': 0.5, 'knot': 4}",0.7766666666666666,0.7840736758954204,"{'bootstrap': True, 'ccp_alpha': 0.0, 'class_weight': None, 'criterion': 'gini', 'max_depth': None, 'max_features': 'sqrt', 'max_leaf_nodes': None, 'max_samples': None, 'min_impurity_decrease': 0.0, 'min_samples_leaf': 1, 'min_samples_split': 2, 'min_weight_fraction_leaf': 0.0, 'monotonic_cst': None, 'n_estimators': 100, 'n_jobs': None, 'oob_score': False, 'random_state': 42, 'verbose': 0, 'warm_start': False}",8.994546175003052
Coffee,10,20,10,10,LinearSVC,Time_Warping,3,"{'sigma': 0.5, 'knot': 4}",0.6216666666666667,0.604706200753478,"{'C': 1.0, 'class_weight': None, 'dual': False, 'fit_intercept': True, 'intercept_scaling': 1, 'loss': 'squared_hinge', 'max_iter': 100, 'multi_class': 'ovr', 'penalty': 'l2', 'random_state': 42, 'tol': 0.0001, 'verbose': 0}",0.0996544361114502
Coffee,10,20,10,10,LogisticRegression,Time_Warping,3,"{'sigma': 0.5, 'knot': 4}",0.6316666666666667,0.612696028950617,"{'C': 1.0, 'class_weight': None, 'dual': False, 'fit_intercept': True, 'intercept_scaling': 1, 'l1_ratio': None, 'max_iter': 100, 'multi_class': 'deprecated', 'n_jobs': None, 'penalty': 'l2', 'random_state': 42, 'solver': 'lbfgs', 'tol': 0.0001, 'verbose': 0, 'warm_start': False}",0.12536048889160156
Coffee,10,20,10,10,KNN,Time_Warping,4,"{'sigma': 0.05, 'knot': 8}",0.8166666666666667,0.8315427671506006,"{'algorithm': 'auto', 'leaf_size': 30, 'metric': 'minkowski', 'metric_params': None, 'n_jobs': None, 'n_neighbors': 5, 'p': 2, 'weights': 'uniform'}",0.09113168716430664
Coffee,10,20,10,10,RandomForest,Time_Warping,4,"{'sigma': 0.05, 'knot': 8}",0.795,0.8059558345836474,"{'bootstrap': True, 'ccp_alpha': 0.0, 'class_weight': None, 'criterion': 'gini', 'max_depth': None, 'max_features': 'sqrt', 'max_leaf_nodes': None, 'max_samples': None, 'min_impurity_decrease': 0.0, 'min_samples_leaf': 1, 'min_samples_split': 2, 'min_weight_fraction_leaf': 0.0, 'monotonic_cst': None, 'n_estimators': 100, 'n_jobs': None, 'oob_score': False, 'random_state': 42, 'verbose': 0, 'warm_start': False}",7.787074327468872
Coffee,10,20,10,10,LinearSVC,Time_Warping,4,"{'sigma': 0.05, 'knot': 8}",0.7916666666666666,0.7826052948931183,"{'C': 1.0, 'class_weight': None, 'dual': False, 'fit_intercept': True, 'intercept_scaling': 1, 'loss': 'squared_hinge', 'max_iter': 100, 'multi_class': 'ovr', 'penalty': 'l2', 'random_state': 42, 'tol': 0.0001, 'verbose': 0}",0.14275598526000977
Coffee,10,20,10,10,LogisticRegression,Time_Warping,4,"{'sigma': 0.05, 'knot': 8}",0.7383333333333333,0.7524369742698784,"{'C': 1.0, 'class_weight': None, 'dual': False, 'fit_intercept': True, 'intercept_scaling': 1, 'l1_ratio': None, 'max_iter': 100, 'multi_class': 'deprecated', 'n_jobs': None, 'penalty': 'l2', 'random_state': 42, 'solver': 'lbfgs', 'tol': 0.0001, 'verbose': 0, 'warm_start': False}",1.1820759773254395
Coffee,10,20,10,10,KNN,Time_Warping,5,"{'sigma': 0.1, 'knot': 4}",0.8066666666666666,0.8207488396427921,"{'algorithm': 'auto', 'leaf_size': 30, 'metric': 'minkowski', 'metric_params': None, 'n_jobs': None, 'n_neighbors': 5, 'p': 2, 'weights': 'uniform'}",0.09217190742492676
Coffee,10,20,10,10,RandomForest,Time_Warping,5,"{'sigma': 0.1, 'knot': 4}",0.8016666666666666,0.8112436244209039,"{'bootstrap': True, 'ccp_alpha': 0.0, 'class_weight': None, 'criterion': 'gini', 'max_depth': None, 'max_features': 'sqrt', 'max_leaf_nodes': None, 'max_samples': None, 'min_impurity_decrease': 0.0, 'min_samples_leaf': 1, 'min_samples_split': 2, 'min_weight_fraction_leaf': 0.0, 'monotonic_cst': None, 'n_estimators': 100, 'n_jobs': None, 'oob_score': False, 'random_state': 42, 'verbose': 0, 'warm_start': False}",8.415030717849731
Coffee,10,20,10,10,LinearSVC,Time_Warping,5,"{'sigma': 0.1, 'knot': 4}",0.6583333333333333,0.6378762403352567,"{'C': 1.0, 'class_weight': None, 'dual': False, 'fit_intercept': True, 'intercept_scaling': 1, 'loss': 'squared_hinge', 'max_iter': 100, 'multi_class': 'ovr', 'penalty': 'l2', 'random_state': 42, 'tol': 0.0001, 'verbose': 0}",0.12168741226196289
Coffee,10,20,10,10,LogisticRegression,Time_Warping,5,"{'sigma': 0.1, 'knot': 4}",0.6483333333333333,0.6268009147993024,"{'C': 1.0, 'class_weight': None, 'dual': False, 'fit_intercept': True, 'intercept_scaling': 1, 'l1_ratio': None, 'max_iter': 100, 'multi_class': 'deprecated', 'n_jobs': None, 'penalty': 'l2', 'random_state': 42, 'solver': 'lbfgs', 'tol': 0.0001, 'verbose': 0, 'warm_start': False}",0.36818408966064453
Coffee,10,20,10,10,KNN,Time_Warping,6,"{'sigma': 0.3, 'knot': 6}",0.8083333333333333,0.8225266023301928,"{'algorithm': 'auto', 'leaf_size': 30, 'metric': 'minkowski', 'metric_params': None, 'n_jobs': None, 'n_neighbors': 5, 'p': 2, 'weights': 'uniform'}",0.10291767120361328
Coffee,10,20,10,10,RandomForest,Time_Warping,6,"{'sigma': 0.3, 'knot': 6}",0.7766666666666666,0.787556913600456,"{'bootstrap': True, 'ccp_alpha': 0.0, 'class_weight': None, 'criterion': 'gini', 'max_depth': None, 'max_features': 'sqrt', 'max_leaf_nodes': None, 'max_samples': None, 'min_impurity_decrease': 0.0, 'min_samples_leaf': 1, 'min_samples_split': 2, 'min_weight_fraction_leaf': 0.0, 'monotonic_cst': None, 'n_estimators': 100, 'n_jobs': None, 'oob_score': False, 'random_state': 42, 'verbose': 0, 'warm_start': False}",8.83757209777832
Coffee,10,20,10,10,LinearSVC,Time_Warping,6,"{'sigma': 0.3, 'knot': 6}",0.6366666666666667,0.6173530615617847,"{'C': 1.0, 'class_weight': None, 'dual': False, 'fit_intercept': True, 'intercept_scaling': 1, 'loss': 'squared_hinge', 'max_iter': 100, 'multi_class': 'ovr', 'penalty': 'l2', 'random_state': 42, 'tol': 0.0001, 'verbose': 0}",0.10688996315002441
Coffee,10,20,10,10,LogisticRegression,Time_Warping,6,"{'sigma': 0.3, 'knot': 6}",0.6383333333333333,0.6184779275256299,"{'C': 1.0, 'class_weight': None, 'dual': False, 'fit_intercept': True, 'intercept_scaling': 1, 'l1_ratio': None, 'max_iter': 100, 'multi_class': 'deprecated', 'n_jobs': None, 'penalty': 'l2', 'random_state': 42, 'solver': 'lbfgs', 'tol': 0.0001, 'verbose': 0, 'warm_start': False}",0.2561461925506592
Coffee,10,20,10,10,KNN,Time_Warping,7,"{'sigma': 0.05, 'knot': 6}",0.8133333333333334,0.8283750150079987,"{'algorithm': 'auto', 'leaf_size': 30, 'metric': 'minkowski', 'metric_params': None, 'n_jobs': None, 'n_neighbors': 5, 'p': 2, 'weights': 'uniform'}",0.09111452102661133
Coffee,10,20,10,10,RandomForest,Time_Warping,7,"{'sigma': 0.05, 'knot': 6}",0.815,0.8267365514944206,"{'bootstrap': True, 'ccp_alpha': 0.0, 'class_weight': None, 'criterion': 'gini', 'max_depth': None, 'max_features': 'sqrt', 'max_leaf_nodes': None, 'max_samples': None, 'min_impurity_decrease': 0.0, 'min_samples_leaf': 1, 'min_samples_split': 2, 'min_weight_fraction_leaf': 0.0, 'monotonic_cst': None, 'n_estimators': 100, 'n_jobs': None, 'oob_score': False, 'random_state': 42, 'verbose': 0, 'warm_start': False}",7.485728025436401
Coffee,10,20,10,10,LinearSVC,Time_Warping,7,"{'sigma': 0.05, 'knot': 6}",0.7316666666666667,0.7032830682594443,"{'C': 1.0, 'class_weight': None, 'dual': False, 'fit_intercept': True, 'intercept_scaling': 1, 'loss': 'squared_hinge', 'max_iter': 100, 'multi_class': 'ovr', 'penalty': 'l2', 'random_state': 42, 'tol': 0.0001, 'verbose': 0}",0.12322378158569336
Coffee,10,20,10,10,LogisticRegression,Time_Warping,7,"{'sigma': 0.05, 'knot': 6}",0.7566666666666667,0.7699535241381489,"{'C': 1.0, 'class_weight': None, 'dual': False, 'fit_intercept': True, 'intercept_scaling': 1, 'l1_ratio': None, 'max_iter': 100, 'multi_class': 'deprecated', 'n_jobs': None, 'penalty': 'l2', 'random_state': 42, 'solver': 'lbfgs', 'tol': 0.0001, 'verbose': 0, 'warm_start': False}",0.6600534915924072
Coffee,10,20,10,10,KNN,Time_Warping,8,"{'sigma': 0.3, 'knot': 6}",0.805,0.8194386426059334,"{'algorithm': 'auto', 'leaf_size': 30, 'metric': 'minkowski', 'metric_params': None, 'n_jobs': None, 'n_neighbors': 5, 'p': 2, 'weights': 'uniform'}",0.10064172744750977
Coffee,10,20,10,10,RandomForest,Time_Warping,8,"{'sigma': 0.3, 'knot': 6}",0.77,0.780119058379928,"{'bootstrap': True, 'ccp_alpha': 0.0, 'class_weight': None, 'criterion': 'gini', 'max_depth': None, 'max_features': 'sqrt', 'max_leaf_nodes': None, 'max_samples': None, 'min_impurity_decrease': 0.0, 'min_samples_leaf': 1, 'min_samples_split': 2, 'min_weight_fraction_leaf': 0.0, 'monotonic_cst': None, 'n_estimators': 100, 'n_jobs': None, 'oob_score': False, 'random_state': 42, 'verbose': 0, 'warm_start': False}",8.933987140655518
Coffee,10,20,10,10,LinearSVC,Time_Warping,8,"{'sigma': 0.3, 'knot': 6}",0.6316666666666667,0.6126391382124952,"{'C': 1.0, 'class_weight': None, 'dual': False, 'fit_intercept': True, 'intercept_scaling': 1, 'loss': 'squared_hinge', 'max_iter': 100, 'multi_class': 'ovr', 'penalty': 'l2', 'random_state': 42, 'tol': 0.0001, 'verbose': 0}",0.10138869285583496
Coffee,10,20,10,10,LogisticRegression,Time_Warping,8,"{'sigma': 0.3, 'knot': 6}",0.6316666666666667,0.612696028950617,"{'C': 1.0, 'class_weight': None, 'dual': False, 'fit_intercept': True, 'intercept_scaling': 1, 'l1_ratio': None, 'max_iter': 100, 'multi_class': 'deprecated', 'n_jobs': None, 'penalty': 'l2', 'random_state': 42, 'solver': 'lbfgs', 'tol': 0.0001, 'verbose': 0, 'warm_start': False}",0.1685807704925537
Coffee,10,20,10,10,KNN,Time_Warping,9,"{'sigma': 0.1, 'knot': 6}",0.81,0.8251214891689317,"{'algorithm': 'auto', 'leaf_size': 30, 'metric': 'minkowski', 'metric_params': None, 'n_jobs': None, 'n_neighbors': 5, 'p': 2, 'weights': 'uniform'}",0.0950629711151123
Coffee,10,20,10,10,RandomForest,Time_Warping,9,"{'sigma': 0.1, 'knot': 6}",0.7866666666666666,0.797765728934396,"{'bootstrap': True, 'ccp_alpha': 0.0, 'class_weight': None, 'criterion': 'gini', 'max_depth': None, 'max_features': 'sqrt', 'max_leaf_nodes': None, 'max_samples': None, 'min_impurity_decrease': 0.0, 'min_samples_leaf': 1, 'min_samples_split': 2, 'min_weight_fraction_leaf': 0.0, 'monotonic_cst': None, 'n_estimators': 100, 'n_jobs': None, 'oob_score': False, 'random_state': 42, 'verbose': 0, 'warm_start': False}",7.9159417152404785
Coffee,10,20,10,10,LinearSVC,Time_Warping,9,"{'sigma': 0.1, 'knot': 6}",0.6666666666666666,0.6436920352052697,"{'C': 1.0, 'class_weight': None, 'dual': False, 'fit_intercept': True, 'intercept_scaling': 1, 'loss': 'squared_hinge', 'max_iter': 100, 'multi_class': 'ovr', 'penalty': 'l2', 'random_state': 42, 'tol': 0.0001, 'verbose': 0}",0.10178327560424805
Coffee,10,20,10,10,LogisticRegression,Time_Warping,9,"{'sigma': 0.1, 'knot': 6}",0.6533333333333333,0.6311472679822969,"{'C': 1.0, 'class_weight': None, 'dual': False, 'fit_intercept': True, 'intercept_scaling': 1, 'l1_ratio': None, 'max_iter': 100, 'multi_class': 'deprecated', 'n_jobs': None, 'penalty': 'l2', 'random_state': 42, 'solver': 'lbfgs', 'tol': 0.0001, 'verbose': 0, 'warm_start': False}",0.22929024696350098
Coffee,10,20,10,10,KNN,Time_Warping,10,"{'sigma': 0.1, 'knot': 8}",0.81,0.8245180528676964,"{'algorithm': 'auto', 'leaf_size': 30, 'metric': 'minkowski', 'metric_params': None, 'n_jobs': None, 'n_neighbors': 5, 'p': 2, 'weights': 'uniform'}",0.09111976623535156
Coffee,10,20,10,10,RandomForest,Time_Warping,10,"{'sigma': 0.1, 'knot': 8}",0.785,0.7977572299822938,"{'bootstrap': True, 'ccp_alpha': 0.0, 'class_weight': None, 'criterion': 'gini', 'max_depth': None, 'max_features': 'sqrt', 'max_leaf_nodes': None, 'max_samples': None, 'min_impurity_decrease': 0.0, 'min_samples_leaf': 1, 'min_samples_split': 2, 'min_weight_fraction_leaf': 0.0, 'monotonic_cst': None, 'n_estimators': 100, 'n_jobs': None, 'oob_score': False, 'random_state': 42, 'verbose': 0, 'warm_start': False}",7.903367519378662
Coffee,10,20,10,10,LinearSVC,Time_Warping,10,"{'sigma': 0.1, 'knot': 8}",0.6833333333333333,0.6585357654185355,"{'C': 1.0, 'class_weight': None, 'dual': False, 'fit_intercept': True, 'intercept_scaling': 1, 'loss': 'squared_hinge', 'max_iter': 100, 'multi_class': 'ovr', 'penalty': 'l2', 'random_state': 42, 'tol': 0.0001, 'verbose': 0}",0.11069703102111816
Coffee,10,20,10,10,LogisticRegression,Time_Warping,10,"{'sigma': 0.1, 'knot': 8}",0.655,0.6326845089953699,"{'C': 1.0, 'class_weight': None, 'dual': False, 'fit_intercept': True, 'intercept_scaling': 1, 'l1_ratio': None, 'max_iter': 100, 'multi_class': 'deprecated', 'n_jobs': None, 'penalty': 'l2', 'random_state': 42, 'solver': 'lbfgs', 'tol': 0.0001, 'verbose': 0, 'warm_start': False}",0.2905550003051758
