Time [s],TGS2620,TGS2602,TGS2603,TGS2610,TGS2611,TGS2600
1,0.0506678511,0.0046640092,0.0093057167,0.0098241434,0.0216327594,0.0376124961
2,0.0506264156,0.004672222,0.00931736,0.0098223426,0.0216254485,0.0376004897
3,0.050591942,0.0046803772,0.0093205534,0.0098217259,0.0216213546,0.0375930807
4,0.0505420228,0.0046889101,0.0093332705,0.0098153763,0.0216089514,0.0375676341
5,0.0504975887,0.0046987661,0.009335033,0.0098092816,0.0215991845,0.0375454265
6,0.0504496078,0.0047024033,0.0093457476,0.0098040372,0.021586262,0.0375217111
7,0.0503979213,0.0047101259,0.0093526519,0.0097978763,0.0215718915,0.0374958267
8,0.050345302,0.0047133151,0.0093561935,0.0097890473,0.0215549625,0.0374693836
9,0.0502938188,0.0047194524,0.0093666868,0.0097838549,0.0215437207,0.0374406561
10,0.0502535135,0.0047266942,0.0093786293,0.0097795823,0.0215330131,0.0374131664
11,0.0502145592,0.0047333256,0.0093833791,0.0097755117,0.0215215926,0.0373904785
12,0.0501770898,0.0047392322,0.0093930374,0.0097745964,0.0215172056,0.0373697159
13,0.050144238,0.0047470885,0.0094031396,0.0097720561,0.021511804,0.0373495122
14,0.0501039787,0.004753908,0.009412246,0.0097674465,0.0215027246,0.037322946
15,0.0500688441,0.0047616212,0.0094218441,0.0097651276,0.0214951401,0.0372979491
16,0.0500301769,0.0047658378,0.0094307741,0.0097604329,0.0214845238,0.0372661233
17,0.0499971331,0.0047728096,0.0094401759,0.0097562968,0.0214794225,0.0372441857
18,0.0499578706,0.0047803457,0.009447965,0.0097539875,0.0214715683,0.0372167797
19,0.0499278461,0.0047879455,0.0094564201,0.0097502007,0.0214637448,0.0371985182
20,0.049901032,0.0047926082,0.0094656435,0.0097492704,0.0214610968,0.0371747988
21,0.0498684163,0.0048004686,0.0094736406,0.0097468148,0.0214543176,0.03715436
22,0.0498348615,0.0048075806,0.0094818312,0.0097419956,0.0214490683,0.0371316942
23,0.049787915,0.0048122845,0.0094906718,0.0097383271,0.0214370903,0.0370693902
24,0.0497112091,0.0048097507,0.0094906755,0.0097203843,0.0214047818,0.0369996321
25,0.0497197668,0.0048212386,0.0095070188,0.0097232202,0.0214072582,0.0369936211
26,0.0496411907,0.0048208034,0.0095104574,0.0097068614,0.0213709409,0.0369433048
27,0.0495545215,0.0048132932,0.0095164762,0.0096908505,0.0213365097,0.0369115954
28,0.0495014738,0.0048112541,0.0095236562,0.0096796909,0.0213252766,0.0368874497
29,0.0495021552,0.0048156403,0.0095369651,0.0096792567,0.0213355899,0.0368784439
30,0.0495732567,0.0048186162,0.0095473093,0.0096824187,0.021374534,0.0368707386
31,0.0497007564,0.004824106,0.0095708722,0.009701754,0.0214524494,0.0368681966
32,0.0498455382,0.0048218296,0.0095946755,0.0097167414,0.0215114174,0.0368513664
33,0.0500674128,0.0048432146,0.0096548735,0.0097395585,0.0215845603,0.036846599
34,0.0503190807,0.0048847937,0.0097384436,0.0097768727,0.0216725636,0.0368427018
35,0.0506273106,0.0049338604,0.0098428425,0.0098195066,0.0217827686,0.0368251446
36,0.0509417579,0.0050042145,0.0099836527,0.0098755094,0.0218845823,0.0368292335
37,0.0513238298,0.0050898896,0.0101603702,0.0099332625,0.0219984981,0.0368156426
38,0.0519230823,0.0052115108,0.0104228346,0.0100119366,0.0221452349,0.0368079921
39,0.0523953212,0.0053298796,0.010675743,0.0100701762,0.0222479535,0.0368089693
40,0.0528190606,0.0054534062,0.0109474013,0.0101227056,0.0223354029,0.0368074651
41,0.0532679574,0.005576377,0.0112295292,0.0101789937,0.0224430154,0.0368063904
42,0.0538535539,0.0056926869,0.011555607,0.0102487218,0.0225769428,0.036798634
43,0.054276837,0.0057751369,0.0118037936,0.010289,0.0226620067,0.0367818605
44,0.0546473708,0.0058453455,0.0120323137,0.0103181871,0.0227283919,0.0367546263
45,0.0549862635,0.0059055349,0.012241519,0.0103442694,0.02279819,0.0367381786
46,0.0552737502,0.0059491086,0.0124265792,0.0103616262,0.0228560403,0.0367289182
47,0.0555174579,0.0060168606,0.0126531269,0.0103890334,0.0229022043,0.0367288117
48,0.055652423,0.0060860534,0.0128206477,0.0104031918,0.0229065982,0.0367446264
49,0.0557771935,0.0061490241,0.012981152,0.0104262436,0.0229285417,0.03675627
50,0.0559295946,0.0062168441,0.0131474063,0.0104503264,0.0229639263,0.0367414219
51,0.0560821407,0.0063198694,0.0133455473,0.0104778325,0.0229869137,0.0367261033
52,0.0562816409,0.0064546647,0.0135759426,0.01050416,0.0230163985,0.0367261332
53,0.0564948246,0.006548984,0.0137468919,0.0105249326,0.0230661712,0.0367344246
54,0.0567515577,0.0066276919,0.0139083726,0.010550071,0.0231313492,0.0367579551
55,0.057030285,0.0067356167,0.0140878421,0.0105824699,0.0231956825,0.0367760314
56,0.057331461,0.006856368,0.0142602888,0.0106121527,0.0232606924,0.0367519559
57,0.0577256014,0.0069606702,0.0144502035,0.010647837,0.0233649922,0.0367626341
58,0.0580444371,0.0070452369,0.0146302917,0.0106851928,0.0234488115,0.0367867508
59,0.0583203094,0.0071776804,0.0148381409,0.0107234527,0.0235039921,0.0368163568
60,0.0585458787,0.0073280022,0.0150419797,0.0107497167,0.023524928,0.036842013
61,0.0586905533,0.0074495713,0.0152573258,0.0107711969,0.0235102034,0.0368715928
62,0.0587522503,0.007524539,0.0154259855,0.0107805486,0.0234853857,0.0369063981
63,0.0587948343,0.0076060009,0.0155708115,0.0107825584,0.0234479862,0.0369433169
64,0.0588522419,0.0076660475,0.015685309,0.0107756728,0.0234236701,0.0369840488
65,0.0589407188,0.007709715,0.0157743379,0.010779513,0.0234148076,0.0370302253
66,0.059059978,0.0077519756,0.015880015,0.0107888894,0.0234143488,0.0370767271
67,0.0591347106,0.0077963545,0.0159604303,0.0108017087,0.0234143863,0.0371180102
68,0.0591566486,0.0078548227,0.0160690999,0.0108167501,0.0233990263,0.0371547502
69,0.0591189151,0.0079369319,0.0161844838,0.0108299058,0.0233841358,0.037198031
70,0.0590204476,0.0080175275,0.0162966802,0.0108327127,0.023350127,0.0372347949
71,0.0588486163,0.0081273169,0.0164354929,0.0108270282,0.0233075563,0.0372900818
72,0.0586674156,0.0082144193,0.0165357893,0.0108120726,0.0232563529,0.0373364767
73,0.0584727345,0.008305054,0.0166267926,0.0107982769,0.0232114385,0.0373873441
74,0.0582529302,0.0083861429,0.0167077811,0.0107737714,0.0231575668,0.0374354902
75,0.0580297145,0.0084662095,0.0167614728,0.010748987,0.0231029079,0.037486325
76,0.0577548979,0.0085536759,0.0168237095,0.0107180487,0.0230398132,0.0375411761
77,0.0575376307,0.0086219804,0.0168607137,0.0106941239,0.0229913087,0.0375882656
78,0.0573314719,0.008685006,0.0168998182,0.010672153,0.0229448308,0.0376451419
79,0.0571419168,0.0087448231,0.0169226965,0.010652492,0.02290514,0.03769651
80,0.056964821,0.0088065986,0.0169633287,0.0106362667,0.0228716915,0.037753415
81,0.0567617651,0.0088726977,0.0169901067,0.0106183571,0.0228341036,0.0378195211
82,0.0566015426,0.0089247822,0.0170175992,0.0106036359,0.0228042078,0.0378716051
83,0.0564517224,0.0089725776,0.0170339749,0.0105898088,0.0227766601,0.0379216966
84,0.0563138835,0.0090158683,0.0170487314,0.0105740225,0.02274704,0.0379718369
85,0.0561603771,0.0090602742,0.0170581813,0.0105601293,0.0227148322,0.0380279889
86,0.0560388853,0.0090934651,0.0170688262,0.010549232,0.0226918762,0.0380784743
87,0.0559309226,0.009120565,0.0170640263,0.0105405962,0.0226729159,0.0381283579
88,0.0558223228,0.0091382524,0.0170650099,0.0105303874,0.0226517234,0.0381769954
89,0.0557221181,0.0091527673,0.0170617499,0.0105188187,0.0226265176,0.0382189023
90,0.0556106644,0.0091644058,0.0170524411,0.0105059104,0.0226033217,0.0382714614
91,0.0555336836,0.0091728314,0.017034438,0.0104994912,0.0225920604,0.0383223902
92,0.0554515815,0.0091765712,0.0170299779,0.0104922993,0.0225737609,0.038365721
93,0.0553647997,0.009172435,0.0170123654,0.0104834238,0.0225542278,0.0384052054
94,0.0552837152,0.0091694739,0.0169959469,0.010472178,0.0225336737,0.0384410591
95,0.0551947803,0.0091652488,0.0169758721,0.0104647372,0.0225119154,0.0384838402
96,0.0551174916,0.0091589551,0.0169680014,0.0104566121,0.022491815,0.0385151234
97,0.0550413413,0.0091499027,0.0169478037,0.0104449164,0.0224696774,0.0385416565
98,0.0549724014,0.0091425929,0.0169296434,0.0104398429,0.0224544121,0.0385736543
99,0.0548880447,0.0091238856,0.0169023844,0.0104286351,0.0224314366,0.0386007153
100,0.0547705688,0.0091004914,0.0168581098,0.0104117935,0.0223992848,0.0386383162
101,0.054676432,0.009067472,0.0168029012,0.0103956752,0.0223770176,0.0386573311
102,0.0545826868,0.00904333,0.0167456479,0.0103877676,0.022362109,0.0386734481
103,0.0544734272,0.0090286773,0.0167119926,0.0103800937,0.0223442626,0.0386875477
104,0.0543092201,0.0090137997,0.0166581025,0.0103529226,0.0222725083,0.038704802
105,0.0541389391,0.0089520193,0.0165704478,0.0103138792,0.0221989495,0.0387174948
106,0.0539812274,0.0088474634,0.0164686578,0.0102839493,0.0221491114,0.0387246412
107,0.0538413671,0.0087341748,0.0163617858,0.0102649381,0.0221100036,0.0387271879
108,0.0536509936,0.0086182203,0.016244758,0.010235238,0.02203714,0.0387199197
109,0.0533685148,0.0084673414,0.0160663107,0.010183007,0.0219384949,0.0386927018
110,0.0531531054,0.0083383894,0.0159028502,0.0101496115,0.0218870079,0.0386761823
111,0.0529635409,0.0082075627,0.0157508264,0.0101229668,0.0218458845,0.0386541868
112,0.0527765243,0.0080710191,0.0155766114,0.0100969719,0.0218077304,0.0386208195
113,0.0526185838,0.0079255167,0.0154148402,0.0100771573,0.0217792236,0.0385886045
114,0.0524214309,0.0077516626,0.0152138803,0.0100510388,0.0217380505,0.0385458087
115,0.0522503816,0.0076204397,0.0150472692,0.0100257796,0.0216984502,0.0384919636
116,0.0521006718,0.0075036353,0.0148936369,0.0100039148,0.0216644578,0.0384372769
117,0.0519749611,0.0073929174,0.0147465886,0.0099872613,0.0216428078,0.0383856333
118,0.051861397,0.0072770707,0.014598574,0.0099751041,0.0216224274,0.0383316305
119,0.051747029,0.0071383082,0.0144224197,0.0099552312,0.021603963,0.0382702725
120,0.0516618417,0.0070274371,0.0142750566,0.0099387895,0.021586747,0.0382150951
121,0.0515849203,0.0069268872,0.0141369389,0.0099202705,0.0215661255,0.038161733
122,0.0515174949,0.0068223535,0.0139952108,0.0099078398,0.0215525995,0.0381122741
123,0.0514490333,0.0067148918,0.0138597529,0.0098932875,0.0215398086,0.0380578881
124,0.0513620858,0.0065930849,0.0136954199,0.00987739,0.0215192006,0.0379917435
125,0.051294292,0.0064983043,0.0135619595,0.0098652807,0.0215024512,0.0379357031
126,0.0512159845,0.0064162472,0.0134397707,0.0098496325,0.0214856597,0.0378752943
127,0.0511470486,0.0063451003,0.0133318579,0.0098445204,0.0214807497,0.0378242852
128,0.0510375643,0.0062605858,0.0132071873,0.0098331888,0.0214652717,0.0377638901
129,0.0509208281,0.006204535,0.0131095867,0.0098241082,0.0214459901,0.0377182678
130,0.0507889983,0.0061391318,0.0129995422,0.0097978631,0.0214094837,0.0376616181
131,0.0506663414,0.0060702112,0.0129030796,0.0097787683,0.0213797097,0.0376060736
132,0.0505644567,0.0059960515,0.012796024,0.0097579237,0.0213564128,0.037549914
133,0.0504739983,0.005922091,0.012682403,0.0097481104,0.0213439445,0.037501158
134,0.0504164959,0.0058667208,0.0125982777,0.0097373794,0.0213349966,0.0374656183
135,0.0503519978,0.0058160885,0.0125131089,0.0097314967,0.0213269229,0.0374260302
136,0.0502864001,0.0057681943,0.0124324943,0.0097194868,0.0213135865,0.0373822282
137,0.0502113021,0.0057288768,0.0123504905,0.0097080523,0.021287912,0.0373306401
138,0.0501253401,0.0056923811,0.0122749948,0.0096950675,0.0212536287,0.0372858155
139,0.0500299315,0.0056697092,0.012209332,0.0096787656,0.0212202009,0.0372352266
140,0.0499260809,0.0056543044,0.012150427,0.0096652938,0.021184892,0.0371866665
141,0.049827005,0.0056340212,0.0120818459,0.0096465553,0.0211497362,0.0371372185
142,0.0497291523,0.0056156871,0.0120197164,0.0096338698,0.0211192398,0.0370855917
143,0.049624738,0.0055907463,0.0119631562,0.0096178787,0.0210826537,0.037026709
144,0.0495476556,0.0055689733,0.0119131475,0.0096085376,0.021069088,0.0369856966
145,0.0494760681,0.0055497743,0.0118699297,0.0095998182,0.0210604525,0.0369429138
146,0.0494060669,0.0055301945,0.0118325033,0.0095928856,0.0210504598,0.0369011789
147,0.0493421671,0.0055096773,0.0117897829,0.0095891054,0.0210417015,0.0368574833
148,0.049265228,0.0054818149,0.0117394315,0.0095747094,0.0210207389,0.0367927236
149,0.0492256078,0.0054693084,0.0117054108,0.0095682805,0.0210145531,0.0367527372
150,0.0492258987,0.0054688894,0.011705575,0.0095673323,0.0210140559,0.0367532738
