Time [s],TGS2620,TGS2602,TGS2603,TGS2610,TGS2611,TGS2600
1,0.0549911314,0.0023909443,0.0113216891,0.0095769091,0.0210054044,0.0404105446
2,0.0550109929,0.0023948128,0.0113214856,0.009581202,0.0210119929,0.0403879189
3,0.055024502,0.0024026206,0.0113491377,0.0095883159,0.0210165627,0.0403704519
4,0.055039874,0.002405352,0.011347389,0.0095941533,0.0210175272,0.0403447629
5,0.0550598659,0.0024102392,0.0113641885,0.0096006649,0.0210186375,0.0403205522
6,0.0550610064,0.0024129881,0.0113646505,0.0096029065,0.0210236449,0.0402953436
7,0.0550352094,0.0024198361,0.0113748715,0.0096054565,0.0210244707,0.0402753925
8,0.0550000593,0.0024205395,0.0113793849,0.0096064669,0.0210280458,0.0402524607
9,0.0549725689,0.0024269171,0.0113792268,0.0096093979,0.0210290838,0.0402321175
10,0.0549555453,0.002431085,0.0113921545,0.0096120918,0.0210305613,0.0402107025
11,0.0549374381,0.0024407581,0.0113980338,0.0096203453,0.0210352762,0.0401907309
12,0.0549266081,0.0024425484,0.0114048197,0.0096237656,0.0210371904,0.0401678275
13,0.0549223248,0.0024454545,0.0114132722,0.0096292397,0.0210365965,0.0401466307
14,0.0549219341,0.0024505391,0.0114269526,0.0096279805,0.0210387014,0.0401237705
15,0.054933893,0.0024559873,0.0114293088,0.0096343416,0.0210379907,0.0401032292
16,0.0549550876,0.00245912,0.0114325864,0.0096338411,0.021045535,0.0400871328
17,0.0549741227,0.0024653357,0.0114411769,0.0096375631,0.0210444353,0.0400683151
18,0.054987242,0.0024645579,0.0114426054,0.0096336016,0.0210461985,0.0400481985
19,0.054999899,0.0024642923,0.0114423799,0.0096202302,0.0210472424,0.0400285229
20,0.0550107983,0.0024668747,0.0114358552,0.0096167921,0.0210524318,0.0400073329
21,0.0550681656,0.0024689169,0.0114425498,0.0096190447,0.0210764463,0.039990159
22,0.0550546453,0.0024737398,0.0114509394,0.0096203439,0.0210424832,0.0402532052
23,0.0550530369,0.0024796092,0.0114693544,0.0096233074,0.0210779716,0.0403290591
24,0.0550922075,0.0024831587,0.0114622164,0.0096261298,0.0210591715,0.0403219111
25,0.055001071,0.0024890738,0.0114771059,0.0096284546,0.0210790998,0.040307959
26,0.0549907714,0.002499351,0.0114906479,0.0096431687,0.0209953391,0.0402967879
27,0.0549967025,0.0025137244,0.0115184192,0.0096697743,0.0209284249,0.0402805431
28,0.0549757958,0.0025212569,0.0115443299,0.0096938486,0.021030651,0.0400825132
29,0.054990305,0.0025303402,0.0115628526,0.0097205543,0.0211110867,0.0400751982
30,0.0550450154,0.0025335207,0.0115903281,0.0097452971,0.0211615851,0.0400458055
31,0.0551298066,0.0025432367,0.0116418386,0.0097866938,0.0212515276,0.0400284452
32,0.055294374,0.0025475647,0.0116596719,0.0098055469,0.0213422489,0.0400102395
33,0.0554917961,0.0025550378,0.0116898362,0.0098272515,0.0214594732,0.0400050516
34,0.0556941325,0.0025595219,0.0117184172,0.0098490319,0.0215720061,0.039997177
35,0.0560432113,0.0025585904,0.0117372508,0.0098642316,0.021672012,0.0399880795
36,0.0564520053,0.0025683784,0.0117816274,0.0098894889,0.0217619014,0.0399765468
37,0.056957,0.0025881596,0.0118375285,0.0099230567,0.021860896,0.039969518
38,0.0574544214,0.0026116321,0.0118874372,0.0099453839,0.0219623776,0.0399493382
39,0.0579331736,0.0026436944,0.0119672419,0.0099850337,0.0220646348,0.0399402156
40,0.0584418277,0.002682683,0.0120594686,0.010017168,0.0221720586,0.0399266131
41,0.0588193604,0.0027380627,0.0121649132,0.0100527791,0.0222971963,0.0399129875
42,0.0591877173,0.0027963323,0.0122633028,0.0100852628,0.0223986222,0.0399004346
43,0.0595831059,0.0028474017,0.0123783427,0.0101307292,0.0225026078,0.0398880842
44,0.0599981324,0.0029051243,0.0125257151,0.0101906496,0.0226058827,0.0398791042
45,0.0605052424,0.002954075,0.0126316328,0.0102387696,0.0227030794,0.0398758591
46,0.0608282834,0.0030053852,0.01278529,0.0102915342,0.0227958302,0.039869339
47,0.0611268372,0.0030852998,0.0129377468,0.010358923,0.0228779573,0.0398654842
48,0.0614361469,0.003187074,0.0131360147,0.0104287601,0.0229584344,0.0398629534
49,0.0617044233,0.0033464202,0.0134231035,0.0105088719,0.0230286802,0.0398635306
50,0.0620455453,0.0034986756,0.0136927768,0.0105802535,0.0231217836,0.0398701025
51,0.0623934145,0.0036422444,0.0139796056,0.0106567818,0.0232239467,0.0398727428
52,0.0627332411,0.0037817536,0.0142848142,0.0107335478,0.023306416,0.0398817152
53,0.0630313774,0.003911717,0.0145958712,0.0108057616,0.0234002878,0.0398958166
54,0.0633390369,0.0040481058,0.014948148,0.0108677371,0.0235115323,0.039913802
55,0.0636113935,0.0041426561,0.0152370805,0.0109112992,0.0236096948,0.0399307725
56,0.0638507342,0.0042241578,0.0154850349,0.0109518991,0.0237064074,0.0399542226
57,0.064027511,0.0042954287,0.0157105238,0.0109817921,0.023766465,0.0399893016
58,0.0641817281,0.0043617104,0.0159651873,0.0110019683,0.0237846612,0.0400716113
59,0.0644007495,0.0044133471,0.0161716635,0.0110140785,0.0238021733,0.0401360285
60,0.0646017531,0.004469144,0.0163367714,0.0110153466,0.0238492243,0.0401680155
61,0.0648214742,0.0045253634,0.0165170764,0.0110123121,0.0239139454,0.0402154796
62,0.0650380793,0.0045875318,0.0166705731,0.0110086852,0.0239484737,0.040267347
63,0.0651851702,0.0046640393,0.0168524573,0.0110070078,0.0239570429,0.0403237318
64,0.0652776097,0.0047305854,0.0170073224,0.0110017103,0.0239603148,0.0403788504
65,0.0653306196,0.0048020283,0.0171658485,0.0110025431,0.0239509335,0.0404359671
66,0.0653489703,0.0048801264,0.0173174734,0.0110139757,0.0239269657,0.0405029065
67,0.0653676221,0.0049838086,0.0174953015,0.0110337405,0.0238924297,0.040583529
68,0.0654095428,0.0051574265,0.0177344326,0.0110660497,0.0238513699,0.0406595479
69,0.0654761818,0.0052765403,0.0179477796,0.0110970745,0.0237953423,0.0407348019
70,0.0655253526,0.0053654129,0.0181352055,0.0111128733,0.0237244726,0.0408086314
71,0.0655604551,0.0054525604,0.0183077851,0.0111239877,0.0236790171,0.0408998047
72,0.0655684806,0.0055299244,0.0184587653,0.0111273077,0.0236528762,0.0409280913
73,0.0655184372,0.0056251905,0.0186187062,0.0111301637,0.0236309289,0.0409989175
74,0.065433605,0.0057032242,0.0187441505,0.0111290819,0.0236067867,0.0410799284
75,0.0653147958,0.0057622256,0.0188692487,0.0111231688,0.0235708965,0.0411652231
76,0.0651770215,0.0058158576,0.0189739218,0.0111149443,0.0235393427,0.0412513699
77,0.0650279724,0.0058642,0.0190442399,0.0111099963,0.023503286,0.0413254502
78,0.0648398423,0.005910799,0.0191396252,0.0110969235,0.0234682704,0.0414003013
79,0.0646888613,0.0059439612,0.0192137814,0.0110858106,0.0235221696,0.0414692911
80,0.064535284,0.005972258,0.0192645308,0.0110733782,0.0234748113,0.0415401813
81,0.064388069,0.0060007508,0.0193226418,0.0110613274,0.0234433157,0.0416224508
82,0.0642561723,0.006038839,0.0193822784,0.0110558398,0.0234104726,0.041683742
83,0.0641060347,0.006070921,0.0194403595,0.0110521336,0.0233820122,0.041741406
84,0.0639945033,0.0061017615,0.0195080312,0.011045301,0.0233573758,0.0418054252
85,0.0638923204,0.0061371359,0.0195659334,0.0110431097,0.0233242603,0.0418629262
86,0.0638001407,0.0061714577,0.0196108841,0.0110398641,0.0233047977,0.0419374999
87,0.0637173381,0.0062185732,0.0197064874,0.0110419496,0.0232808565,0.0419980038
88,0.0636136409,0.0062487487,0.0197513904,0.0110368985,0.0232638205,0.0420542221
89,0.0635387107,0.006279429,0.0198115107,0.0110349795,0.0232444858,0.0421110051
90,0.0634698734,0.0063098086,0.0198590601,0.0110336096,0.0232289344,0.042161233
91,0.0634050764,0.006333958,0.0198906621,0.011031191,0.0232117305,0.0422261183
92,0.0633396474,0.0061675776,0.0196924879,0.0105958454,0.0231988912,0.0422783152
93,0.0632726675,0.006141496,0.0195932988,0.0103464426,0.0231898074,0.0423283383
94,0.0632210268,0.0061476651,0.0195369352,0.0101416317,0.0231778143,0.0423827018
95,0.0631695883,0.0061824882,0.0195012064,0.0099941205,0.0231629571,0.0424350978
96,0.0631197158,0.0062631827,0.0195371046,0.0099014416,0.0231528275,0.0424823901
97,0.0630623903,0.0063342346,0.0196193899,0.0098681209,0.023138715,0.0425308099
98,0.0630136008,0.0064083135,0.0196821327,0.0098686108,0.0231311879,0.0425752541
99,0.0629667272,0.0064487505,0.0197276708,0.0098611753,0.0230957028,0.0426440539
100,0.0629015919,0.0064006657,0.0196671724,0.009807295,0.0230439011,0.0426945254
101,0.0628066586,0.0062921358,0.019563867,0.0097851034,0.0230078589,0.0427359878
102,0.0626408682,0.0061085025,0.0194056668,0.0097585824,0.0229810338,0.0427730435
103,0.0623952247,0.0058545995,0.0192267129,0.0097295549,0.0229337505,0.0427983004
104,0.0621213755,0.0055898403,0.0190488131,0.0097161253,0.0228677411,0.0428170849
105,0.0619017522,0.0052994006,0.0188520057,0.0097208578,0.0228012165,0.0428167293
106,0.0617371828,0.0050773254,0.0186516221,0.009709647,0.0227245818,0.0428006738
107,0.0615602001,0.0048685095,0.0184440238,0.0097015332,0.0226545769,0.0427599464
108,0.0614047117,0.0046858491,0.0182803852,0.0097300693,0.0225799887,0.042691044
109,0.0612143683,0.0044799579,0.0180589952,0.0097302279,0.0225262095,0.0425979073
110,0.0610044285,0.004210825,0.0177375717,0.0097079056,0.0224493919,0.0424713036
111,0.0607821425,0.0040145291,0.0175214969,0.0096836441,0.0223780573,0.0423557117
112,0.060519651,0.0038425181,0.0172764379,0.009665235,0.0223120846,0.0422494955
113,0.0603086421,0.0036973951,0.0170611138,0.009652463,0.0222488266,0.0421479232
114,0.0601171515,0.003585492,0.0169041045,0.0096667173,0.0222162337,0.0420426662
115,0.0599166261,0.0034878884,0.0167257016,0.0096910773,0.022196255,0.0419622415
116,0.059670409,0.0034065683,0.0165681878,0.0097022089,0.0221756843,0.041883218
117,0.0594659117,0.003308439,0.0163897198,0.0097031584,0.022168182,0.0418078358
118,0.0592613862,0.0032061377,0.0162162433,0.0096909276,0.0221554433,0.0417409402
119,0.0590599324,0.0030976556,0.0160342992,0.0096754042,0.0221415013,0.0416652419
120,0.0588607638,0.0029837594,0.0158047007,0.009665211,0.0221224279,0.0416009994
121,0.0586399209,0.0028969324,0.0156414913,0.0096567625,0.0221131226,0.0415386107
122,0.0584580961,0.0028209112,0.0154862554,0.0096517615,0.0221082149,0.0414807452
123,0.0582722431,0.0027604013,0.0153190288,0.0096400524,0.0220888809,0.0414207671
124,0.0580883511,0.0027002066,0.0151444993,0.0096353398,0.0220784572,0.0413541338
125,0.0579111225,0.0026575388,0.0150251268,0.0096416707,0.0220576061,0.0413305055
126,0.0577058174,0.0026183841,0.0148902869,0.0096537112,0.0220419649,0.0409312294
127,0.057544429,0.0025729601,0.0147714164,0.0096631778,0.0220232544,0.0408911176
128,0.0573908678,0.0025273686,0.0146684421,0.0096735567,0.0220035092,0.0408953601
129,0.0572517507,0.0024768074,0.0145306424,0.0096821034,0.0219915853,0.0408653982
130,0.0571080648,0.0024320748,0.0144247881,0.0096807804,0.0219767949,0.0408750065
131,0.0569507715,0.0023904383,0.014331398,0.0096757285,0.0219629742,0.0407710055
132,0.0568273903,0.0023516422,0.0142266235,0.0096752838,0.021952728,0.0406297778
133,0.0567168867,0.0023217678,0.0141322521,0.0096728605,0.0219443986,0.0404548416
134,0.0566052117,0.0022952275,0.0140388969,0.0096834136,0.0219358935,0.0403216175
135,0.0565001784,0.0022799449,0.0139772632,0.0096989362,0.0219219618,0.0401968683
136,0.0563995747,0.0022682214,0.0139086243,0.0097208069,0.021910166,0.0400330082
137,0.0563323947,0.0022508536,0.0138501325,0.0097358185,0.0218966537,0.0398998982
138,0.0562711693,0.0022366362,0.0137949001,0.0097435754,0.021885665,0.0397173328
139,0.0562107339,0.002220771,0.013729224,0.0097581206,0.0218742981,0.0395749509
140,0.0561360626,0.0022102406,0.013666438,0.0097687035,0.0218675377,0.0394340198
141,0.056074132,0.0021965025,0.0136192892,0.0097695699,0.0218606456,0.0392472488
142,0.056020415,0.0021867634,0.0135648308,0.0097666474,0.021852483,0.0390842494
143,0.0559761184,0.0021744282,0.013509499,0.0097656946,0.0218428739,0.038979548
144,0.055933344,0.0021602329,0.0134537916,0.0097575784,0.0218367307,0.0388442016
145,0.0558855679,0.0021510862,0.0134098097,0.0097474186,0.0218289268,0.0387076508
146,0.0558432199,0.0021411993,0.013363963,0.0097418843,0.0218233671,0.0385709322
147,0.0558033279,0.0021366858,0.0133077221,0.0097315716,0.0218194954,0.0383870201
148,0.0557713266,0.0021276025,0.0132632356,0.0097241445,0.0218075774,0.0382030977
149,0.0557371282,0.0021215845,0.0132094199,0.0097179994,0.0217979375,0.0382632892
150,0.0556826975,0.0021100826,0.013165905,0.0097083141,0.0217977285,0.0381736574
