Time [s],TGS2620,TGS2602,TGS2603,TGS2610,TGS2611,TGS2600
1,0.05707509,0.00375257,0.0103666,0.01004617,0.02234127,0.04026742
2,0.05706938,0.00377085,0.01036317,0.01004801,0.02234957,0.04026235
3,0.0570357,0.00378684,0.01036059,0.01004265,0.0223448,0.04023116
4,0.05695479,0.0038081,0.01035184,0.01003082,0.0223295,0.04017101
5,0.05687159,0.00382067,0.01033376,0.01001568,0.02231033,0.04011294
6,0.056779,0.00383298,0.01033307,0.01000361,0.02229304,0.04005831
7,0.05668344,0.0038455,0.01032204,0.00998776,0.02227064,0.03999622
8,0.05662785,0.00386428,0.01032646,0.00998602,0.02226711,0.03996125
9,0.05651634,0.00387799,0.0103134,0.00997112,0.02224069,0.03988828
10,0.05643071,0.0038916,0.01031271,0.00996292,0.0222231,0.03982948
11,0.05634051,0.00389949,0.01030779,0.0099522,0.02220016,0.03975849
12,0.05625716,0.00390948,0.01030903,0.00993928,0.02217949,0.03969253
13,0.05617193,0.00391921,0.0102989,0.00992955,0.02215635,0.03962041
14,0.05608088,0.00393093,0.01029522,0.00991902,0.02213012,0.03954054
15,0.05600354,0.00394151,0.01029582,0.00991246,0.02211373,0.03948248
16,0.05592805,0.00394762,0.01028703,0.00990183,0.02209744,0.03942252
17,0.05586059,0.00395642,0.01028956,0.00989557,0.02207847,0.0393662
18,0.05569449,0.00395314,0.01027183,0.0098606,0.022012,0.03923949
19,0.05550436,0.00394911,0.01025519,0.00982122,0.02193109,0.03909554
20,0.05538778,0.00394643,0.01024997,0.00980239,0.02188996,0.03899546
21,0.05529405,0.00394762,0.01024575,0.00978555,0.02185842,0.03891007
22,0.05520862,0.0039508,0.01025027,0.00977785,0.02184312,0.03883919
23,0.05513242,0.00395547,0.01024883,0.0097715,0.02183289,0.03878172
24,0.05511792,0.00397137,0.01026969,0.00978466,0.02186508,0.03873643
25,0.05525591,0.00398398,0.01029994,0.00980855,0.02194594,0.03870389
26,0.05551081,0.00399501,0.01033247,0.00984009,0.02205343,0.03867573
27,0.05586849,0.00400658,0.01037956,0.00987754,0.02218327,0.03864409
28,0.05640414,0.00401617,0.01043117,0.00992061,0.02234073,0.03862005
29,0.05687149,0.00402153,0.01047731,0.00995453,0.02246555,0.03859998
30,0.05737276,0.00403013,0.01052857,0.00998592,0.02258193,0.03857574
31,0.0578576,0.00403792,0.0105847,0.01002173,0.02269165,0.03855498
32,0.05839349,0.00404771,0.01064242,0.01006098,0.02281071,0.03855304
33,0.05910259,0.00406639,0.01075219,0.01012058,0.02294482,0.03854832
34,0.05973023,0.00409028,0.01086698,0.01018267,0.02306085,0.03854355
35,0.06033005,0.00411551,0.0109844,0.01023984,0.02315726,0.03853561
36,0.06087633,0.00414949,0.01111131,0.01029448,0.02325134,0.03853556
37,0.06137998,0.00418962,0.01125327,0.01034996,0.02332956,0.03852885
38,0.06192284,0.0042749,0.01145016,0.01043112,0.02344778,0.03852637
39,0.06234925,0.00434469,0.01160771,0.01048899,0.02354186,0.03851514
40,0.06270122,0.00440897,0.01176766,0.0105403,0.02362044,0.03851256
41,0.06304891,0.00447508,0.01193286,0.01059091,0.02370309,0.03850923
42,0.06335687,0.00452937,0.01208525,0.01062945,0.02376592,0.03852071
43,0.06363716,0.00458986,0.01225303,0.01065712,0.02382503,0.03852667
44,0.06379576,0.00464291,0.01238277,0.0106758,0.02386353,0.03853814
45,0.06385388,0.00472412,0.01252454,0.01068598,0.02388791,0.03854301
46,0.06393305,0.00485004,0.0127025,0.01071116,0.02394369,0.03854812
47,0.06404729,0.00494883,0.01287953,0.01073093,0.02398909,0.03854912
48,0.06418826,0.00501311,0.01302521,0.01075626,0.02404512,0.03855726
49,0.06437363,0.00506054,0.01315788,0.01076898,0.02408486,0.03856929
50,0.06455085,0.00510803,0.01328211,0.01077708,0.02411804,0.03859779
51,0.06467721,0.00516922,0.01340296,0.01078984,0.0241533,0.03863852
52,0.06488295,0.00527204,0.0135705,0.01081855,0.02422001,0.03869336
53,0.06507522,0.00533835,0.01370789,0.01083643,0.02426596,0.03873806
54,0.06530694,0.00540059,0.0138417,0.01085814,0.0243187,0.03878356
55,0.06554009,0.00546357,0.01397447,0.01088103,0.02435978,0.03882171
56,0.06576182,0.00553465,0.01412015,0.01090989,0.02440931,0.03886204
57,0.06604812,0.00562371,0.01430721,0.01095122,0.02446732,0.03891201
58,0.06623866,0.0056994,0.01445245,0.01097442,0.0244999,0.0389582
59,0.06640307,0.00578985,0.01461944,0.0110072,0.02454073,0.03900529
60,0.0665938,0.00589769,0.01478017,0.01104912,0.02459164,0.03904076
61,0.06676348,0.00598923,0.01494826,0.01107485,0.02462686,0.03908457
62,0.06695133,0.0060998,0.01513422,0.01110455,0.02467291,0.03914328
63,0.06711574,0.00618831,0.01529158,0.0111197,0.02470176,0.03918858
64,0.06719467,0.00627896,0.0154238,0.01112134,0.02470097,0.03922722
65,0.06711038,0.00637741,0.01555364,0.01109924,0.02464772,0.03927312
66,0.06690022,0.0064694,0.01566535,0.01106521,0.02454585,0.03933878
67,0.06657105,0.00656844,0.01576663,0.01101058,0.02439897,0.03941597
68,0.06627561,0.0066428,0.01584352,0.01097233,0.0242893,0.03948491
69,0.06599323,0.00671348,0.01591897,0.01093776,0.02418683,0.03955366
70,0.06573246,0.00678674,0.0159826,0.01091272,0.02410478,0.039622
71,0.06543072,0.0068753,0.0160654,0.01088143,0.02401631,0.03969954
72,0.06520094,0.00694678,0.01614015,0.01086549,0.02395139,0.03976734
73,0.06496212,0.0070119,0.01620592,0.01084726,0.02389343,0.03983201
74,0.06473304,0.00706723,0.01627506,0.01082958,0.02383511,0.03990135
75,0.06451136,0.00712177,0.01631559,0.01081527,0.02378554,0.03996711
76,0.06427001,0.00718217,0.01640499,0.01080425,0.023739,0.04004817
77,0.0640756,0.00723035,0.01646519,0.0107959,0.02370537,0.04010192
78,0.06388368,0.00727207,0.01652947,0.01078487,0.02366892,0.04014672
79,0.06370725,0.00730783,0.01657273,0.01077772,0.02363549,0.04018571
80,0.06353737,0.0073435,0.01662822,0.01077012,0.02360325,0.04022361
81,0.06333114,0.00737921,0.01669736,0.01076232,0.02356322,0.04027363
82,0.06317552,0.00740827,0.01674668,0.01075626,0.02353659,0.04032673
83,0.06301822,0.00743355,0.01678666,0.01074822,0.02350868,0.0403758
84,0.06287268,0.00745804,0.01684701,0.01074553,0.0234828,0.04041772
85,0.06273152,0.00747562,0.01687408,0.01073421,0.02345459,0.04045756
86,0.06256781,0.00750225,0.01693379,0.01072899,0.02342781,0.04052074
87,0.06244472,0.00751958,0.01695738,0.01072279,0.02340377,0.04056773
88,0.06232486,0.00753722,0.01698867,0.0107209,0.02338555,0.04061819
89,0.06220551,0.00754854,0.01701574,0.01071364,0.02336503,0.04064993
90,0.06209673,0.00756116,0.01704237,0.01070441,0.02334556,0.04068157
91,0.06197067,0.00757735,0.01708672,0.01070004,0.0233251,0.04072489
92,0.06187421,0.00758629,0.01710475,0.01069586,0.0233102,0.04075211
93,0.06177809,0.00759463,0.01713182,0.01068712,0.02329087,0.04077257
94,0.06168963,0.00760367,0.01714961,0.01068484,0.02327771,0.04079835
95,0.06159059,0.0076142,0.01718244,0.01067843,0.02326281,0.04082159
96,0.06150724,0.00761664,0.01719416,0.01067063,0.02324999,0.04083694
97,0.06140502,0.00762195,0.0172115,0.01066656,0.02323703,0.04085751
98,0.06131194,0.007623,0.01722516,0.01066005,0.02322715,0.04089143
99,0.06121399,0.00762146,0.01723395,0.01065593,0.02321691,0.04090191
100,0.06107207,0.00761768,0.01724552,0.01065017,0.02319511,0.04092059
101,0.06086162,0.00757963,0.01721721,0.01062588,0.02313376,0.04094359
102,0.06062305,0.00746082,0.01712999,0.01059175,0.02306944,0.04095317
103,0.06039591,0.00729383,0.01700035,0.01054958,0.02301177,0.0409421
104,0.06019197,0.00709549,0.01682764,0.01051094,0.02295733,0.0409182
105,0.05999462,0.00687143,0.01658908,0.01046897,0.02289748,0.04086749
106,0.05983145,0.00671387,0.01640981,0.01044006,0.02284816,0.04083198
107,0.05964857,0.00658021,0.01620592,0.01040718,0.02278776,0.04078275
108,0.05946394,0.00646036,0.01601285,0.01038016,0.02273516,0.04072846
109,0.05928259,0.00632764,0.0158012,0.01034867,0.02268613,0.04067616
110,0.05908709,0.00617366,0.01555116,0.01031762,0.02263686,0.04060687
111,0.05892661,0.00604551,0.01533847,0.01029343,0.02260105,0.04055342
112,0.0587838,0.00593156,0.01512588,0.01027088,0.0225699,0.04050201
113,0.05865153,0.00582199,0.01491667,0.010253,0.02254368,0.04044082
114,0.05850734,0.00569046,0.01467149,0.01023502,0.02252411,0.04036661
115,0.05838083,0.00558377,0.0144824,0.01021843,0.02248944,0.04030308
116,0.05823971,0.0054817,0.01429261,0.01020308,0.02245825,0.04025192
117,0.05808574,0.00538608,0.01411821,0.01018078,0.02241806,0.04020215
118,0.05791338,0.00529936,0.01395068,0.01015113,0.0223595,0.04014647
119,0.05771549,0.0051804,0.01373928,0.01010598,0.02229562,0.04007385
120,0.05756707,0.00508339,0.01355922,0.01007895,0.02224859,0.04001489
121,0.057442,0.00498996,0.01339735,0.01005333,0.02220364,0.03995593
122,0.05733923,0.00490368,0.01323224,0.01003232,0.02216738,0.03990026
123,0.05724615,0.00482957,0.01306962,0.01001389,0.02213519,0.03983857
124,0.05714949,0.00474891,0.0128995,0.00999814,0.02210658,0.03976465
125,0.05706014,0.00469194,0.01276752,0.00998498,0.02207876,0.03970312
126,0.05696487,0.00464262,0.01264141,0.00997604,0.02205174,0.03964058
127,0.05686881,0.00460054,0.01252235,0.00995915,0.0220275,0.03957874
128,0.05676479,0.00456175,0.01240686,0.00994862,0.02200987,0.0395171
129,0.056614,0.00451963,0.01227409,0.00992666,0.02197142,0.03944815
130,0.05647035,0.00448377,0.0121762,0.00990754,0.02193333,0.03938736
131,0.05631895,0.00444716,0.01208306,0.00988082,0.02188952,0.03931285
132,0.05616458,0.00441433,0.01198665,0.00985901,0.02185092,0.03924182
133,0.05596922,0.00437474,0.01186853,0.00983105,0.02180349,0.03914179
134,0.05583049,0.00434265,0.01177908,0.00981247,0.02177537,0.03906867
135,0.05568958,0.0043134,0.01169196,0.00978808,0.02173852,0.0389886
136,0.05554797,0.00428663,0.01160543,0.00976658,0.02170087,0.03890863
137,0.05541058,0.00426114,0.01152929,0.00974597,0.02167057,0.03883055
138,0.0552711,0.00424138,0.01145076,0.00973106,0.02164767,0.03873946
139,0.05515383,0.00422464,0.01138097,0.00971974,0.02162458,0.03866798
140,0.05504033,0.00421271,0.01132305,0.00970722,0.0215985,0.03859834
141,0.05492813,0.00420313,0.01126797,0.00969699,0.02158563,0.03853163
142,0.05481811,0.00419439,0.01121423,0.00968666,0.02156964,0.03846736
143,0.05470416,0.00418187,0.01115144,0.00967414,0.02154888,0.03839558
144,0.0546083,0.00417442,0.01110271,0.00966013,0.02152707,0.03833712
145,0.05451482,0.00416593,0.01105081,0.00964995,0.02151371,0.03828562
146,0.05442074,0.00415862,0.01100869,0.00963937,0.02149166,0.0382346
147,0.05433109,0.00414909,0.01096532,0.00962541,0.021462,0.03818305
148,0.05422474,0.00414387,0.01091799,0.00960758,0.02143384,0.03811043
149,0.05414323,0.00413781,0.01087637,0.00959765,0.02141238,0.03805271
150,0.05405919,0.00413468,0.01084512,0.00958801,0.02139321,0.03799768
