Dataset,Fold,SeedsPerLabel,SeedFoldSelection,ScaleFactor,Model,Method,Accuracy,F1_Score,Hyperparameters,ExecutionTime_Sec
Wine_spoilage,8,20,1,1,KNN,Baseline,0.9372413793103448,0.9374842751185535,"{'algorithm': 'auto', 'leaf_size': 30, 'metric': 'minkowski', 'metric_params': None, 'n_jobs': None, 'n_neighbors': 5, 'p': 2, 'weights': 'uniform'}",0.17209458351135254
Wine_spoilage,8,20,1,1,KNN,Tuned_Baseline,0.9434482758620689,0.9431153082079294,"{'algorithm': 'auto', 'leaf_size': 30, 'metric': 'manhattan', 'metric_params': None, 'n_jobs': None, 'n_neighbors': np.int64(23), 'p': 2, 'weights': 'distance'}",0.07291507720947266
Wine_spoilage,8,20,1,1,RandomForest,Baseline,0.9362068965517242,0.9364960370162536,"{'bootstrap': True, 'ccp_alpha': 0.0, 'class_weight': None, 'criterion': 'gini', 'max_depth': None, 'max_features': 'sqrt', 'max_leaf_nodes': None, 'max_samples': None, 'min_impurity_decrease': 0.0, 'min_samples_leaf': 1, 'min_samples_split': 2, 'min_weight_fraction_leaf': 0.0, 'monotonic_cst': None, 'n_estimators': 100, 'n_jobs': None, 'oob_score': False, 'random_state': 42, 'verbose': 0, 'warm_start': False}",1.142789602279663
Wine_spoilage,8,20,1,1,RandomForest,Tuned_Baseline,0.9351724137931035,0.9355660019002379,"{'bootstrap': True, 'ccp_alpha': 0.0, 'class_weight': 'balanced', 'criterion': 'gini', 'max_depth': 20, 'max_features': 'sqrt', 'max_leaf_nodes': None, 'max_samples': None, 'min_impurity_decrease': 0.0, 'min_samples_leaf': 2, 'min_samples_split': 5, 'min_weight_fraction_leaf': 0.0, 'monotonic_cst': None, 'n_estimators': 100, 'n_jobs': None, 'oob_score': False, 'random_state': 42, 'verbose': 0, 'warm_start': False}",0.020219087600708008
Wine_spoilage,8,20,1,1,LinearSVC,Baseline,0.7917241379310345,0.8031469873162856,"{'C': 1.0, 'class_weight': None, 'dual': False, 'fit_intercept': True, 'intercept_scaling': 1, 'loss': 'squared_hinge', 'max_iter': 100, 'multi_class': 'ovr', 'penalty': 'l2', 'random_state': 42, 'tol': 0.0001, 'verbose': 0}",0.03464031219482422
Wine_spoilage,8,20,1,1,LinearSVC,Tuned_Baseline,0.7917241379310345,0.8035785754252411,"{'C': np.float64(33.59818286283781), 'class_weight': None, 'dual': False, 'fit_intercept': True, 'intercept_scaling': 1, 'loss': 'squared_hinge', 'max_iter': 100, 'multi_class': 'ovr', 'penalty': 'l1', 'random_state': 42, 'tol': 0.001, 'verbose': 0}",0.0005617141723632812
Wine_spoilage,8,20,1,1,LogisticRegression,Baseline,0.8,0.8101067877728075,"{'C': 1.0, 'class_weight': None, 'dual': False, 'fit_intercept': True, 'intercept_scaling': 1, 'l1_ratio': None, 'max_iter': 100, 'multi_class': 'deprecated', 'n_jobs': None, 'penalty': 'l2', 'random_state': 42, 'solver': 'lbfgs', 'tol': 0.0001, 'verbose': 0, 'warm_start': False}",0.21760940551757812
Wine_spoilage,8,20,1,1,LogisticRegression,Tuned_Baseline,0.7979310344827586,0.8090534822693326,"{'C': np.float64(14.38449888287663), 'class_weight': 'balanced', 'dual': False, 'fit_intercept': False, 'intercept_scaling': 1, 'l1_ratio': None, 'max_iter': 100, 'multi_class': 'deprecated', 'n_jobs': None, 'penalty': 'l2', 'random_state': 42, 'solver': 'lbfgs', 'tol': 0.0001, 'verbose': 0, 'warm_start': False}",0.0005078315734863281
Wine_spoilage,8,20,1,1,RNN,Baseline,0.8275862068965517,0.755778704054566,"{'hidden_size': 64, 'epochs': 10, 'batch_size': 32, 'lr': 0.001}",5.226118803024292
Wine_spoilage,8,20,1,1,RNN,Tuned_Baseline,0.8275862068965517,0.755778704054566,"{'hidden_size': 64, 'epochs': 10, 'batch_size': 32, 'lr': 0.001}",0.0311887264251709
Wine_spoilage,8,20,1,2,KNN,Jittering,0.9396551724137931,0.9398907871066525,"{'algorithm': 'auto', 'leaf_size': 30, 'metric': 'minkowski', 'metric_params': None, 'n_jobs': None, 'n_neighbors': np.int64(5), 'p': 3, 'weights': 'distance'}",0.22456073760986328
Wine_spoilage,8,20,1,2,RandomForest,Jittering,0.9424137931034483,0.9424715079134954,"{'bootstrap': True, 'ccp_alpha': 0.0, 'class_weight': None, 'criterion': 'gini', 'max_depth': 30, 'max_features': 'sqrt', 'max_leaf_nodes': None, 'max_samples': None, 'min_impurity_decrease': 0.0, 'min_samples_leaf': 1, 'min_samples_split': 2, 'min_weight_fraction_leaf': 0.0, 'monotonic_cst': None, 'n_estimators': 100, 'n_jobs': None, 'oob_score': False, 'random_state': 42, 'verbose': 0, 'warm_start': False}",3.004977226257324
Wine_spoilage,8,20,1,2,LinearSVC,Jittering,0.7920689655172414,0.8034561826354432,"{'C': np.float64(33.59818286283781), 'class_weight': 'balanced', 'dual': False, 'fit_intercept': True, 'intercept_scaling': 1, 'loss': 'squared_hinge', 'max_iter': 100, 'multi_class': 'ovr', 'penalty': 'l2', 'random_state': 42, 'tol': 0.0001, 'verbose': 0}",0.08084845542907715
Wine_spoilage,8,20,1,2,LogisticRegression,Jittering,0.7975862068965517,0.8072805552577952,"{'C': np.float64(14.38449888287663), 'class_weight': 'balanced', 'dual': False, 'fit_intercept': True, 'intercept_scaling': 1, 'l1_ratio': None, 'max_iter': 100, 'multi_class': 'deprecated', 'n_jobs': None, 'penalty': 'l2', 'random_state': 42, 'solver': 'lbfgs', 'tol': 0.0001, 'verbose': 0, 'warm_start': False}",0.47326040267944336
Wine_spoilage,8,20,1,2,RNN,Jittering,0.8620689655172413,0.8706896551724138,"{'hidden_size': 64, 'epochs': 10, 'batch_size': 32, 'lr': 0.001}",3.903590679168701
Wine_spoilage,8,20,1,3,KNN,Jittering,0.9375862068965517,0.9378104160774672,"{'algorithm': 'auto', 'leaf_size': 30, 'metric': 'minkowski', 'metric_params': None, 'n_jobs': None, 'n_neighbors': np.int64(11), 'p': 4, 'weights': 'distance'}",0.313870906829834
Wine_spoilage,8,20,1,3,RandomForest,Jittering,0.8941379310344828,0.8965825664304327,"{'bootstrap': True, 'ccp_alpha': 0.0, 'class_weight': None, 'criterion': 'gini', 'max_depth': 10, 'max_features': 'sqrt', 'max_leaf_nodes': None, 'max_samples': None, 'min_impurity_decrease': 0.0, 'min_samples_leaf': 1, 'min_samples_split': 2, 'min_weight_fraction_leaf': 0.0, 'monotonic_cst': None, 'n_estimators': 150, 'n_jobs': None, 'oob_score': False, 'random_state': 42, 'verbose': 0, 'warm_start': False}",9.206918239593506
Wine_spoilage,8,20,1,3,LinearSVC,Jittering,0.7910344827586206,0.8029615191385346,"{'C': np.float64(33.59818286283781), 'class_weight': None, 'dual': False, 'fit_intercept': True, 'intercept_scaling': 1, 'loss': 'squared_hinge', 'max_iter': 100, 'multi_class': 'ovr', 'penalty': 'l1', 'random_state': 42, 'tol': 0.0001, 'verbose': 0}",0.5880618095397949
Wine_spoilage,8,20,1,3,LogisticRegression,Jittering,0.7975862068965517,0.8072805552577952,"{'C': np.float64(428.1332398719387), 'class_weight': None, 'dual': False, 'fit_intercept': True, 'intercept_scaling': 1, 'l1_ratio': None, 'max_iter': 100, 'multi_class': 'deprecated', 'n_jobs': None, 'penalty': 'l2', 'random_state': 42, 'solver': 'sag', 'tol': 0.0001, 'verbose': 0, 'warm_start': False}",0.6874189376831055
Wine_spoilage,8,20,1,3,RNN,Jittering,0.9310344827586207,0.9297573435504469,"{'hidden_size': 64, 'epochs': 10, 'batch_size': 32, 'lr': 0.001}",12.144049882888794
Wine_spoilage,8,20,1,5,KNN,Jittering,0.9368965517241379,0.9370066196585896,"{'algorithm': 'auto', 'leaf_size': 30, 'metric': 'minkowski', 'metric_params': None, 'n_jobs': None, 'n_neighbors': np.int64(5), 'p': 3, 'weights': 'distance'}",0.692558765411377
Wine_spoilage,8,20,1,5,RandomForest,Jittering,0.9348275862068965,0.935034678301466,"{'bootstrap': True, 'ccp_alpha': 0.0, 'class_weight': 'balanced', 'criterion': 'gini', 'max_depth': None, 'max_features': 'sqrt', 'max_leaf_nodes': None, 'max_samples': None, 'min_impurity_decrease': 0.0, 'min_samples_leaf': 1, 'min_samples_split': 2, 'min_weight_fraction_leaf': 0.0, 'monotonic_cst': None, 'n_estimators': 150, 'n_jobs': None, 'oob_score': False, 'random_state': 42, 'verbose': 0, 'warm_start': False}",12.85061264038086
Wine_spoilage,8,20,1,5,LinearSVC,Jittering,0.783448275862069,0.7966977561492036,"{'C': np.float64(14.38449888287663), 'class_weight': 'balanced', 'dual': False, 'fit_intercept': False, 'intercept_scaling': 1, 'loss': 'squared_hinge', 'max_iter': 100, 'multi_class': 'ovr', 'penalty': 'l2', 'random_state': 42, 'tol': 0.0001, 'verbose': 0}",0.16292762756347656
Wine_spoilage,8,20,1,5,LogisticRegression,Jittering,0.7996551724137931,0.8105759204696076,"{'C': np.float64(14.38449888287663), 'class_weight': 'balanced', 'dual': False, 'fit_intercept': False, 'intercept_scaling': 1, 'l1_ratio': None, 'max_iter': 100, 'multi_class': 'deprecated', 'n_jobs': None, 'penalty': 'l2', 'random_state': 42, 'solver': 'lbfgs', 'tol': 0.0001, 'verbose': 0, 'warm_start': False}",0.6411864757537842
Wine_spoilage,8,20,1,5,RNN,Jittering,0.9655172413793104,0.965168930686172,"{'hidden_size': 64, 'epochs': 10, 'batch_size': 32, 'lr': 0.001}",4.868311166763306
Wine_spoilage,8,20,1,10,KNN,Jittering,0.9341379310344827,0.933988132626967,"{'algorithm': 'auto', 'leaf_size': 30, 'metric': 'minkowski', 'metric_params': None, 'n_jobs': None, 'n_neighbors': 5, 'p': 2, 'weights': 'uniform'}",0.27101683616638184
Wine_spoilage,8,20,1,10,RandomForest,Jittering,0.9355172413793104,0.9357096247343747,"{'bootstrap': True, 'ccp_alpha': 0.0, 'class_weight': None, 'criterion': 'gini', 'max_depth': None, 'max_features': 'sqrt', 'max_leaf_nodes': None, 'max_samples': None, 'min_impurity_decrease': 0.0, 'min_samples_leaf': 1, 'min_samples_split': 2, 'min_weight_fraction_leaf': 0.0, 'monotonic_cst': None, 'n_estimators': 100, 'n_jobs': None, 'oob_score': False, 'random_state': 42, 'verbose': 0, 'warm_start': False}",20.729542016983032
Wine_spoilage,8,20,1,10,LinearSVC,Jittering,0.7906896551724137,0.8023090164312436,"{'C': 1.0, 'class_weight': None, 'dual': False, 'fit_intercept': True, 'intercept_scaling': 1, 'loss': 'squared_hinge', 'max_iter': 100, 'multi_class': 'ovr', 'penalty': 'l2', 'random_state': 42, 'tol': 0.0001, 'verbose': 0}",0.5261473655700684
Wine_spoilage,8,20,1,10,LogisticRegression,Jittering,0.7986206896551724,0.8083729312246649,"{'C': 1.0, 'class_weight': None, 'dual': False, 'fit_intercept': True, 'intercept_scaling': 1, 'l1_ratio': None, 'max_iter': 100, 'multi_class': 'deprecated', 'n_jobs': None, 'penalty': 'l2', 'random_state': 42, 'solver': 'lbfgs', 'tol': 0.0001, 'verbose': 0, 'warm_start': False}",3.164504051208496
Wine_spoilage,8,20,1,10,RNN,Jittering,0.9310344827586207,0.934176245210728,"{'hidden_size': 64, 'epochs': 10, 'batch_size': 32, 'lr': 0.001}",16.33505082130432
Wine_spoilage,8,20,2,1,KNN,Baseline,0.9327586206896552,0.9326212432053114,"{'algorithm': 'auto', 'leaf_size': 30, 'metric': 'minkowski', 'metric_params': None, 'n_jobs': None, 'n_neighbors': 5, 'p': 2, 'weights': 'uniform'}",0.38813209533691406
Wine_spoilage,8,20,2,1,KNN,Tuned_Baseline,0.9417241379310345,0.9413975391220983,"{'algorithm': 'auto', 'leaf_size': 30, 'metric': 'manhattan', 'metric_params': None, 'n_jobs': None, 'n_neighbors': np.int64(5), 'p': 2, 'weights': 'distance'}",0.04824995994567871
Wine_spoilage,8,20,2,1,RandomForest,Baseline,0.9255172413793104,0.9260343539588345,"{'bootstrap': True, 'ccp_alpha': 0.0, 'class_weight': None, 'criterion': 'gini', 'max_depth': None, 'max_features': 'sqrt', 'max_leaf_nodes': None, 'max_samples': None, 'min_impurity_decrease': 0.0, 'min_samples_leaf': 1, 'min_samples_split': 2, 'min_weight_fraction_leaf': 0.0, 'monotonic_cst': None, 'n_estimators': 100, 'n_jobs': None, 'oob_score': False, 'random_state': 42, 'verbose': 0, 'warm_start': False}",1.342634677886963
Wine_spoilage,8,20,2,1,RandomForest,Tuned_Baseline,0.9237931034482758,0.9242646977159663,"{'bootstrap': True, 'ccp_alpha': 0.0, 'class_weight': 'balanced', 'criterion': 'gini', 'max_depth': None, 'max_features': 'sqrt', 'max_leaf_nodes': None, 'max_samples': None, 'min_impurity_decrease': 0.0, 'min_samples_leaf': 2, 'min_samples_split': 2, 'min_weight_fraction_leaf': 0.0, 'monotonic_cst': None, 'n_estimators': 150, 'n_jobs': None, 'oob_score': False, 'random_state': 42, 'verbose': 0, 'warm_start': False}",0.03498125076293945
Wine_spoilage,8,20,2,1,LinearSVC,Baseline,0.7837931034482759,0.7899854878870364,"{'C': 1.0, 'class_weight': None, 'dual': False, 'fit_intercept': True, 'intercept_scaling': 1, 'loss': 'squared_hinge', 'max_iter': 100, 'multi_class': 'ovr', 'penalty': 'l2', 'random_state': 42, 'tol': 0.0001, 'verbose': 0}",0.04082965850830078
Wine_spoilage,8,20,2,1,LinearSVC,Tuned_Baseline,0.7837931034482759,0.7898475956696802,"{'C': np.float64(428.1332398719387), 'class_weight': None, 'dual': False, 'fit_intercept': True, 'intercept_scaling': 1, 'loss': 'squared_hinge', 'max_iter': 100, 'multi_class': 'ovr', 'penalty': 'l2', 'random_state': 42, 'tol': 0.001, 'verbose': 0}",0.0004661083221435547
Wine_spoilage,8,20,2,1,LogisticRegression,Baseline,0.7931034482758621,0.798318263922639,"{'C': 1.0, 'class_weight': None, 'dual': False, 'fit_intercept': True, 'intercept_scaling': 1, 'l1_ratio': None, 'max_iter': 100, 'multi_class': 'deprecated', 'n_jobs': None, 'penalty': 'l2', 'random_state': 42, 'solver': 'lbfgs', 'tol': 0.0001, 'verbose': 0, 'warm_start': False}",0.3745551109313965
Wine_spoilage,8,20,2,1,LogisticRegression,Tuned_Baseline,0.7927586206896552,0.7977782832339528,"{'C': np.float64(6.1584821106602545), 'class_weight': None, 'dual': False, 'fit_intercept': True, 'intercept_scaling': 1, 'l1_ratio': None, 'max_iter': 100, 'multi_class': 'deprecated', 'n_jobs': None, 'penalty': 'l2', 'random_state': 42, 'solver': 'lbfgs', 'tol': 0.0001, 'verbose': 0, 'warm_start': False}",0.0005006790161132812
Wine_spoilage,8,20,2,1,RNN,Baseline,0.7931034482758621,0.7380952380952381,"{'hidden_size': 64, 'epochs': 10, 'batch_size': 32, 'lr': 0.001}",4.416666746139526
Wine_spoilage,8,20,2,1,RNN,Tuned_Baseline,0.7931034482758621,0.7380952380952381,"{'hidden_size': 64, 'epochs': 10, 'batch_size': 32, 'lr': 0.001}",0.036057472229003906
Wine_spoilage,8,20,2,2,KNN,Jittering,0.9341379310344827,0.9344019201427216,"{'algorithm': 'auto', 'leaf_size': 30, 'metric': 'minkowski', 'metric_params': None, 'n_jobs': None, 'n_neighbors': np.int64(5), 'p': 3, 'weights': 'distance'}",0.19256091117858887
Wine_spoilage,8,20,2,2,RandomForest,Jittering,0.8731034482758621,0.8759270141171048,"{'bootstrap': True, 'ccp_alpha': 0.0, 'class_weight': None, 'criterion': 'gini', 'max_depth': 10, 'max_features': 'sqrt', 'max_leaf_nodes': None, 'max_samples': None, 'min_impurity_decrease': 0.0, 'min_samples_leaf': 1, 'min_samples_split': 2, 'min_weight_fraction_leaf': 0.0, 'monotonic_cst': None, 'n_estimators': 150, 'n_jobs': None, 'oob_score': False, 'random_state': 42, 'verbose': 0, 'warm_start': False}",3.319582223892212
Wine_spoilage,8,20,2,2,LinearSVC,Jittering,0.7841379310344827,0.7904331018473931,"{'C': np.float64(428.1332398719387), 'class_weight': None, 'dual': False, 'fit_intercept': True, 'intercept_scaling': 1, 'loss': 'squared_hinge', 'max_iter': 100, 'multi_class': 'ovr', 'penalty': 'l2', 'random_state': 42, 'tol': 0.001, 'verbose': 0}",0.14344215393066406
Wine_spoilage,8,20,2,2,LogisticRegression,Jittering,0.7927586206896552,0.7978252288964314,"{'C': np.float64(33.59818286283781), 'class_weight': 'balanced', 'dual': False, 'fit_intercept': True, 'intercept_scaling': 1, 'l1_ratio': None, 'max_iter': 100, 'multi_class': 'deprecated', 'n_jobs': None, 'penalty': 'l2', 'random_state': 42, 'solver': 'lbfgs', 'tol': 0.0001, 'verbose': 0, 'warm_start': False}",0.2555067539215088
Wine_spoilage,8,20,2,2,RNN,Jittering,0.9310344827586207,0.9297573435504469,"{'hidden_size': 64, 'epochs': 10, 'batch_size': 32, 'lr': 0.001}",2.6946969032287598
Wine_spoilage,8,20,2,3,KNN,Jittering,0.9358620689655173,0.9355925304650501,"{'algorithm': 'auto', 'leaf_size': 30, 'metric': 'euclidean', 'metric_params': None, 'n_jobs': None, 'n_neighbors': np.int64(5), 'p': 2, 'weights': 'distance'}",0.07175731658935547
Wine_spoilage,8,20,2,3,RandomForest,Jittering,0.9213793103448276,0.9217752724306931,"{'bootstrap': True, 'ccp_alpha': 0.0, 'class_weight': 'balanced', 'criterion': 'gini', 'max_depth': None, 'max_features': 'sqrt', 'max_leaf_nodes': None, 'max_samples': None, 'min_impurity_decrease': 0.0, 'min_samples_leaf': 4, 'min_samples_split': 10, 'min_weight_fraction_leaf': 0.0, 'monotonic_cst': None, 'n_estimators': 100, 'n_jobs': None, 'oob_score': False, 'random_state': 42, 'verbose': 0, 'warm_start': False}",4.351598739624023
Wine_spoilage,8,20,2,3,LinearSVC,Jittering,0.7879310344827586,0.7956181382750652,"{'C': np.float64(1000.0), 'class_weight': None, 'dual': False, 'fit_intercept': True, 'intercept_scaling': 1, 'loss': 'squared_hinge', 'max_iter': 100, 'multi_class': 'ovr', 'penalty': 'l1', 'random_state': 42, 'tol': 0.0001, 'verbose': 0}",0.22255396842956543
Wine_spoilage,8,20,2,3,LogisticRegression,Jittering,0.7937931034482759,0.7989566027101337,"{'C': np.float64(14.38449888287663), 'class_weight': None, 'dual': False, 'fit_intercept': True, 'intercept_scaling': 1, 'l1_ratio': None, 'max_iter': 100, 'multi_class': 'deprecated', 'n_jobs': None, 'penalty': 'l1', 'random_state': 42, 'solver': 'saga', 'tol': 0.0001, 'verbose': 0, 'warm_start': False}",1.0481071472167969
Wine_spoilage,8,20,2,3,RNN,Jittering,0.9310344827586207,0.9297573435504469,"{'hidden_size': 64, 'epochs': 10, 'batch_size': 32, 'lr': 0.001}",6.6482086181640625
Wine_spoilage,8,20,2,5,KNN,Jittering,0.9320689655172414,0.9321957593211658,"{'algorithm': 'auto', 'leaf_size': 30, 'metric': 'minkowski', 'metric_params': None, 'n_jobs': None, 'n_neighbors': np.int64(11), 'p': 4, 'weights': 'distance'}",0.3481926918029785
Wine_spoilage,8,20,2,5,RandomForest,Jittering,0.9275862068965517,0.9281304675858498,"{'bootstrap': True, 'ccp_alpha': 0.0, 'class_weight': 'balanced', 'criterion': 'gini', 'max_depth': None, 'max_features': 'sqrt', 'max_leaf_nodes': None, 'max_samples': None, 'min_impurity_decrease': 0.0, 'min_samples_leaf': 1, 'min_samples_split': 2, 'min_weight_fraction_leaf': 0.0, 'monotonic_cst': None, 'n_estimators': 150, 'n_jobs': None, 'oob_score': False, 'random_state': 42, 'verbose': 0, 'warm_start': False}",11.736082077026367
Wine_spoilage,8,20,2,5,LinearSVC,Jittering,0.7875862068965517,0.7953048159614117,"{'C': np.float64(33.59818286283781), 'class_weight': None, 'dual': False, 'fit_intercept': True, 'intercept_scaling': 1, 'loss': 'squared_hinge', 'max_iter': 100, 'multi_class': 'ovr', 'penalty': 'l1', 'random_state': 42, 'tol': 0.0001, 'verbose': 0}",0.4868795871734619
Wine_spoilage,8,20,2,5,LogisticRegression,Jittering,0.7937931034482759,0.7999797559323494,"{'C': np.float64(428.1332398719387), 'class_weight': None, 'dual': False, 'fit_intercept': False, 'intercept_scaling': 1, 'l1_ratio': None, 'max_iter': 100, 'multi_class': 'deprecated', 'n_jobs': None, 'penalty': 'l2', 'random_state': 42, 'solver': 'sag', 'tol': 0.0001, 'verbose': 0, 'warm_start': False}",1.233227252960205
Wine_spoilage,8,20,2,5,RNN,Jittering,0.9310344827586207,0.9310344827586207,"{'hidden_size': 64, 'epochs': 10, 'batch_size': 32, 'lr': 0.001}",9.358277559280396
Wine_spoilage,8,20,2,10,KNN,Jittering,0.93,0.9301312210013696,"{'algorithm': 'auto', 'leaf_size': 30, 'metric': 'minkowski', 'metric_params': None, 'n_jobs': None, 'n_neighbors': 5, 'p': 2, 'weights': 'uniform'}",0.34449076652526855
Wine_spoilage,8,20,2,10,RandomForest,Jittering,0.9213793103448276,0.9218752979879659,"{'bootstrap': True, 'ccp_alpha': 0.0, 'class_weight': None, 'criterion': 'gini', 'max_depth': None, 'max_features': 'sqrt', 'max_leaf_nodes': None, 'max_samples': None, 'min_impurity_decrease': 0.0, 'min_samples_leaf': 1, 'min_samples_split': 2, 'min_weight_fraction_leaf': 0.0, 'monotonic_cst': None, 'n_estimators': 100, 'n_jobs': None, 'oob_score': False, 'random_state': 42, 'verbose': 0, 'warm_start': False}",20.362998962402344
Wine_spoilage,8,20,2,10,LinearSVC,Jittering,0.7824137931034483,0.7890428840052947,"{'C': 1.0, 'class_weight': None, 'dual': False, 'fit_intercept': True, 'intercept_scaling': 1, 'loss': 'squared_hinge', 'max_iter': 100, 'multi_class': 'ovr', 'penalty': 'l2', 'random_state': 42, 'tol': 0.0001, 'verbose': 0}",0.8558645248413086
Wine_spoilage,8,20,2,10,LogisticRegression,Jittering,0.793448275862069,0.7986441806030531,"{'C': 1.0, 'class_weight': None, 'dual': False, 'fit_intercept': True, 'intercept_scaling': 1, 'l1_ratio': None, 'max_iter': 100, 'multi_class': 'deprecated', 'n_jobs': None, 'penalty': 'l2', 'random_state': 42, 'solver': 'lbfgs', 'tol': 0.0001, 'verbose': 0, 'warm_start': False}",6.649915933609009
Wine_spoilage,8,20,2,10,RNN,Jittering,0.9310344827586207,0.9297573435504469,"{'hidden_size': 64, 'epochs': 10, 'batch_size': 32, 'lr': 0.001}",30.02204942703247
Wine_spoilage,8,20,3,1,KNN,Baseline,0.9258620689655173,0.9255512647595542,"{'algorithm': 'auto', 'leaf_size': 30, 'metric': 'minkowski', 'metric_params': None, 'n_jobs': None, 'n_neighbors': 5, 'p': 2, 'weights': 'uniform'}",0.16924333572387695
Wine_spoilage,8,20,3,1,KNN,Tuned_Baseline,0.9358620689655173,0.9352909363377694,"{'algorithm': 'auto', 'leaf_size': 30, 'metric': 'euclidean', 'metric_params': None, 'n_jobs': None, 'n_neighbors': np.int64(15), 'p': 2, 'weights': 'distance'}",0.14251947402954102
Wine_spoilage,8,20,3,1,RandomForest,Baseline,0.9334482758620689,0.933926104038254,"{'bootstrap': True, 'ccp_alpha': 0.0, 'class_weight': None, 'criterion': 'gini', 'max_depth': None, 'max_features': 'sqrt', 'max_leaf_nodes': None, 'max_samples': None, 'min_impurity_decrease': 0.0, 'min_samples_leaf': 1, 'min_samples_split': 2, 'min_weight_fraction_leaf': 0.0, 'monotonic_cst': None, 'n_estimators': 100, 'n_jobs': None, 'oob_score': False, 'random_state': 42, 'verbose': 0, 'warm_start': False}",1.2245957851409912
Wine_spoilage,8,20,3,1,RandomForest,Tuned_Baseline,0.9334482758620689,0.933926104038254,"{'bootstrap': True, 'ccp_alpha': 0.0, 'class_weight': None, 'criterion': 'gini', 'max_depth': 30, 'max_features': 'sqrt', 'max_leaf_nodes': None, 'max_samples': None, 'min_impurity_decrease': 0.0, 'min_samples_leaf': 1, 'min_samples_split': 2, 'min_weight_fraction_leaf': 0.0, 'monotonic_cst': None, 'n_estimators': 100, 'n_jobs': None, 'oob_score': False, 'random_state': 42, 'verbose': 0, 'warm_start': False}",0.02346038818359375
Wine_spoilage,8,20,3,1,LinearSVC,Baseline,0.7855172413793103,0.7957583398794751,"{'C': 1.0, 'class_weight': None, 'dual': False, 'fit_intercept': True, 'intercept_scaling': 1, 'loss': 'squared_hinge', 'max_iter': 100, 'multi_class': 'ovr', 'penalty': 'l2', 'random_state': 42, 'tol': 0.0001, 'verbose': 0}",0.05202078819274902
Wine_spoilage,8,20,3,1,LinearSVC,Tuned_Baseline,0.7848275862068965,0.7949044329693866,"{'C': np.float64(33.59818286283781), 'class_weight': 'balanced', 'dual': False, 'fit_intercept': True, 'intercept_scaling': 1, 'loss': 'squared_hinge', 'max_iter': 100, 'multi_class': 'ovr', 'penalty': 'l2', 'random_state': 42, 'tol': 0.0001, 'verbose': 0}",0.00046944618225097656
Wine_spoilage,8,20,3,1,LogisticRegression,Baseline,0.7948275862068965,0.8031756947285597,"{'C': 1.0, 'class_weight': None, 'dual': False, 'fit_intercept': True, 'intercept_scaling': 1, 'l1_ratio': None, 'max_iter': 100, 'multi_class': 'deprecated', 'n_jobs': None, 'penalty': 'l2', 'random_state': 42, 'solver': 'lbfgs', 'tol': 0.0001, 'verbose': 0, 'warm_start': False}",0.5868782997131348
Wine_spoilage,8,20,3,1,LogisticRegression,Tuned_Baseline,0.7858620689655172,0.7922075753612248,"{'C': np.float64(33.59818286283781), 'class_weight': 'balanced', 'dual': False, 'fit_intercept': True, 'intercept_scaling': 1, 'l1_ratio': None, 'max_iter': 100, 'multi_class': 'deprecated', 'n_jobs': None, 'penalty': 'l2', 'random_state': 42, 'solver': 'lbfgs', 'tol': 0.0001, 'verbose': 0, 'warm_start': False}",0.0005102157592773438
Wine_spoilage,8,20,3,1,RNN,Baseline,0.9310344827586207,0.9297573435504469,"{'hidden_size': 64, 'epochs': 10, 'batch_size': 32, 'lr': 0.001}",1.8170433044433594
Wine_spoilage,8,20,3,1,RNN,Tuned_Baseline,0.9310344827586207,0.9297573435504469,"{'hidden_size': 64, 'epochs': 10, 'batch_size': 32, 'lr': 0.001}",0.02360987663269043
Wine_spoilage,8,20,3,2,KNN,Jittering,0.926896551724138,0.9266668701062905,"{'algorithm': 'auto', 'leaf_size': 30, 'metric': 'minkowski', 'metric_params': None, 'n_jobs': None, 'n_neighbors': np.int64(5), 'p': 3, 'weights': 'distance'}",0.19340062141418457
Wine_spoilage,8,20,3,2,RandomForest,Jittering,0.9065517241379311,0.9070575094916813,"{'bootstrap': True, 'ccp_alpha': 0.0, 'class_weight': None, 'criterion': 'gini', 'max_depth': 10, 'max_features': 'sqrt', 'max_leaf_nodes': None, 'max_samples': None, 'min_impurity_decrease': 0.0, 'min_samples_leaf': 1, 'min_samples_split': 2, 'min_weight_fraction_leaf': 0.0, 'monotonic_cst': None, 'n_estimators': 150, 'n_jobs': None, 'oob_score': False, 'random_state': 42, 'verbose': 0, 'warm_start': False}",2.936659097671509
Wine_spoilage,8,20,3,2,LinearSVC,Jittering,0.7872413793103449,0.7976678997562054,"{'C': np.float64(183.29807108324337), 'class_weight': None, 'dual': False, 'fit_intercept': True, 'intercept_scaling': 1, 'loss': 'squared_hinge', 'max_iter': 100, 'multi_class': 'ovr', 'penalty': 'l2', 'random_state': 42, 'tol': 0.001, 'verbose': 0}",0.05395340919494629
Wine_spoilage,8,20,3,2,LogisticRegression,Jittering,0.7886206896551724,0.7954276603613317,"{'C': np.float64(33.59818286283781), 'class_weight': 'balanced', 'dual': False, 'fit_intercept': True, 'intercept_scaling': 1, 'l1_ratio': None, 'max_iter': 100, 'multi_class': 'deprecated', 'n_jobs': None, 'penalty': 'l2', 'random_state': 42, 'solver': 'lbfgs', 'tol': 0.0001, 'verbose': 0, 'warm_start': False}",0.29602956771850586
Wine_spoilage,8,20,3,2,RNN,Jittering,0.9310344827586207,0.9297573435504469,"{'hidden_size': 64, 'epochs': 10, 'batch_size': 32, 'lr': 0.001}",0.7436995506286621
Wine_spoilage,8,20,3,3,KNN,Jittering,0.9372413793103448,0.9367298292308156,"{'algorithm': 'auto', 'leaf_size': 30, 'metric': 'manhattan', 'metric_params': None, 'n_jobs': None, 'n_neighbors': np.int64(5), 'p': 2, 'weights': 'distance'}",0.10580015182495117
Wine_spoilage,8,20,3,3,RandomForest,Jittering,0.9044827586206896,0.9051025186639401,"{'bootstrap': True, 'ccp_alpha': 0.0, 'class_weight': None, 'criterion': 'gini', 'max_depth': 10, 'max_features': 'sqrt', 'max_leaf_nodes': None, 'max_samples': None, 'min_impurity_decrease': 0.0, 'min_samples_leaf': 1, 'min_samples_split': 2, 'min_weight_fraction_leaf': 0.0, 'monotonic_cst': None, 'n_estimators': 150, 'n_jobs': None, 'oob_score': False, 'random_state': 42, 'verbose': 0, 'warm_start': False}",4.920346975326538
Wine_spoilage,8,20,3,3,LinearSVC,Jittering,0.7886206896551724,0.7990800681469431,"{'C': np.float64(428.1332398719387), 'class_weight': None, 'dual': False, 'fit_intercept': True, 'intercept_scaling': 1, 'loss': 'squared_hinge', 'max_iter': 100, 'multi_class': 'ovr', 'penalty': 'l2', 'random_state': 42, 'tol': 0.001, 'verbose': 0}",0.13211417198181152
Wine_spoilage,8,20,3,3,LogisticRegression,Jittering,0.7948275862068965,0.8043908794202111,"{'C': np.float64(428.1332398719387), 'class_weight': None, 'dual': False, 'fit_intercept': False, 'intercept_scaling': 1, 'l1_ratio': None, 'max_iter': 100, 'multi_class': 'deprecated', 'n_jobs': None, 'penalty': 'l2', 'random_state': 42, 'solver': 'sag', 'tol': 0.0001, 'verbose': 0, 'warm_start': False}",0.6417078971862793
Wine_spoilage,8,20,3,3,RNN,Jittering,0.9310344827586207,0.9297573435504469,"{'hidden_size': 64, 'epochs': 10, 'batch_size': 32, 'lr': 0.001}",4.422536134719849
Wine_spoilage,8,20,3,5,KNN,Jittering,0.93,0.9297421668954946,"{'algorithm': 'auto', 'leaf_size': 30, 'metric': 'minkowski', 'metric_params': None, 'n_jobs': None, 'n_neighbors': np.int64(5), 'p': 3, 'weights': 'distance'}",0.5922412872314453
Wine_spoilage,8,20,3,5,RandomForest,Jittering,0.9272413793103448,0.927386757366286,"{'bootstrap': True, 'ccp_alpha': 0.0, 'class_weight': 'balanced', 'criterion': 'gini', 'max_depth': None, 'max_features': 'sqrt', 'max_leaf_nodes': None, 'max_samples': None, 'min_impurity_decrease': 0.0, 'min_samples_leaf': 4, 'min_samples_split': 10, 'min_weight_fraction_leaf': 0.0, 'monotonic_cst': None, 'n_estimators': 100, 'n_jobs': None, 'oob_score': False, 'random_state': 42, 'verbose': 0, 'warm_start': False}",9.347427129745483
Wine_spoilage,8,20,3,5,LinearSVC,Jittering,0.7893103448275862,0.8001900912181363,"{'C': np.float64(33.59818286283781), 'class_weight': None, 'dual': False, 'fit_intercept': True, 'intercept_scaling': 1, 'loss': 'squared_hinge', 'max_iter': 100, 'multi_class': 'ovr', 'penalty': 'l1', 'random_state': 42, 'tol': 0.0001, 'verbose': 0}",1.0718700885772705
Wine_spoilage,8,20,3,5,LogisticRegression,Jittering,0.7948275862068965,0.8044463157827877,"{'C': np.float64(14.38449888287663), 'class_weight': 'balanced', 'dual': False, 'fit_intercept': False, 'intercept_scaling': 1, 'l1_ratio': None, 'max_iter': 100, 'multi_class': 'deprecated', 'n_jobs': None, 'penalty': 'l2', 'random_state': 42, 'solver': 'lbfgs', 'tol': 0.0001, 'verbose': 0, 'warm_start': False}",1.0087213516235352
Wine_spoilage,8,20,3,5,RNN,Jittering,0.9310344827586207,0.9297573435504469,"{'hidden_size': 64, 'epochs': 10, 'batch_size': 32, 'lr': 0.001}",8.631040334701538
Wine_spoilage,8,20,3,10,KNN,Jittering,0.9286206896551724,0.9282497933472028,"{'algorithm': 'auto', 'leaf_size': 30, 'metric': 'minkowski', 'metric_params': None, 'n_jobs': None, 'n_neighbors': 5, 'p': 2, 'weights': 'uniform'}",0.3089594841003418
Wine_spoilage,8,20,3,10,RandomForest,Jittering,0.9210344827586207,0.9214430813183649,"{'bootstrap': True, 'ccp_alpha': 0.0, 'class_weight': None, 'criterion': 'gini', 'max_depth': None, 'max_features': 'sqrt', 'max_leaf_nodes': None, 'max_samples': None, 'min_impurity_decrease': 0.0, 'min_samples_leaf': 1, 'min_samples_split': 2, 'min_weight_fraction_leaf': 0.0, 'monotonic_cst': None, 'n_estimators': 100, 'n_jobs': None, 'oob_score': False, 'random_state': 42, 'verbose': 0, 'warm_start': False}",24.922731161117554
Wine_spoilage,8,20,3,10,LinearSVC,Jittering,0.7882758620689655,0.7989377750244763,"{'C': 1.0, 'class_weight': None, 'dual': False, 'fit_intercept': True, 'intercept_scaling': 1, 'loss': 'squared_hinge', 'max_iter': 100, 'multi_class': 'ovr', 'penalty': 'l2', 'random_state': 42, 'tol': 0.0001, 'verbose': 0}",0.36797404289245605
Wine_spoilage,8,20,3,10,LogisticRegression,Jittering,0.7931034482758621,0.8006940562280572,"{'C': 1.0, 'class_weight': None, 'dual': False, 'fit_intercept': True, 'intercept_scaling': 1, 'l1_ratio': None, 'max_iter': 100, 'multi_class': 'deprecated', 'n_jobs': None, 'penalty': 'l2', 'random_state': 42, 'solver': 'lbfgs', 'tol': 0.0001, 'verbose': 0, 'warm_start': False}",2.0868048667907715
Wine_spoilage,8,20,3,10,RNN,Jittering,0.9310344827586207,0.9297573435504469,"{'hidden_size': 64, 'epochs': 10, 'batch_size': 32, 'lr': 0.001}",25.76304817199707
Wine_spoilage,8,20,4,1,KNN,Baseline,0.9289655172413793,0.9279103901589735,"{'algorithm': 'auto', 'leaf_size': 30, 'metric': 'minkowski', 'metric_params': None, 'n_jobs': None, 'n_neighbors': 5, 'p': 2, 'weights': 'uniform'}",0.11882734298706055
Wine_spoilage,8,20,4,1,KNN,Tuned_Baseline,0.9372413793103448,0.936365693896367,"{'algorithm': 'auto', 'leaf_size': 30, 'metric': 'manhattan', 'metric_params': None, 'n_jobs': None, 'n_neighbors': np.int64(5), 'p': 2, 'weights': 'distance'}",0.039134979248046875
Wine_spoilage,8,20,4,1,RandomForest,Baseline,0.9272413793103448,0.9269221635474042,"{'bootstrap': True, 'ccp_alpha': 0.0, 'class_weight': None, 'criterion': 'gini', 'max_depth': None, 'max_features': 'sqrt', 'max_leaf_nodes': None, 'max_samples': None, 'min_impurity_decrease': 0.0, 'min_samples_leaf': 1, 'min_samples_split': 2, 'min_weight_fraction_leaf': 0.0, 'monotonic_cst': None, 'n_estimators': 100, 'n_jobs': None, 'oob_score': False, 'random_state': 42, 'verbose': 0, 'warm_start': False}",0.9358696937561035
Wine_spoilage,8,20,4,1,RandomForest,Tuned_Baseline,0.9255172413793104,0.9250967439481962,"{'bootstrap': True, 'ccp_alpha': 0.0, 'class_weight': 'balanced', 'criterion': 'gini', 'max_depth': 20, 'max_features': 'sqrt', 'max_leaf_nodes': None, 'max_samples': None, 'min_impurity_decrease': 0.0, 'min_samples_leaf': 2, 'min_samples_split': 10, 'min_weight_fraction_leaf': 0.0, 'monotonic_cst': None, 'n_estimators': 150, 'n_jobs': None, 'oob_score': False, 'random_state': 42, 'verbose': 0, 'warm_start': False}",0.028789758682250977
Wine_spoilage,8,20,4,1,LinearSVC,Baseline,0.8086206896551724,0.8139479786300307,"{'C': 1.0, 'class_weight': None, 'dual': False, 'fit_intercept': True, 'intercept_scaling': 1, 'loss': 'squared_hinge', 'max_iter': 100, 'multi_class': 'ovr', 'penalty': 'l2', 'random_state': 42, 'tol': 0.0001, 'verbose': 0}",0.0358586311340332
Wine_spoilage,8,20,4,1,LinearSVC,Tuned_Baseline,0.8075862068965517,0.8126775191773398,"{'C': np.float64(2.6366508987303554), 'class_weight': 'balanced', 'dual': False, 'fit_intercept': True, 'intercept_scaling': 1, 'loss': 'squared_hinge', 'max_iter': 100, 'multi_class': 'ovr', 'penalty': 'l2', 'random_state': 42, 'tol': 0.001, 'verbose': 0}",0.00033783912658691406
Wine_spoilage,8,20,4,1,LogisticRegression,Baseline,0.8224137931034483,0.8256135487685373,"{'C': 1.0, 'class_weight': None, 'dual': False, 'fit_intercept': True, 'intercept_scaling': 1, 'l1_ratio': None, 'max_iter': 100, 'multi_class': 'deprecated', 'n_jobs': None, 'penalty': 'l2', 'random_state': 42, 'solver': 'lbfgs', 'tol': 0.0001, 'verbose': 0, 'warm_start': False}",0.4853329658508301
Wine_spoilage,8,20,4,1,LogisticRegression,Tuned_Baseline,0.8255172413793104,0.8279308365256516,"{'C': np.float64(14.38449888287663), 'class_weight': 'balanced', 'dual': False, 'fit_intercept': True, 'intercept_scaling': 1, 'l1_ratio': None, 'max_iter': 100, 'multi_class': 'deprecated', 'n_jobs': None, 'penalty': 'l2', 'random_state': 42, 'solver': 'lbfgs', 'tol': 0.0001, 'verbose': 0, 'warm_start': False}",0.0004742145538330078
Wine_spoilage,8,20,4,1,RNN,Baseline,0.8275862068965517,0.7916621626490831,"{'hidden_size': 64, 'epochs': 10, 'batch_size': 32, 'lr': 0.001}",2.074761390686035
Wine_spoilage,8,20,4,1,RNN,Tuned_Baseline,0.8275862068965517,0.7916621626490831,"{'hidden_size': 64, 'epochs': 10, 'batch_size': 32, 'lr': 0.001}",0.017461776733398438
Wine_spoilage,8,20,4,2,KNN,Jittering,0.9365517241379311,0.9356313564136047,"{'algorithm': 'auto', 'leaf_size': 30, 'metric': 'manhattan', 'metric_params': None, 'n_jobs': None, 'n_neighbors': np.int64(5), 'p': 2, 'weights': 'distance'}",0.08005738258361816
Wine_spoilage,8,20,4,2,RandomForest,Jittering,0.9186206896551724,0.9185897967534493,"{'bootstrap': True, 'ccp_alpha': 0.0, 'class_weight': None, 'criterion': 'gini', 'max_depth': 30, 'max_features': 'sqrt', 'max_leaf_nodes': None, 'max_samples': None, 'min_impurity_decrease': 0.0, 'min_samples_leaf': 1, 'min_samples_split': 2, 'min_weight_fraction_leaf': 0.0, 'monotonic_cst': None, 'n_estimators': 100, 'n_jobs': None, 'oob_score': False, 'random_state': 42, 'verbose': 0, 'warm_start': False}",2.5015885829925537
Wine_spoilage,8,20,4,2,LinearSVC,Jittering,0.8120689655172414,0.8180731413654688,"{'C': np.float64(33.59818286283781), 'class_weight': 'balanced', 'dual': False, 'fit_intercept': True, 'intercept_scaling': 1, 'loss': 'squared_hinge', 'max_iter': 100, 'multi_class': 'ovr', 'penalty': 'l2', 'random_state': 42, 'tol': 0.0001, 'verbose': 0}",0.06441450119018555
Wine_spoilage,8,20,4,2,LogisticRegression,Jittering,0.8244827586206896,0.8295342535090522,"{'C': np.float64(14.38449888287663), 'class_weight': 'balanced', 'dual': False, 'fit_intercept': False, 'intercept_scaling': 1, 'l1_ratio': None, 'max_iter': 100, 'multi_class': 'deprecated', 'n_jobs': None, 'penalty': 'l2', 'random_state': 42, 'solver': 'lbfgs', 'tol': 0.0001, 'verbose': 0, 'warm_start': False}",0.26870179176330566
Wine_spoilage,8,20,4,2,RNN,Jittering,0.9310344827586207,0.9297573435504469,"{'hidden_size': 64, 'epochs': 10, 'batch_size': 32, 'lr': 0.001}",3.7090837955474854
Wine_spoilage,8,20,4,3,KNN,Jittering,0.926896551724138,0.9262855575214505,"{'algorithm': 'auto', 'leaf_size': 30, 'metric': 'chebyshev', 'metric_params': None, 'n_jobs': None, 'n_neighbors': np.int64(11), 'p': 2, 'weights': 'distance'}",0.058638572692871094
Wine_spoilage,8,20,4,3,RandomForest,Jittering,0.9165517241379311,0.9165295409630819,"{'bootstrap': True, 'ccp_alpha': 0.0, 'class_weight': 'balanced', 'criterion': 'gini', 'max_depth': 30, 'max_features': 'sqrt', 'max_leaf_nodes': None, 'max_samples': None, 'min_impurity_decrease': 0.0, 'min_samples_leaf': 4, 'min_samples_split': 5, 'min_weight_fraction_leaf': 0.0, 'monotonic_cst': None, 'n_estimators': 100, 'n_jobs': None, 'oob_score': False, 'random_state': 42, 'verbose': 0, 'warm_start': False}",4.489832878112793
Wine_spoilage,8,20,4,3,LinearSVC,Jittering,0.8106896551724138,0.8169477415522832,"{'C': np.float64(0.4832930238571752), 'class_weight': None, 'dual': False, 'fit_intercept': True, 'intercept_scaling': 1, 'loss': 'squared_hinge', 'max_iter': 100, 'multi_class': 'ovr', 'penalty': 'l2', 'random_state': 42, 'tol': 0.001, 'verbose': 0}",0.09692835807800293
Wine_spoilage,8,20,4,3,LogisticRegression,Jittering,0.8237931034482758,0.8265614537765688,"{'C': np.float64(428.1332398719387), 'class_weight': None, 'dual': False, 'fit_intercept': True, 'intercept_scaling': 1, 'l1_ratio': None, 'max_iter': 100, 'multi_class': 'deprecated', 'n_jobs': None, 'penalty': 'l2', 'random_state': 42, 'solver': 'sag', 'tol': 0.0001, 'verbose': 0, 'warm_start': False}",0.7023975849151611
Wine_spoilage,8,20,4,3,RNN,Jittering,0.9310344827586207,0.9297573435504469,"{'hidden_size': 64, 'epochs': 10, 'batch_size': 32, 'lr': 0.001}",4.274470806121826
Wine_spoilage,8,20,4,5,KNN,Jittering,0.9310344827586207,0.9302587855442399,"{'algorithm': 'auto', 'leaf_size': 30, 'metric': 'minkowski', 'metric_params': None, 'n_jobs': None, 'n_neighbors': np.int64(17), 'p': 4, 'weights': 'distance'}",0.43132781982421875
Wine_spoilage,8,20,4,5,RandomForest,Jittering,0.9206896551724137,0.9205077065354166,"{'bootstrap': True, 'ccp_alpha': 0.0, 'class_weight': None, 'criterion': 'gini', 'max_depth': 30, 'max_features': 'sqrt', 'max_leaf_nodes': None, 'max_samples': None, 'min_impurity_decrease': 0.0, 'min_samples_leaf': 1, 'min_samples_split': 2, 'min_weight_fraction_leaf': 0.0, 'monotonic_cst': None, 'n_estimators': 100, 'n_jobs': None, 'oob_score': False, 'random_state': 42, 'verbose': 0, 'warm_start': False}",11.269654750823975
Wine_spoilage,8,20,4,5,LinearSVC,Jittering,0.8113793103448276,0.817482382708883,"{'C': np.float64(428.1332398719387), 'class_weight': None, 'dual': False, 'fit_intercept': True, 'intercept_scaling': 1, 'loss': 'squared_hinge', 'max_iter': 100, 'multi_class': 'ovr', 'penalty': 'l2', 'random_state': 42, 'tol': 0.001, 'verbose': 0}",0.5222623348236084
Wine_spoilage,8,20,4,5,LogisticRegression,Jittering,0.8248275862068966,0.8298029232092352,"{'C': np.float64(14.38449888287663), 'class_weight': 'balanced', 'dual': False, 'fit_intercept': False, 'intercept_scaling': 1, 'l1_ratio': None, 'max_iter': 100, 'multi_class': 'deprecated', 'n_jobs': None, 'penalty': 'l2', 'random_state': 42, 'solver': 'lbfgs', 'tol': 0.0001, 'verbose': 0, 'warm_start': False}",3.9835283756256104
Wine_spoilage,8,20,4,5,RNN,Jittering,0.9310344827586207,0.9297573435504469,"{'hidden_size': 64, 'epochs': 10, 'batch_size': 32, 'lr': 0.001}",10.176047086715698
Wine_spoilage,8,20,4,10,KNN,Jittering,0.9286206896551724,0.9278105725494946,"{'algorithm': 'auto', 'leaf_size': 30, 'metric': 'minkowski', 'metric_params': None, 'n_jobs': None, 'n_neighbors': 5, 'p': 2, 'weights': 'uniform'}",0.29258203506469727
Wine_spoilage,8,20,4,10,RandomForest,Jittering,0.9286206896551724,0.9281633881382416,"{'bootstrap': True, 'ccp_alpha': 0.0, 'class_weight': None, 'criterion': 'gini', 'max_depth': None, 'max_features': 'sqrt', 'max_leaf_nodes': None, 'max_samples': None, 'min_impurity_decrease': 0.0, 'min_samples_leaf': 1, 'min_samples_split': 2, 'min_weight_fraction_leaf': 0.0, 'monotonic_cst': None, 'n_estimators': 100, 'n_jobs': None, 'oob_score': False, 'random_state': 42, 'verbose': 0, 'warm_start': False}",17.26499080657959
Wine_spoilage,8,20,4,10,LinearSVC,Jittering,0.8103448275862069,0.816645300888372,"{'C': 1.0, 'class_weight': None, 'dual': False, 'fit_intercept': True, 'intercept_scaling': 1, 'loss': 'squared_hinge', 'max_iter': 100, 'multi_class': 'ovr', 'penalty': 'l2', 'random_state': 42, 'tol': 0.0001, 'verbose': 0}",0.352205753326416
Wine_spoilage,8,20,4,10,LogisticRegression,Jittering,0.8241379310344827,0.8269171192428038,"{'C': 1.0, 'class_weight': None, 'dual': False, 'fit_intercept': True, 'intercept_scaling': 1, 'l1_ratio': None, 'max_iter': 100, 'multi_class': 'deprecated', 'n_jobs': None, 'penalty': 'l2', 'random_state': 42, 'solver': 'lbfgs', 'tol': 0.0001, 'verbose': 0, 'warm_start': False}",4.230148792266846
Wine_spoilage,8,20,4,10,RNN,Jittering,0.9310344827586207,0.9297573435504469,"{'hidden_size': 64, 'epochs': 10, 'batch_size': 32, 'lr': 0.001}",12.656111240386963
Wine_spoilage,8,20,5,1,KNN,Baseline,0.9355172413793104,0.9350832450414766,"{'algorithm': 'auto', 'leaf_size': 30, 'metric': 'minkowski', 'metric_params': None, 'n_jobs': None, 'n_neighbors': 5, 'p': 2, 'weights': 'uniform'}",0.11926412582397461
Wine_spoilage,8,20,5,1,KNN,Tuned_Baseline,0.9406896551724138,0.9398406827098904,"{'algorithm': 'auto', 'leaf_size': 30, 'metric': 'manhattan', 'metric_params': None, 'n_jobs': None, 'n_neighbors': np.int64(25), 'p': 2, 'weights': 'distance'}",0.0693056583404541
Wine_spoilage,8,20,5,1,RandomForest,Baseline,0.9224137931034483,0.9228383922627031,"{'bootstrap': True, 'ccp_alpha': 0.0, 'class_weight': None, 'criterion': 'gini', 'max_depth': None, 'max_features': 'sqrt', 'max_leaf_nodes': None, 'max_samples': None, 'min_impurity_decrease': 0.0, 'min_samples_leaf': 1, 'min_samples_split': 2, 'min_weight_fraction_leaf': 0.0, 'monotonic_cst': None, 'n_estimators': 100, 'n_jobs': None, 'oob_score': False, 'random_state': 42, 'verbose': 0, 'warm_start': False}",0.994633674621582
Wine_spoilage,8,20,5,1,RandomForest,Tuned_Baseline,0.9241379310344827,0.9244786103360241,"{'bootstrap': True, 'ccp_alpha': 0.0, 'class_weight': 'balanced', 'criterion': 'gini', 'max_depth': None, 'max_features': 'sqrt', 'max_leaf_nodes': None, 'max_samples': None, 'min_impurity_decrease': 0.0, 'min_samples_leaf': 2, 'min_samples_split': 2, 'min_weight_fraction_leaf': 0.0, 'monotonic_cst': None, 'n_estimators': 150, 'n_jobs': None, 'oob_score': False, 'random_state': 42, 'verbose': 0, 'warm_start': False}",0.022986173629760742
Wine_spoilage,8,20,5,1,LinearSVC,Baseline,0.8168965517241379,0.822563647211702,"{'C': 1.0, 'class_weight': None, 'dual': False, 'fit_intercept': True, 'intercept_scaling': 1, 'loss': 'squared_hinge', 'max_iter': 100, 'multi_class': 'ovr', 'penalty': 'l2', 'random_state': 42, 'tol': 0.0001, 'verbose': 0}",0.02749800682067871
Wine_spoilage,8,20,5,1,LinearSVC,Tuned_Baseline,0.8148275862068965,0.8204222360852901,"{'C': np.float64(78.47599703514607), 'class_weight': 'balanced', 'dual': False, 'fit_intercept': True, 'intercept_scaling': 1, 'loss': 'squared_hinge', 'max_iter': 100, 'multi_class': 'ovr', 'penalty': 'l2', 'random_state': 42, 'tol': 0.0001, 'verbose': 0}",0.0002837181091308594
Wine_spoilage,8,20,5,1,LogisticRegression,Baseline,0.8227586206896552,0.8262520704640115,"{'C': 1.0, 'class_weight': None, 'dual': False, 'fit_intercept': True, 'intercept_scaling': 1, 'l1_ratio': None, 'max_iter': 100, 'multi_class': 'deprecated', 'n_jobs': None, 'penalty': 'l2', 'random_state': 42, 'solver': 'lbfgs', 'tol': 0.0001, 'verbose': 0, 'warm_start': False}",0.1170506477355957
Wine_spoilage,8,20,5,1,LogisticRegression,Tuned_Baseline,0.8220689655172414,0.8256696836323697,"{'C': np.float64(1.1288378916846884), 'class_weight': 'balanced', 'dual': False, 'fit_intercept': True, 'intercept_scaling': 1, 'l1_ratio': None, 'max_iter': 100, 'multi_class': 'deprecated', 'n_jobs': None, 'penalty': 'l2', 'random_state': 42, 'solver': 'sag', 'tol': 0.0001, 'verbose': 0, 'warm_start': False}",0.0004901885986328125
Wine_spoilage,8,20,5,1,RNN,Baseline,0.896551724137931,0.8913660985599153,"{'hidden_size': 64, 'epochs': 10, 'batch_size': 32, 'lr': 0.001}",2.191707134246826
Wine_spoilage,8,20,5,1,RNN,Tuned_Baseline,0.896551724137931,0.8913660985599153,"{'hidden_size': 64, 'epochs': 10, 'batch_size': 32, 'lr': 0.001}",0.01842808723449707
Wine_spoilage,8,20,5,2,KNN,Jittering,0.9341379310344827,0.933705400821589,"{'algorithm': 'auto', 'leaf_size': 30, 'metric': 'euclidean', 'metric_params': None, 'n_jobs': None, 'n_neighbors': np.int64(7), 'p': 2, 'weights': 'uniform'}",0.431851863861084
Wine_spoilage,8,20,5,2,RandomForest,Jittering,0.9327586206896552,0.9329164332700023,"{'bootstrap': True, 'ccp_alpha': 0.0, 'class_weight': 'balanced', 'criterion': 'gini', 'max_depth': 20, 'max_features': 'sqrt', 'max_leaf_nodes': None, 'max_samples': None, 'min_impurity_decrease': 0.0, 'min_samples_leaf': 2, 'min_samples_split': 2, 'min_weight_fraction_leaf': 0.0, 'monotonic_cst': None, 'n_estimators': 50, 'n_jobs': None, 'oob_score': False, 'random_state': 42, 'verbose': 0, 'warm_start': False}",1.3894801139831543
Wine_spoilage,8,20,5,2,LinearSVC,Jittering,0.8172413793103448,0.8229176841168935,"{'C': np.float64(33.59818286283781), 'class_weight': 'balanced', 'dual': False, 'fit_intercept': True, 'intercept_scaling': 1, 'loss': 'squared_hinge', 'max_iter': 100, 'multi_class': 'ovr', 'penalty': 'l2', 'random_state': 42, 'tol': 0.0001, 'verbose': 0}",0.1562349796295166
Wine_spoilage,8,20,5,2,LogisticRegression,Jittering,0.8272413793103448,0.832106036785693,"{'C': np.float64(1000.0), 'class_weight': 'balanced', 'dual': False, 'fit_intercept': False, 'intercept_scaling': 1, 'l1_ratio': None, 'max_iter': 100, 'multi_class': 'deprecated', 'n_jobs': None, 'penalty': 'l2', 'random_state': 42, 'solver': 'lbfgs', 'tol': 0.0001, 'verbose': 0, 'warm_start': False}",0.19852614402770996
Wine_spoilage,8,20,5,2,RNN,Jittering,0.9310344827586207,0.9246197608266573,"{'hidden_size': 64, 'epochs': 10, 'batch_size': 32, 'lr': 0.001}",3.273998975753784
Wine_spoilage,8,20,5,3,KNN,Jittering,0.9313793103448276,0.9312560053070796,"{'algorithm': 'auto', 'leaf_size': 30, 'metric': 'minkowski', 'metric_params': None, 'n_jobs': None, 'n_neighbors': np.int64(11), 'p': 4, 'weights': 'distance'}",0.28560495376586914
Wine_spoilage,8,20,5,3,RandomForest,Jittering,0.9065517241379311,0.9072848801747573,"{'bootstrap': True, 'ccp_alpha': 0.0, 'class_weight': None, 'criterion': 'gini', 'max_depth': 10, 'max_features': 'sqrt', 'max_leaf_nodes': None, 'max_samples': None, 'min_impurity_decrease': 0.0, 'min_samples_leaf': 1, 'min_samples_split': 2, 'min_weight_fraction_leaf': 0.0, 'monotonic_cst': None, 'n_estimators': 150, 'n_jobs': None, 'oob_score': False, 'random_state': 42, 'verbose': 0, 'warm_start': False}",5.714320421218872
Wine_spoilage,8,20,5,3,LinearSVC,Jittering,0.8148275862068965,0.8212243598182575,"{'C': np.float64(1000.0), 'class_weight': None, 'dual': False, 'fit_intercept': True, 'intercept_scaling': 1, 'loss': 'squared_hinge', 'max_iter': 100, 'multi_class': 'ovr', 'penalty': 'l1', 'random_state': 42, 'tol': 0.0001, 'verbose': 0}",0.2735321521759033
Wine_spoilage,8,20,5,3,LogisticRegression,Jittering,0.8272413793103448,0.8321546203811874,"{'C': np.float64(428.1332398719387), 'class_weight': None, 'dual': False, 'fit_intercept': False, 'intercept_scaling': 1, 'l1_ratio': None, 'max_iter': 100, 'multi_class': 'deprecated', 'n_jobs': None, 'penalty': 'l2', 'random_state': 42, 'solver': 'sag', 'tol': 0.0001, 'verbose': 0, 'warm_start': False}",0.7096948623657227
Wine_spoilage,8,20,5,3,RNN,Jittering,0.896551724137931,0.9005642633228841,"{'hidden_size': 64, 'epochs': 10, 'batch_size': 32, 'lr': 0.001}",14.08023452758789
Wine_spoilage,8,20,5,5,KNN,Jittering,0.92,0.9199899556826272,"{'algorithm': 'auto', 'leaf_size': 30, 'metric': 'chebyshev', 'metric_params': None, 'n_jobs': None, 'n_neighbors': np.int64(1), 'p': 2, 'weights': 'distance'}",0.07363677024841309
Wine_spoilage,8,20,5,5,RandomForest,Jittering,0.9020689655172414,0.9029400555975227,"{'bootstrap': True, 'ccp_alpha': 0.0, 'class_weight': None, 'criterion': 'gini', 'max_depth': 10, 'max_features': 'sqrt', 'max_leaf_nodes': None, 'max_samples': None, 'min_impurity_decrease': 0.0, 'min_samples_leaf': 1, 'min_samples_split': 2, 'min_weight_fraction_leaf': 0.0, 'monotonic_cst': None, 'n_estimators': 150, 'n_jobs': None, 'oob_score': False, 'random_state': 42, 'verbose': 0, 'warm_start': False}",10.104339122772217
Wine_spoilage,8,20,5,5,LinearSVC,Jittering,0.8148275862068965,0.8212243598182575,"{'C': np.float64(78.47599703514607), 'class_weight': None, 'dual': False, 'fit_intercept': True, 'intercept_scaling': 1, 'loss': 'squared_hinge', 'max_iter': 100, 'multi_class': 'ovr', 'penalty': 'l1', 'random_state': 42, 'tol': 0.0001, 'verbose': 0}",0.48392295837402344
Wine_spoilage,8,20,5,5,LogisticRegression,Jittering,0.8286206896551724,0.8334510800173239,"{'C': np.float64(428.1332398719387), 'class_weight': None, 'dual': False, 'fit_intercept': False, 'intercept_scaling': 1, 'l1_ratio': None, 'max_iter': 100, 'multi_class': 'deprecated', 'n_jobs': None, 'penalty': 'l2', 'random_state': 42, 'solver': 'sag', 'tol': 0.0001, 'verbose': 0, 'warm_start': False}",1.12083101272583
Wine_spoilage,8,20,5,5,RNN,Jittering,0.896551724137931,0.9005642633228841,"{'hidden_size': 64, 'epochs': 10, 'batch_size': 32, 'lr': 0.001}",11.854169368743896
Wine_spoilage,8,20,5,10,KNN,Jittering,0.9368965517241379,0.9364570528928672,"{'algorithm': 'auto', 'leaf_size': 30, 'metric': 'minkowski', 'metric_params': None, 'n_jobs': None, 'n_neighbors': 5, 'p': 2, 'weights': 'uniform'}",0.3747234344482422
Wine_spoilage,8,20,5,10,RandomForest,Jittering,0.9293103448275862,0.9295083254526296,"{'bootstrap': True, 'ccp_alpha': 0.0, 'class_weight': None, 'criterion': 'gini', 'max_depth': None, 'max_features': 'sqrt', 'max_leaf_nodes': None, 'max_samples': None, 'min_impurity_decrease': 0.0, 'min_samples_leaf': 1, 'min_samples_split': 2, 'min_weight_fraction_leaf': 0.0, 'monotonic_cst': None, 'n_estimators': 100, 'n_jobs': None, 'oob_score': False, 'random_state': 42, 'verbose': 0, 'warm_start': False}",18.29656457901001
Wine_spoilage,8,20,5,10,LinearSVC,Jittering,0.8172413793103448,0.8231371421951413,"{'C': 1.0, 'class_weight': None, 'dual': False, 'fit_intercept': True, 'intercept_scaling': 1, 'loss': 'squared_hinge', 'max_iter': 100, 'multi_class': 'ovr', 'penalty': 'l2', 'random_state': 42, 'tol': 0.0001, 'verbose': 0}",0.40288853645324707
Wine_spoilage,8,20,5,10,LogisticRegression,Jittering,0.8220689655172414,0.825394529482205,"{'C': 1.0, 'class_weight': None, 'dual': False, 'fit_intercept': True, 'intercept_scaling': 1, 'l1_ratio': None, 'max_iter': 100, 'multi_class': 'deprecated', 'n_jobs': None, 'penalty': 'l2', 'random_state': 42, 'solver': 'lbfgs', 'tol': 0.0001, 'verbose': 0, 'warm_start': False}",2.5465545654296875
Wine_spoilage,8,20,5,10,RNN,Jittering,0.9310344827586207,0.9297573435504469,"{'hidden_size': 64, 'epochs': 10, 'batch_size': 32, 'lr': 0.001}",10.354325532913208
Wine_spoilage,8,20,6,1,KNN,Baseline,0.9248275862068965,0.9240630061373216,"{'algorithm': 'auto', 'leaf_size': 30, 'metric': 'minkowski', 'metric_params': None, 'n_jobs': None, 'n_neighbors': 5, 'p': 2, 'weights': 'uniform'}",0.11511802673339844
Wine_spoilage,8,20,6,1,KNN,Tuned_Baseline,0.9313793103448276,0.9303171013123919,"{'algorithm': 'auto', 'leaf_size': 30, 'metric': 'manhattan', 'metric_params': None, 'n_jobs': None, 'n_neighbors': np.int64(25), 'p': 2, 'weights': 'distance'}",0.06148481369018555
Wine_spoilage,8,20,6,1,RandomForest,Baseline,0.920344827586207,0.92034961279609,"{'bootstrap': True, 'ccp_alpha': 0.0, 'class_weight': None, 'criterion': 'gini', 'max_depth': None, 'max_features': 'sqrt', 'max_leaf_nodes': None, 'max_samples': None, 'min_impurity_decrease': 0.0, 'min_samples_leaf': 1, 'min_samples_split': 2, 'min_weight_fraction_leaf': 0.0, 'monotonic_cst': None, 'n_estimators': 100, 'n_jobs': None, 'oob_score': False, 'random_state': 42, 'verbose': 0, 'warm_start': False}",0.8458473682403564
Wine_spoilage,8,20,6,1,RandomForest,Tuned_Baseline,0.9210344827586207,0.9206857469683545,"{'bootstrap': True, 'ccp_alpha': 0.0, 'class_weight': 'balanced', 'criterion': 'gini', 'max_depth': None, 'max_features': 'sqrt', 'max_leaf_nodes': None, 'max_samples': None, 'min_impurity_decrease': 0.0, 'min_samples_leaf': 4, 'min_samples_split': 5, 'min_weight_fraction_leaf': 0.0, 'monotonic_cst': None, 'n_estimators': 150, 'n_jobs': None, 'oob_score': False, 'random_state': 42, 'verbose': 0, 'warm_start': False}",0.0621943473815918
Wine_spoilage,8,20,6,1,LinearSVC,Baseline,0.7917241379310345,0.8011085005801417,"{'C': 1.0, 'class_weight': None, 'dual': False, 'fit_intercept': True, 'intercept_scaling': 1, 'loss': 'squared_hinge', 'max_iter': 100, 'multi_class': 'ovr', 'penalty': 'l2', 'random_state': 42, 'tol': 0.0001, 'verbose': 0}",0.06966590881347656
Wine_spoilage,8,20,6,1,LinearSVC,Tuned_Baseline,0.786896551724138,0.7997383561273226,"{'C': np.float64(14.38449888287663), 'class_weight': None, 'dual': False, 'fit_intercept': False, 'intercept_scaling': 1, 'loss': 'squared_hinge', 'max_iter': 100, 'multi_class': 'ovr', 'penalty': 'l2', 'random_state': 42, 'tol': 0.0001, 'verbose': 0}",0.0004572868347167969
Wine_spoilage,8,20,6,1,LogisticRegression,Baseline,0.8103448275862069,0.8175394732139473,"{'C': 1.0, 'class_weight': None, 'dual': False, 'fit_intercept': True, 'intercept_scaling': 1, 'l1_ratio': None, 'max_iter': 100, 'multi_class': 'deprecated', 'n_jobs': None, 'penalty': 'l2', 'random_state': 42, 'solver': 'lbfgs', 'tol': 0.0001, 'verbose': 0, 'warm_start': False}",0.42038536071777344
Wine_spoilage,8,20,6,1,LogisticRegression,Tuned_Baseline,0.8031034482758621,0.8083373474704725,"{'C': np.float64(6.1584821106602545), 'class_weight': None, 'dual': False, 'fit_intercept': True, 'intercept_scaling': 1, 'l1_ratio': None, 'max_iter': 100, 'multi_class': 'deprecated', 'n_jobs': None, 'penalty': 'l2', 'random_state': 42, 'solver': 'lbfgs', 'tol': 0.0001, 'verbose': 0, 'warm_start': False}",0.0004830360412597656
Wine_spoilage,8,20,6,1,RNN,Baseline,0.8620689655172413,0.8501683501683501,"{'hidden_size': 64, 'epochs': 10, 'batch_size': 32, 'lr': 0.001}",1.610302209854126
Wine_spoilage,8,20,6,1,RNN,Tuned_Baseline,0.8620689655172413,0.8501683501683501,"{'hidden_size': 64, 'epochs': 10, 'batch_size': 32, 'lr': 0.001}",0.0037360191345214844
Wine_spoilage,8,20,6,2,KNN,Jittering,0.9182758620689655,0.9180213727127573,"{'algorithm': 'auto', 'leaf_size': 30, 'metric': 'minkowski', 'metric_params': None, 'n_jobs': None, 'n_neighbors': np.int64(5), 'p': 3, 'weights': 'distance'}",0.1958000659942627
Wine_spoilage,8,20,6,2,RandomForest,Jittering,0.9017241379310345,0.9018454213239081,"{'bootstrap': True, 'ccp_alpha': 0.0, 'class_weight': None, 'criterion': 'gini', 'max_depth': 10, 'max_features': 'sqrt', 'max_leaf_nodes': None, 'max_samples': None, 'min_impurity_decrease': 0.0, 'min_samples_leaf': 1, 'min_samples_split': 2, 'min_weight_fraction_leaf': 0.0, 'monotonic_cst': None, 'n_estimators': 150, 'n_jobs': None, 'oob_score': False, 'random_state': 42, 'verbose': 0, 'warm_start': False}",2.9866223335266113
Wine_spoilage,8,20,6,2,LinearSVC,Jittering,0.7924137931034483,0.8020480915701836,"{'C': np.float64(14.38449888287663), 'class_weight': 'balanced', 'dual': False, 'fit_intercept': True, 'intercept_scaling': 1, 'loss': 'squared_hinge', 'max_iter': 100, 'multi_class': 'ovr', 'penalty': 'l2', 'random_state': 42, 'tol': 0.0001, 'verbose': 0}",0.07077431678771973
Wine_spoilage,8,20,6,2,LogisticRegression,Jittering,0.8137931034482758,0.8217547057990372,"{'C': np.float64(428.1332398719387), 'class_weight': None, 'dual': False, 'fit_intercept': False, 'intercept_scaling': 1, 'l1_ratio': None, 'max_iter': 100, 'multi_class': 'deprecated', 'n_jobs': None, 'penalty': 'l2', 'random_state': 42, 'solver': 'lbfgs', 'tol': 0.0001, 'verbose': 0, 'warm_start': False}",0.4437277317047119
Wine_spoilage,8,20,6,2,RNN,Jittering,0.9310344827586207,0.9297573435504469,"{'hidden_size': 64, 'epochs': 10, 'batch_size': 32, 'lr': 0.001}",6.669278860092163
Wine_spoilage,8,20,6,3,KNN,Jittering,0.920344827586207,0.9198163595814277,"{'algorithm': 'auto', 'leaf_size': 30, 'metric': 'minkowski', 'metric_params': None, 'n_jobs': None, 'n_neighbors': np.int64(11), 'p': 4, 'weights': 'distance'}",0.7204101085662842
Wine_spoilage,8,20,6,3,RandomForest,Jittering,0.9186206896551724,0.9184804060259074,"{'bootstrap': True, 'ccp_alpha': 0.0, 'class_weight': None, 'criterion': 'gini', 'max_depth': 30, 'max_features': 'sqrt', 'max_leaf_nodes': None, 'max_samples': None, 'min_impurity_decrease': 0.0, 'min_samples_leaf': 2, 'min_samples_split': 5, 'min_weight_fraction_leaf': 0.0, 'monotonic_cst': None, 'n_estimators': 100, 'n_jobs': None, 'oob_score': False, 'random_state': 42, 'verbose': 0, 'warm_start': False}",5.8659961223602295
Wine_spoilage,8,20,6,3,LinearSVC,Jittering,0.7927586206896552,0.802359140067333,"{'C': np.float64(428.1332398719387), 'class_weight': 'balanced', 'dual': False, 'fit_intercept': True, 'intercept_scaling': 1, 'loss': 'squared_hinge', 'max_iter': 100, 'multi_class': 'ovr', 'penalty': 'l2', 'random_state': 42, 'tol': 0.0001, 'verbose': 0}",0.11586999893188477
Wine_spoilage,8,20,6,3,LogisticRegression,Jittering,0.803448275862069,0.8083635231543921,"{'C': np.float64(428.1332398719387), 'class_weight': 'balanced', 'dual': False, 'fit_intercept': True, 'intercept_scaling': 1, 'l1_ratio': None, 'max_iter': 100, 'multi_class': 'deprecated', 'n_jobs': None, 'penalty': 'l2', 'random_state': 42, 'solver': 'lbfgs', 'tol': 0.0001, 'verbose': 0, 'warm_start': False}",0.6172280311584473
Wine_spoilage,8,20,6,3,RNN,Jittering,0.9310344827586207,0.9297573435504469,"{'hidden_size': 64, 'epochs': 10, 'batch_size': 32, 'lr': 0.001}",5.2083001136779785
Wine_spoilage,8,20,6,5,KNN,Jittering,0.9213793103448276,0.9210586225694307,"{'algorithm': 'auto', 'leaf_size': 30, 'metric': 'minkowski', 'metric_params': None, 'n_jobs': None, 'n_neighbors': np.int64(11), 'p': 4, 'weights': 'distance'}",0.3629312515258789
Wine_spoilage,8,20,6,5,RandomForest,Jittering,0.9155172413793103,0.9154457822172515,"{'bootstrap': True, 'ccp_alpha': 0.0, 'class_weight': 'balanced', 'criterion': 'gini', 'max_depth': 20, 'max_features': 'sqrt', 'max_leaf_nodes': None, 'max_samples': None, 'min_impurity_decrease': 0.0, 'min_samples_leaf': 2, 'min_samples_split': 2, 'min_weight_fraction_leaf': 0.0, 'monotonic_cst': None, 'n_estimators': 50, 'n_jobs': None, 'oob_score': False, 'random_state': 42, 'verbose': 0, 'warm_start': False}",3.515916585922241
Wine_spoilage,8,20,6,5,LinearSVC,Jittering,0.7875862068965517,0.8002845133992124,"{'C': np.float64(14.38449888287663), 'class_weight': 'balanced', 'dual': False, 'fit_intercept': False, 'intercept_scaling': 1, 'loss': 'squared_hinge', 'max_iter': 100, 'multi_class': 'ovr', 'penalty': 'l2', 'random_state': 42, 'tol': 0.0001, 'verbose': 0}",0.3529207706451416
Wine_spoilage,8,20,6,5,LogisticRegression,Jittering,0.8017241379310345,0.8073729056438084,"{'C': np.float64(78.47599703514607), 'class_weight': None, 'dual': False, 'fit_intercept': True, 'intercept_scaling': 1, 'l1_ratio': None, 'max_iter': 100, 'multi_class': 'deprecated', 'n_jobs': None, 'penalty': 'l1', 'random_state': 42, 'solver': 'saga', 'tol': 0.0001, 'verbose': 0, 'warm_start': False}",1.9555327892303467
Wine_spoilage,8,20,6,5,RNN,Jittering,0.9310344827586207,0.9297573435504469,"{'hidden_size': 64, 'epochs': 10, 'batch_size': 32, 'lr': 0.001}",13.158005952835083
Wine_spoilage,8,20,6,10,KNN,Jittering,0.9217241379310345,0.9212467431835997,"{'algorithm': 'auto', 'leaf_size': 30, 'metric': 'minkowski', 'metric_params': None, 'n_jobs': None, 'n_neighbors': 5, 'p': 2, 'weights': 'uniform'}",0.29564738273620605
Wine_spoilage,8,20,6,10,RandomForest,Jittering,0.9072413793103449,0.9075952102454025,"{'bootstrap': True, 'ccp_alpha': 0.0, 'class_weight': None, 'criterion': 'gini', 'max_depth': None, 'max_features': 'sqrt', 'max_leaf_nodes': None, 'max_samples': None, 'min_impurity_decrease': 0.0, 'min_samples_leaf': 1, 'min_samples_split': 2, 'min_weight_fraction_leaf': 0.0, 'monotonic_cst': None, 'n_estimators': 100, 'n_jobs': None, 'oob_score': False, 'random_state': 42, 'verbose': 0, 'warm_start': False}",19.480541467666626
Wine_spoilage,8,20,6,10,LinearSVC,Jittering,0.7927586206896552,0.8024392568184371,"{'C': 1.0, 'class_weight': None, 'dual': False, 'fit_intercept': True, 'intercept_scaling': 1, 'loss': 'squared_hinge', 'max_iter': 100, 'multi_class': 'ovr', 'penalty': 'l2', 'random_state': 42, 'tol': 0.0001, 'verbose': 0}",0.34393835067749023
Wine_spoilage,8,20,6,10,LogisticRegression,Jittering,0.8024137931034483,0.8079495249015934,"{'C': 1.0, 'class_weight': None, 'dual': False, 'fit_intercept': True, 'intercept_scaling': 1, 'l1_ratio': None, 'max_iter': 100, 'multi_class': 'deprecated', 'n_jobs': None, 'penalty': 'l2', 'random_state': 42, 'solver': 'lbfgs', 'tol': 0.0001, 'verbose': 0, 'warm_start': False}",2.203550338745117
Wine_spoilage,8,20,6,10,RNN,Jittering,0.9310344827586207,0.9297573435504469,"{'hidden_size': 64, 'epochs': 10, 'batch_size': 32, 'lr': 0.001}",10.131789445877075
Wine_spoilage,8,20,7,1,KNN,Baseline,0.9286206896551724,0.9284282093530077,"{'algorithm': 'auto', 'leaf_size': 30, 'metric': 'minkowski', 'metric_params': None, 'n_jobs': None, 'n_neighbors': 5, 'p': 2, 'weights': 'uniform'}",0.16603660583496094
Wine_spoilage,8,20,7,1,KNN,Tuned_Baseline,0.9410344827586207,0.9402726229511974,"{'algorithm': 'auto', 'leaf_size': 30, 'metric': 'manhattan', 'metric_params': None, 'n_jobs': None, 'n_neighbors': np.int64(15), 'p': 2, 'weights': 'distance'}",0.14386796951293945
Wine_spoilage,8,20,7,1,RandomForest,Baseline,0.9,0.9004035526270758,"{'bootstrap': True, 'ccp_alpha': 0.0, 'class_weight': None, 'criterion': 'gini', 'max_depth': None, 'max_features': 'sqrt', 'max_leaf_nodes': None, 'max_samples': None, 'min_impurity_decrease': 0.0, 'min_samples_leaf': 1, 'min_samples_split': 2, 'min_weight_fraction_leaf': 0.0, 'monotonic_cst': None, 'n_estimators': 100, 'n_jobs': None, 'oob_score': False, 'random_state': 42, 'verbose': 0, 'warm_start': False}",1.5967788696289062
Wine_spoilage,8,20,7,1,RandomForest,Tuned_Baseline,0.8975862068965518,0.8980925918954012,"{'bootstrap': True, 'ccp_alpha': 0.0, 'class_weight': 'balanced', 'criterion': 'gini', 'max_depth': 20, 'max_features': 'sqrt', 'max_leaf_nodes': None, 'max_samples': None, 'min_impurity_decrease': 0.0, 'min_samples_leaf': 2, 'min_samples_split': 10, 'min_weight_fraction_leaf': 0.0, 'monotonic_cst': None, 'n_estimators': 150, 'n_jobs': None, 'oob_score': False, 'random_state': 42, 'verbose': 0, 'warm_start': False}",0.03144526481628418
Wine_spoilage,8,20,7,1,LinearSVC,Baseline,0.8051724137931034,0.8099222243836065,"{'C': 1.0, 'class_weight': None, 'dual': False, 'fit_intercept': True, 'intercept_scaling': 1, 'loss': 'squared_hinge', 'max_iter': 100, 'multi_class': 'ovr', 'penalty': 'l2', 'random_state': 42, 'tol': 0.0001, 'verbose': 0}",0.07337832450866699
Wine_spoilage,8,20,7,1,LinearSVC,Tuned_Baseline,0.8089655172413793,0.813132135792775,"{'C': np.float64(428.1332398719387), 'class_weight': 'balanced', 'dual': False, 'fit_intercept': True, 'intercept_scaling': 1, 'loss': 'squared_hinge', 'max_iter': 100, 'multi_class': 'ovr', 'penalty': 'l2', 'random_state': 42, 'tol': 0.0001, 'verbose': 0}",0.00046443939208984375
Wine_spoilage,8,20,7,1,LogisticRegression,Baseline,0.8168965517241379,0.820490982278725,"{'C': 1.0, 'class_weight': None, 'dual': False, 'fit_intercept': True, 'intercept_scaling': 1, 'l1_ratio': None, 'max_iter': 100, 'multi_class': 'deprecated', 'n_jobs': None, 'penalty': 'l2', 'random_state': 42, 'solver': 'lbfgs', 'tol': 0.0001, 'verbose': 0, 'warm_start': False}",0.42145419120788574
Wine_spoilage,8,20,7,1,LogisticRegression,Tuned_Baseline,0.8210344827586207,0.823488067838699,"{'C': np.float64(78.47599703514607), 'class_weight': 'balanced', 'dual': False, 'fit_intercept': True, 'intercept_scaling': 1, 'l1_ratio': None, 'max_iter': 100, 'multi_class': 'deprecated', 'n_jobs': None, 'penalty': 'l2', 'random_state': 42, 'solver': 'lbfgs', 'tol': 0.0001, 'verbose': 0, 'warm_start': False}",0.0004634857177734375
Wine_spoilage,8,20,7,1,RNN,Baseline,0.896551724137931,0.8913660985599153,"{'hidden_size': 64, 'epochs': 10, 'batch_size': 32, 'lr': 0.001}",3.777040481567383
Wine_spoilage,8,20,7,1,RNN,Tuned_Baseline,0.896551724137931,0.8913660985599153,"{'hidden_size': 64, 'epochs': 10, 'batch_size': 32, 'lr': 0.001}",0.013410091400146484
Wine_spoilage,8,20,7,2,KNN,Jittering,0.9120689655172414,0.9125379390956387,"{'algorithm': 'auto', 'leaf_size': 30, 'metric': 'chebyshev', 'metric_params': None, 'n_jobs': None, 'n_neighbors': np.int64(1), 'p': 2, 'weights': 'distance'}",0.030191421508789062
Wine_spoilage,8,20,7,2,RandomForest,Jittering,0.9006896551724138,0.9013179404925911,"{'bootstrap': True, 'ccp_alpha': 0.0, 'class_weight': None, 'criterion': 'gini', 'max_depth': 10, 'max_features': 'sqrt', 'max_leaf_nodes': None, 'max_samples': None, 'min_impurity_decrease': 0.0, 'min_samples_leaf': 1, 'min_samples_split': 2, 'min_weight_fraction_leaf': 0.0, 'monotonic_cst': None, 'n_estimators': 150, 'n_jobs': None, 'oob_score': False, 'random_state': 42, 'verbose': 0, 'warm_start': False}",3.0475237369537354
Wine_spoilage,8,20,7,2,LinearSVC,Jittering,0.8024137931034483,0.8075211405728774,"{'C': np.float64(33.59818286283781), 'class_weight': 'balanced', 'dual': False, 'fit_intercept': True, 'intercept_scaling': 1, 'loss': 'squared_hinge', 'max_iter': 100, 'multi_class': 'ovr', 'penalty': 'l2', 'random_state': 42, 'tol': 0.0001, 'verbose': 0}",0.07162046432495117
Wine_spoilage,8,20,7,2,LogisticRegression,Jittering,0.8224137931034483,0.8267222493655015,"{'C': np.float64(428.1332398719387), 'class_weight': None, 'dual': False, 'fit_intercept': False, 'intercept_scaling': 1, 'l1_ratio': None, 'max_iter': 100, 'multi_class': 'deprecated', 'n_jobs': None, 'penalty': 'l2', 'random_state': 42, 'solver': 'lbfgs', 'tol': 0.0001, 'verbose': 0, 'warm_start': False}",0.11254429817199707
Wine_spoilage,8,20,7,2,RNN,Jittering,0.9310344827586207,0.9297573435504469,"{'hidden_size': 64, 'epochs': 10, 'batch_size': 32, 'lr': 0.001}",0.6896774768829346
Wine_spoilage,8,20,7,3,KNN,Jittering,0.9241379310344827,0.9242463942690882,"{'algorithm': 'auto', 'leaf_size': 30, 'metric': 'minkowski', 'metric_params': None, 'n_jobs': None, 'n_neighbors': np.int64(11), 'p': 4, 'weights': 'distance'}",0.25127744674682617
Wine_spoilage,8,20,7,3,RandomForest,Jittering,0.8955172413793103,0.8964357519663616,"{'bootstrap': True, 'ccp_alpha': 0.0, 'class_weight': None, 'criterion': 'gini', 'max_depth': 10, 'max_features': 'sqrt', 'max_leaf_nodes': None, 'max_samples': None, 'min_impurity_decrease': 0.0, 'min_samples_leaf': 1, 'min_samples_split': 2, 'min_weight_fraction_leaf': 0.0, 'monotonic_cst': None, 'n_estimators': 150, 'n_jobs': None, 'oob_score': False, 'random_state': 42, 'verbose': 0, 'warm_start': False}",6.1010448932647705
Wine_spoilage,8,20,7,3,LinearSVC,Jittering,0.8075862068965517,0.8140248421149772,"{'C': np.float64(1000.0), 'class_weight': None, 'dual': False, 'fit_intercept': True, 'intercept_scaling': 1, 'loss': 'squared_hinge', 'max_iter': 100, 'multi_class': 'ovr', 'penalty': 'l1', 'random_state': 42, 'tol': 0.0001, 'verbose': 0}",0.27138280868530273
Wine_spoilage,8,20,7,3,LogisticRegression,Jittering,0.8193103448275862,0.822030788498823,"{'C': np.float64(78.47599703514607), 'class_weight': 'balanced', 'dual': False, 'fit_intercept': True, 'intercept_scaling': 1, 'l1_ratio': None, 'max_iter': 100, 'multi_class': 'deprecated', 'n_jobs': None, 'penalty': 'l2', 'random_state': 42, 'solver': 'lbfgs', 'tol': 0.0001, 'verbose': 0, 'warm_start': False}",0.3548753261566162
Wine_spoilage,8,20,7,3,RNN,Jittering,0.9310344827586207,0.9297573435504469,"{'hidden_size': 64, 'epochs': 10, 'batch_size': 32, 'lr': 0.001}",6.165017604827881
Wine_spoilage,8,20,7,5,KNN,Jittering,0.9282758620689655,0.9283272781447451,"{'algorithm': 'auto', 'leaf_size': 30, 'metric': 'euclidean', 'metric_params': None, 'n_jobs': None, 'n_neighbors': np.int64(5), 'p': 2, 'weights': 'distance'}",0.11632204055786133
Wine_spoilage,8,20,7,5,RandomForest,Jittering,0.9155172413793103,0.9156224326163328,"{'bootstrap': True, 'ccp_alpha': 0.0, 'class_weight': 'balanced', 'criterion': 'gini', 'max_depth': 20, 'max_features': 'sqrt', 'max_leaf_nodes': None, 'max_samples': None, 'min_impurity_decrease': 0.0, 'min_samples_leaf': 2, 'min_samples_split': 2, 'min_weight_fraction_leaf': 0.0, 'monotonic_cst': None, 'n_estimators': 50, 'n_jobs': None, 'oob_score': False, 'random_state': 42, 'verbose': 0, 'warm_start': False}",3.667808771133423
Wine_spoilage,8,20,7,5,LinearSVC,Jittering,0.8027586206896552,0.8079425148828827,"{'C': np.float64(428.1332398719387), 'class_weight': 'balanced', 'dual': False, 'fit_intercept': True, 'intercept_scaling': 1, 'loss': 'squared_hinge', 'max_iter': 100, 'multi_class': 'ovr', 'penalty': 'l2', 'random_state': 42, 'tol': 0.0001, 'verbose': 0}",0.17630624771118164
Wine_spoilage,8,20,7,5,LogisticRegression,Jittering,0.8186206896551724,0.8214375463394562,"{'C': np.float64(78.47599703514607), 'class_weight': 'balanced', 'dual': False, 'fit_intercept': True, 'intercept_scaling': 1, 'l1_ratio': None, 'max_iter': 100, 'multi_class': 'deprecated', 'n_jobs': None, 'penalty': 'l2', 'random_state': 42, 'solver': 'lbfgs', 'tol': 0.0001, 'verbose': 0, 'warm_start': False}",2.780488967895508
Wine_spoilage,8,20,7,5,RNN,Jittering,0.9310344827586207,0.9297573435504469,"{'hidden_size': 64, 'epochs': 10, 'batch_size': 32, 'lr': 0.001}",14.416796684265137
Wine_spoilage,8,20,7,10,KNN,Jittering,0.9248275862068965,0.9249628948453253,"{'algorithm': 'auto', 'leaf_size': 30, 'metric': 'minkowski', 'metric_params': None, 'n_jobs': None, 'n_neighbors': 5, 'p': 2, 'weights': 'uniform'}",0.6872613430023193
Wine_spoilage,8,20,7,10,RandomForest,Jittering,0.9210344827586207,0.9210518211639916,"{'bootstrap': True, 'ccp_alpha': 0.0, 'class_weight': None, 'criterion': 'gini', 'max_depth': None, 'max_features': 'sqrt', 'max_leaf_nodes': None, 'max_samples': None, 'min_impurity_decrease': 0.0, 'min_samples_leaf': 1, 'min_samples_split': 2, 'min_weight_fraction_leaf': 0.0, 'monotonic_cst': None, 'n_estimators': 100, 'n_jobs': None, 'oob_score': False, 'random_state': 42, 'verbose': 0, 'warm_start': False}",19.10600781440735
Wine_spoilage,8,20,7,10,LinearSVC,Jittering,0.8024137931034483,0.8077334461775131,"{'C': 1.0, 'class_weight': None, 'dual': False, 'fit_intercept': True, 'intercept_scaling': 1, 'loss': 'squared_hinge', 'max_iter': 100, 'multi_class': 'ovr', 'penalty': 'l2', 'random_state': 42, 'tol': 0.0001, 'verbose': 0}",0.7806782722473145
Wine_spoilage,8,20,7,10,LogisticRegression,Jittering,0.8179310344827586,0.8210722830039539,"{'C': 1.0, 'class_weight': None, 'dual': False, 'fit_intercept': True, 'intercept_scaling': 1, 'l1_ratio': None, 'max_iter': 100, 'multi_class': 'deprecated', 'n_jobs': None, 'penalty': 'l2', 'random_state': 42, 'solver': 'lbfgs', 'tol': 0.0001, 'verbose': 0, 'warm_start': False}",6.533454418182373
Wine_spoilage,8,20,7,10,RNN,Jittering,0.9310344827586207,0.9297573435504469,"{'hidden_size': 64, 'epochs': 10, 'batch_size': 32, 'lr': 0.001}",28.4430513381958
Wine_spoilage,8,20,8,1,KNN,Baseline,0.9334482758620689,0.9326920937690735,"{'algorithm': 'auto', 'leaf_size': 30, 'metric': 'minkowski', 'metric_params': None, 'n_jobs': None, 'n_neighbors': 5, 'p': 2, 'weights': 'uniform'}",0.1645653247833252
Wine_spoilage,8,20,8,1,KNN,Tuned_Baseline,0.9358620689655173,0.9348275873299726,"{'algorithm': 'auto', 'leaf_size': 30, 'metric': 'manhattan', 'metric_params': None, 'n_jobs': None, 'n_neighbors': np.int64(5), 'p': 2, 'weights': 'distance'}",0.03810691833496094
Wine_spoilage,8,20,8,1,RandomForest,Baseline,0.9110344827586206,0.9112390940675941,"{'bootstrap': True, 'ccp_alpha': 0.0, 'class_weight': None, 'criterion': 'gini', 'max_depth': None, 'max_features': 'sqrt', 'max_leaf_nodes': None, 'max_samples': None, 'min_impurity_decrease': 0.0, 'min_samples_leaf': 1, 'min_samples_split': 2, 'min_weight_fraction_leaf': 0.0, 'monotonic_cst': None, 'n_estimators': 100, 'n_jobs': None, 'oob_score': False, 'random_state': 42, 'verbose': 0, 'warm_start': False}",1.0638844966888428
Wine_spoilage,8,20,8,1,RandomForest,Tuned_Baseline,0.9103448275862069,0.9103588029916759,"{'bootstrap': True, 'ccp_alpha': 0.0, 'class_weight': 'balanced', 'criterion': 'gini', 'max_depth': 30, 'max_features': 'sqrt', 'max_leaf_nodes': None, 'max_samples': None, 'min_impurity_decrease': 0.0, 'min_samples_leaf': 1, 'min_samples_split': 5, 'min_weight_fraction_leaf': 0.0, 'monotonic_cst': None, 'n_estimators': 50, 'n_jobs': None, 'oob_score': False, 'random_state': 42, 'verbose': 0, 'warm_start': False}",0.011179208755493164
Wine_spoilage,8,20,8,1,LinearSVC,Baseline,0.7941379310344827,0.8031625609457748,"{'C': 1.0, 'class_weight': None, 'dual': False, 'fit_intercept': True, 'intercept_scaling': 1, 'loss': 'squared_hinge', 'max_iter': 100, 'multi_class': 'ovr', 'penalty': 'l2', 'random_state': 42, 'tol': 0.0001, 'verbose': 0}",0.03341197967529297
Wine_spoilage,8,20,8,1,LinearSVC,Tuned_Baseline,0.7948275862068965,0.80357897634475,"{'C': np.float64(33.59818286283781), 'class_weight': 'balanced', 'dual': False, 'fit_intercept': True, 'intercept_scaling': 1, 'loss': 'squared_hinge', 'max_iter': 100, 'multi_class': 'ovr', 'penalty': 'l2', 'random_state': 42, 'tol': 0.0001, 'verbose': 0}",0.000507354736328125
Wine_spoilage,8,20,8,1,LogisticRegression,Baseline,0.7920689655172414,0.7996280295834101,"{'C': 1.0, 'class_weight': None, 'dual': False, 'fit_intercept': True, 'intercept_scaling': 1, 'l1_ratio': None, 'max_iter': 100, 'multi_class': 'deprecated', 'n_jobs': None, 'penalty': 'l2', 'random_state': 42, 'solver': 'lbfgs', 'tol': 0.0001, 'verbose': 0, 'warm_start': False}",0.7498354911804199
Wine_spoilage,8,20,8,1,LogisticRegression,Tuned_Baseline,0.7855172413793103,0.7927813253948139,"{'C': np.float64(6.1584821106602545), 'class_weight': None, 'dual': False, 'fit_intercept': True, 'intercept_scaling': 1, 'l1_ratio': None, 'max_iter': 100, 'multi_class': 'deprecated', 'n_jobs': None, 'penalty': 'l2', 'random_state': 42, 'solver': 'lbfgs', 'tol': 0.0001, 'verbose': 0, 'warm_start': False}",0.000453948974609375
Wine_spoilage,8,20,8,1,RNN,Baseline,0.7931034482758621,0.7380952380952381,"{'hidden_size': 64, 'epochs': 10, 'batch_size': 32, 'lr': 0.001}",0.48902010917663574
Wine_spoilage,8,20,8,1,RNN,Tuned_Baseline,0.7931034482758621,0.7380952380952381,"{'hidden_size': 64, 'epochs': 10, 'batch_size': 32, 'lr': 0.001}",0.002584695816040039
Wine_spoilage,8,20,8,2,KNN,Jittering,0.9313793103448276,0.9309028993973578,"{'algorithm': 'auto', 'leaf_size': 30, 'metric': 'minkowski', 'metric_params': None, 'n_jobs': None, 'n_neighbors': np.int64(5), 'p': 3, 'weights': 'distance'}",0.1582193374633789
Wine_spoilage,8,20,8,2,RandomForest,Jittering,0.9293103448275862,0.9292107030999432,"{'bootstrap': True, 'ccp_alpha': 0.0, 'class_weight': 'balanced', 'criterion': 'gini', 'max_depth': 20, 'max_features': 'sqrt', 'max_leaf_nodes': None, 'max_samples': None, 'min_impurity_decrease': 0.0, 'min_samples_leaf': 2, 'min_samples_split': 5, 'min_weight_fraction_leaf': 0.0, 'monotonic_cst': None, 'n_estimators': 100, 'n_jobs': None, 'oob_score': False, 'random_state': 42, 'verbose': 0, 'warm_start': False}",2.480323076248169
Wine_spoilage,8,20,8,2,LinearSVC,Jittering,0.7941379310344827,0.8032400477148316,"{'C': np.float64(428.1332398719387), 'class_weight': None, 'dual': False, 'fit_intercept': True, 'intercept_scaling': 1, 'loss': 'squared_hinge', 'max_iter': 100, 'multi_class': 'ovr', 'penalty': 'l2', 'random_state': 42, 'tol': 0.001, 'verbose': 0}",0.06120014190673828
Wine_spoilage,8,20,8,2,LogisticRegression,Jittering,0.7903448275862069,0.7973284559589243,"{'C': np.float64(33.59818286283781), 'class_weight': 'balanced', 'dual': False, 'fit_intercept': True, 'intercept_scaling': 1, 'l1_ratio': None, 'max_iter': 100, 'multi_class': 'deprecated', 'n_jobs': None, 'penalty': 'l2', 'random_state': 42, 'solver': 'lbfgs', 'tol': 0.0001, 'verbose': 0, 'warm_start': False}",0.32340097427368164
Wine_spoilage,8,20,8,2,RNN,Jittering,0.9310344827586207,0.9297573435504469,"{'hidden_size': 64, 'epochs': 10, 'batch_size': 32, 'lr': 0.001}",3.152971029281616
Wine_spoilage,8,20,8,3,KNN,Jittering,0.9337931034482758,0.9332716200645668,"{'algorithm': 'auto', 'leaf_size': 30, 'metric': 'minkowski', 'metric_params': None, 'n_jobs': None, 'n_neighbors': np.int64(11), 'p': 4, 'weights': 'distance'}",0.30017542839050293
Wine_spoilage,8,20,8,3,RandomForest,Jittering,0.9282758620689655,0.9280023888654845,"{'bootstrap': True, 'ccp_alpha': 0.0, 'class_weight': None, 'criterion': 'gini', 'max_depth': 30, 'max_features': 'sqrt', 'max_leaf_nodes': None, 'max_samples': None, 'min_impurity_decrease': 0.0, 'min_samples_leaf': 1, 'min_samples_split': 5, 'min_weight_fraction_leaf': 0.0, 'monotonic_cst': None, 'n_estimators': 100, 'n_jobs': None, 'oob_score': False, 'random_state': 42, 'verbose': 0, 'warm_start': False}",4.816215753555298
Wine_spoilage,8,20,8,3,LinearSVC,Jittering,0.7941379310344827,0.8033404137858088,"{'C': np.float64(428.1332398719387), 'class_weight': None, 'dual': False, 'fit_intercept': True, 'intercept_scaling': 1, 'loss': 'squared_hinge', 'max_iter': 100, 'multi_class': 'ovr', 'penalty': 'l2', 'random_state': 42, 'tol': 0.001, 'verbose': 0}",0.10271191596984863
Wine_spoilage,8,20,8,3,LogisticRegression,Jittering,0.8003448275862068,0.8097455615132361,"{'C': np.float64(428.1332398719387), 'class_weight': None, 'dual': False, 'fit_intercept': False, 'intercept_scaling': 1, 'l1_ratio': None, 'max_iter': 100, 'multi_class': 'deprecated', 'n_jobs': None, 'penalty': 'l2', 'random_state': 42, 'solver': 'sag', 'tol': 0.0001, 'verbose': 0, 'warm_start': False}",0.747133731842041
Wine_spoilage,8,20,8,3,RNN,Jittering,0.9310344827586207,0.9297573435504469,"{'hidden_size': 64, 'epochs': 10, 'batch_size': 32, 'lr': 0.001}",5.560678958892822
Wine_spoilage,8,20,8,5,KNN,Jittering,0.9313793103448276,0.9303434877084369,"{'algorithm': 'auto', 'leaf_size': 30, 'metric': 'manhattan', 'metric_params': None, 'n_jobs': None, 'n_neighbors': np.int64(5), 'p': 2, 'weights': 'distance'}",0.1536705493927002
Wine_spoilage,8,20,8,5,RandomForest,Jittering,0.9258620689655173,0.9259581969063935,"{'bootstrap': True, 'ccp_alpha': 0.0, 'class_weight': None, 'criterion': 'gini', 'max_depth': None, 'max_features': 'sqrt', 'max_leaf_nodes': None, 'max_samples': None, 'min_impurity_decrease': 0.0, 'min_samples_leaf': 2, 'min_samples_split': 10, 'min_weight_fraction_leaf': 0.0, 'monotonic_cst': None, 'n_estimators': 100, 'n_jobs': None, 'oob_score': False, 'random_state': 42, 'verbose': 0, 'warm_start': False}",8.589452505111694
Wine_spoilage,8,20,8,5,LinearSVC,Jittering,0.7941379310344827,0.8034753199961784,"{'C': np.float64(0.4832930238571752), 'class_weight': None, 'dual': False, 'fit_intercept': True, 'intercept_scaling': 1, 'loss': 'squared_hinge', 'max_iter': 100, 'multi_class': 'ovr', 'penalty': 'l2', 'random_state': 42, 'tol': 0.001, 'verbose': 0}",0.15256881713867188
Wine_spoilage,8,20,8,5,LogisticRegression,Jittering,0.7924137931034483,0.7992104464906038,"{'C': np.float64(428.1332398719387), 'class_weight': None, 'dual': False, 'fit_intercept': True, 'intercept_scaling': 1, 'l1_ratio': None, 'max_iter': 100, 'multi_class': 'deprecated', 'n_jobs': None, 'penalty': 'l2', 'random_state': 42, 'solver': 'sag', 'tol': 0.0001, 'verbose': 0, 'warm_start': False}",1.3433825969696045
Wine_spoilage,8,20,8,5,RNN,Jittering,0.9310344827586207,0.9297573435504469,"{'hidden_size': 64, 'epochs': 10, 'batch_size': 32, 'lr': 0.001}",10.261629581451416
Wine_spoilage,8,20,8,10,KNN,Jittering,0.9286206896551724,0.9277294755688534,"{'algorithm': 'auto', 'leaf_size': 30, 'metric': 'minkowski', 'metric_params': None, 'n_jobs': None, 'n_neighbors': 5, 'p': 2, 'weights': 'uniform'}",0.32509493827819824
Wine_spoilage,8,20,8,10,RandomForest,Jittering,0.9244827586206896,0.9244233127358821,"{'bootstrap': True, 'ccp_alpha': 0.0, 'class_weight': None, 'criterion': 'gini', 'max_depth': None, 'max_features': 'sqrt', 'max_leaf_nodes': None, 'max_samples': None, 'min_impurity_decrease': 0.0, 'min_samples_leaf': 1, 'min_samples_split': 2, 'min_weight_fraction_leaf': 0.0, 'monotonic_cst': None, 'n_estimators': 100, 'n_jobs': None, 'oob_score': False, 'random_state': 42, 'verbose': 0, 'warm_start': False}",17.895346641540527
Wine_spoilage,8,20,8,10,LinearSVC,Jittering,0.793448275862069,0.8029551153084102,"{'C': 1.0, 'class_weight': None, 'dual': False, 'fit_intercept': True, 'intercept_scaling': 1, 'loss': 'squared_hinge', 'max_iter': 100, 'multi_class': 'ovr', 'penalty': 'l2', 'random_state': 42, 'tol': 0.0001, 'verbose': 0}",0.5460793972015381
Wine_spoilage,8,20,8,10,LogisticRegression,Jittering,0.7913793103448276,0.7984305203242184,"{'C': 1.0, 'class_weight': None, 'dual': False, 'fit_intercept': True, 'intercept_scaling': 1, 'l1_ratio': None, 'max_iter': 100, 'multi_class': 'deprecated', 'n_jobs': None, 'penalty': 'l2', 'random_state': 42, 'solver': 'lbfgs', 'tol': 0.0001, 'verbose': 0, 'warm_start': False}",2.5027365684509277
Wine_spoilage,8,20,8,10,RNN,Jittering,0.9310344827586207,0.9297573435504469,"{'hidden_size': 64, 'epochs': 10, 'batch_size': 32, 'lr': 0.001}",14.578171730041504
Wine_spoilage,8,20,9,1,KNN,Baseline,0.9351724137931035,0.9343010073275468,"{'algorithm': 'auto', 'leaf_size': 30, 'metric': 'minkowski', 'metric_params': None, 'n_jobs': None, 'n_neighbors': 5, 'p': 2, 'weights': 'uniform'}",0.12066531181335449
Wine_spoilage,8,20,9,1,KNN,Tuned_Baseline,0.9410344827586207,0.9398023208248858,"{'algorithm': 'auto', 'leaf_size': 30, 'metric': 'manhattan', 'metric_params': None, 'n_jobs': None, 'n_neighbors': np.int64(5), 'p': 2, 'weights': 'distance'}",0.04277467727661133
Wine_spoilage,8,20,9,1,RandomForest,Baseline,0.9148275862068965,0.9154118670542083,"{'bootstrap': True, 'ccp_alpha': 0.0, 'class_weight': None, 'criterion': 'gini', 'max_depth': None, 'max_features': 'sqrt', 'max_leaf_nodes': None, 'max_samples': None, 'min_impurity_decrease': 0.0, 'min_samples_leaf': 1, 'min_samples_split': 2, 'min_weight_fraction_leaf': 0.0, 'monotonic_cst': None, 'n_estimators': 100, 'n_jobs': None, 'oob_score': False, 'random_state': 42, 'verbose': 0, 'warm_start': False}",1.004042148590088
Wine_spoilage,8,20,9,1,RandomForest,Tuned_Baseline,0.9165517241379311,0.9170256612598722,"{'bootstrap': True, 'ccp_alpha': 0.0, 'class_weight': 'balanced', 'criterion': 'gini', 'max_depth': 30, 'max_features': 'sqrt', 'max_leaf_nodes': None, 'max_samples': None, 'min_impurity_decrease': 0.0, 'min_samples_leaf': 1, 'min_samples_split': 5, 'min_weight_fraction_leaf': 0.0, 'monotonic_cst': None, 'n_estimators': 100, 'n_jobs': None, 'oob_score': False, 'random_state': 42, 'verbose': 0, 'warm_start': False}",0.01810765266418457
Wine_spoilage,8,20,9,1,LinearSVC,Baseline,0.8062068965517242,0.8153889811554955,"{'C': 1.0, 'class_weight': None, 'dual': False, 'fit_intercept': True, 'intercept_scaling': 1, 'loss': 'squared_hinge', 'max_iter': 100, 'multi_class': 'ovr', 'penalty': 'l2', 'random_state': 42, 'tol': 0.0001, 'verbose': 0}",0.03281402587890625
Wine_spoilage,8,20,9,1,LinearSVC,Tuned_Baseline,0.8044827586206896,0.813532559161388,"{'C': np.float64(6.1584821106602545), 'class_weight': None, 'dual': False, 'fit_intercept': True, 'intercept_scaling': 1, 'loss': 'squared_hinge', 'max_iter': 100, 'multi_class': 'ovr', 'penalty': 'l2', 'random_state': 42, 'tol': 0.0001, 'verbose': 0}",0.0004870891571044922
Wine_spoilage,8,20,9,1,LogisticRegression,Baseline,0.8213793103448276,0.8293116271849663,"{'C': 1.0, 'class_weight': None, 'dual': False, 'fit_intercept': True, 'intercept_scaling': 1, 'l1_ratio': None, 'max_iter': 100, 'multi_class': 'deprecated', 'n_jobs': None, 'penalty': 'l2', 'random_state': 42, 'solver': 'lbfgs', 'tol': 0.0001, 'verbose': 0, 'warm_start': False}",0.25490832328796387
Wine_spoilage,8,20,9,1,LogisticRegression,Tuned_Baseline,0.8210344827586207,0.8293680136994414,"{'C': np.float64(428.1332398719387), 'class_weight': None, 'dual': False, 'fit_intercept': False, 'intercept_scaling': 1, 'l1_ratio': None, 'max_iter': 100, 'multi_class': 'deprecated', 'n_jobs': None, 'penalty': 'l2', 'random_state': 42, 'solver': 'lbfgs', 'tol': 0.0001, 'verbose': 0, 'warm_start': False}",0.0004820823669433594
Wine_spoilage,8,20,9,1,RNN,Baseline,0.8275862068965517,0.7997080824667031,"{'hidden_size': 64, 'epochs': 10, 'batch_size': 32, 'lr': 0.001}",1.814915418624878
Wine_spoilage,8,20,9,1,RNN,Tuned_Baseline,0.8275862068965517,0.7997080824667031,"{'hidden_size': 64, 'epochs': 10, 'batch_size': 32, 'lr': 0.001}",0.016028404235839844
Wine_spoilage,8,20,9,2,KNN,Jittering,0.9310344827586207,0.930265199998507,"{'algorithm': 'auto', 'leaf_size': 30, 'metric': 'minkowski', 'metric_params': None, 'n_jobs': None, 'n_neighbors': np.int64(5), 'p': 3, 'weights': 'distance'}",0.2091989517211914
Wine_spoilage,8,20,9,2,RandomForest,Jittering,0.8958620689655172,0.896279817681035,"{'bootstrap': True, 'ccp_alpha': 0.0, 'class_weight': None, 'criterion': 'gini', 'max_depth': 10, 'max_features': 'sqrt', 'max_leaf_nodes': None, 'max_samples': None, 'min_impurity_decrease': 0.0, 'min_samples_leaf': 1, 'min_samples_split': 2, 'min_weight_fraction_leaf': 0.0, 'monotonic_cst': None, 'n_estimators': 150, 'n_jobs': None, 'oob_score': False, 'random_state': 42, 'verbose': 0, 'warm_start': False}",3.4190659523010254
Wine_spoilage,8,20,9,2,LinearSVC,Jittering,0.8075862068965517,0.817480209993232,"{'C': np.float64(78.47599703514607), 'class_weight': None, 'dual': False, 'fit_intercept': True, 'intercept_scaling': 1, 'loss': 'squared_hinge', 'max_iter': 100, 'multi_class': 'ovr', 'penalty': 'l1', 'random_state': 42, 'tol': 0.0001, 'verbose': 0}",0.1966874599456787
Wine_spoilage,8,20,9,2,LogisticRegression,Jittering,0.8206896551724138,0.8291230489607642,"{'C': np.float64(1000.0), 'class_weight': 'balanced', 'dual': False, 'fit_intercept': False, 'intercept_scaling': 1, 'l1_ratio': None, 'max_iter': 100, 'multi_class': 'deprecated', 'n_jobs': None, 'penalty': 'l2', 'random_state': 42, 'solver': 'lbfgs', 'tol': 0.0001, 'verbose': 0, 'warm_start': False}",0.27232861518859863
Wine_spoilage,8,20,9,2,RNN,Jittering,0.896551724137931,0.8913660985599153,"{'hidden_size': 64, 'epochs': 10, 'batch_size': 32, 'lr': 0.001}",3.628387212753296
Wine_spoilage,8,20,9,3,KNN,Jittering,0.9327586206896552,0.9322619020552947,"{'algorithm': 'auto', 'leaf_size': 30, 'metric': 'minkowski', 'metric_params': None, 'n_jobs': None, 'n_neighbors': np.int64(11), 'p': 4, 'weights': 'distance'}",0.3187718391418457
Wine_spoilage,8,20,9,3,RandomForest,Jittering,0.9227586206896552,0.9229557804860348,"{'bootstrap': True, 'ccp_alpha': 0.0, 'class_weight': 'balanced', 'criterion': 'gini', 'max_depth': 20, 'max_features': 'sqrt', 'max_leaf_nodes': None, 'max_samples': None, 'min_impurity_decrease': 0.0, 'min_samples_leaf': 2, 'min_samples_split': 2, 'min_weight_fraction_leaf': 0.0, 'monotonic_cst': None, 'n_estimators': 50, 'n_jobs': None, 'oob_score': False, 'random_state': 42, 'verbose': 0, 'warm_start': False}",2.286917209625244
Wine_spoilage,8,20,9,3,LinearSVC,Jittering,0.8068965517241379,0.816165000100572,"{'C': np.float64(428.1332398719387), 'class_weight': None, 'dual': False, 'fit_intercept': True, 'intercept_scaling': 1, 'loss': 'squared_hinge', 'max_iter': 100, 'multi_class': 'ovr', 'penalty': 'l2', 'random_state': 42, 'tol': 0.001, 'verbose': 0}",0.7533135414123535
Wine_spoilage,8,20,9,3,LogisticRegression,Jittering,0.8213793103448276,0.8287883089996756,"{'C': np.float64(33.59818286283781), 'class_weight': 'balanced', 'dual': False, 'fit_intercept': True, 'intercept_scaling': 1, 'l1_ratio': None, 'max_iter': 100, 'multi_class': 'deprecated', 'n_jobs': None, 'penalty': 'l2', 'random_state': 42, 'solver': 'lbfgs', 'tol': 0.0001, 'verbose': 0, 'warm_start': False}",2.856616735458374
Wine_spoilage,8,20,9,3,RNN,Jittering,0.9310344827586207,0.9297573435504469,"{'hidden_size': 64, 'epochs': 10, 'batch_size': 32, 'lr': 0.001}",11.016049146652222
Wine_spoilage,8,20,9,5,KNN,Jittering,0.9337931034482758,0.9329748770575952,"{'algorithm': 'auto', 'leaf_size': 30, 'metric': 'euclidean', 'metric_params': None, 'n_jobs': None, 'n_neighbors': np.int64(7), 'p': 2, 'weights': 'uniform'}",0.24297332763671875
Wine_spoilage,8,20,9,5,RandomForest,Jittering,0.896551724137931,0.8970370701396877,"{'bootstrap': True, 'ccp_alpha': 0.0, 'class_weight': None, 'criterion': 'gini', 'max_depth': 10, 'max_features': 'sqrt', 'max_leaf_nodes': None, 'max_samples': None, 'min_impurity_decrease': 0.0, 'min_samples_leaf': 1, 'min_samples_split': 2, 'min_weight_fraction_leaf': 0.0, 'monotonic_cst': None, 'n_estimators': 150, 'n_jobs': None, 'oob_score': False, 'random_state': 42, 'verbose': 0, 'warm_start': False}",9.419543027877808
Wine_spoilage,8,20,9,5,LinearSVC,Jittering,0.8027586206896552,0.8134547000658093,"{'C': np.float64(14.38449888287663), 'class_weight': 'balanced', 'dual': False, 'fit_intercept': False, 'intercept_scaling': 1, 'loss': 'squared_hinge', 'max_iter': 100, 'multi_class': 'ovr', 'penalty': 'l2', 'random_state': 42, 'tol': 0.0001, 'verbose': 0}",0.13593792915344238
Wine_spoilage,8,20,9,5,LogisticRegression,Jittering,0.8213793103448276,0.8297293807789005,"{'C': np.float64(1000.0), 'class_weight': 'balanced', 'dual': False, 'fit_intercept': False, 'intercept_scaling': 1, 'l1_ratio': None, 'max_iter': 100, 'multi_class': 'deprecated', 'n_jobs': None, 'penalty': 'l2', 'random_state': 42, 'solver': 'lbfgs', 'tol': 0.0001, 'verbose': 0, 'warm_start': False}",3.272345781326294
Wine_spoilage,8,20,9,5,RNN,Jittering,0.9310344827586207,0.9297573435504469,"{'hidden_size': 64, 'epochs': 10, 'batch_size': 32, 'lr': 0.001}",11.74025273323059
Wine_spoilage,8,20,9,10,KNN,Jittering,0.9296551724137931,0.928847148130544,"{'algorithm': 'auto', 'leaf_size': 30, 'metric': 'minkowski', 'metric_params': None, 'n_jobs': None, 'n_neighbors': 5, 'p': 2, 'weights': 'uniform'}",0.562002420425415
Wine_spoilage,8,20,9,10,RandomForest,Jittering,0.9241379310344827,0.9242687450949955,"{'bootstrap': True, 'ccp_alpha': 0.0, 'class_weight': None, 'criterion': 'gini', 'max_depth': None, 'max_features': 'sqrt', 'max_leaf_nodes': None, 'max_samples': None, 'min_impurity_decrease': 0.0, 'min_samples_leaf': 1, 'min_samples_split': 2, 'min_weight_fraction_leaf': 0.0, 'monotonic_cst': None, 'n_estimators': 100, 'n_jobs': None, 'oob_score': False, 'random_state': 42, 'verbose': 0, 'warm_start': False}",17.708820581436157
Wine_spoilage,8,20,9,10,LinearSVC,Jittering,0.8075862068965517,0.8169081156262246,"{'C': 1.0, 'class_weight': None, 'dual': False, 'fit_intercept': True, 'intercept_scaling': 1, 'loss': 'squared_hinge', 'max_iter': 100, 'multi_class': 'ovr', 'penalty': 'l2', 'random_state': 42, 'tol': 0.0001, 'verbose': 0}",0.32630419731140137
Wine_spoilage,8,20,9,10,LogisticRegression,Jittering,0.82,0.8277986094509306,"{'C': 1.0, 'class_weight': None, 'dual': False, 'fit_intercept': True, 'intercept_scaling': 1, 'l1_ratio': None, 'max_iter': 100, 'multi_class': 'deprecated', 'n_jobs': None, 'penalty': 'l2', 'random_state': 42, 'solver': 'lbfgs', 'tol': 0.0001, 'verbose': 0, 'warm_start': False}",1.3741934299468994
Wine_spoilage,8,20,9,10,RNN,Jittering,0.9310344827586207,0.9297573435504469,"{'hidden_size': 64, 'epochs': 10, 'batch_size': 32, 'lr': 0.001}",3.2977421283721924
Wine_spoilage,8,20,10,1,KNN,Baseline,0.9406896551724138,0.9415417330183867,"{'algorithm': 'auto', 'leaf_size': 30, 'metric': 'minkowski', 'metric_params': None, 'n_jobs': None, 'n_neighbors': 5, 'p': 2, 'weights': 'uniform'}",0.11439752578735352
Wine_spoilage,8,20,10,1,KNN,Tuned_Baseline,0.9441379310344827,0.9446385299964851,"{'algorithm': 'auto', 'leaf_size': 30, 'metric': 'manhattan', 'metric_params': None, 'n_jobs': None, 'n_neighbors': np.int64(17), 'p': 2, 'weights': 'distance'}",0.12429976463317871
Wine_spoilage,8,20,10,1,RandomForest,Baseline,0.9265517241379311,0.9272314654246997,"{'bootstrap': True, 'ccp_alpha': 0.0, 'class_weight': None, 'criterion': 'gini', 'max_depth': None, 'max_features': 'sqrt', 'max_leaf_nodes': None, 'max_samples': None, 'min_impurity_decrease': 0.0, 'min_samples_leaf': 1, 'min_samples_split': 2, 'min_weight_fraction_leaf': 0.0, 'monotonic_cst': None, 'n_estimators': 100, 'n_jobs': None, 'oob_score': False, 'random_state': 42, 'verbose': 0, 'warm_start': False}",1.1178011894226074
Wine_spoilage,8,20,10,1,RandomForest,Tuned_Baseline,0.9241379310344827,0.9248705516479835,"{'bootstrap': True, 'ccp_alpha': 0.0, 'class_weight': None, 'criterion': 'gini', 'max_depth': 20, 'max_features': 'sqrt', 'max_leaf_nodes': None, 'max_samples': None, 'min_impurity_decrease': 0.0, 'min_samples_leaf': 1, 'min_samples_split': 5, 'min_weight_fraction_leaf': 0.0, 'monotonic_cst': None, 'n_estimators': 50, 'n_jobs': None, 'oob_score': False, 'random_state': 42, 'verbose': 0, 'warm_start': False}",0.009465456008911133
Wine_spoilage,8,20,10,1,LinearSVC,Baseline,0.7979310344827586,0.8027048635362155,"{'C': 1.0, 'class_weight': None, 'dual': False, 'fit_intercept': True, 'intercept_scaling': 1, 'loss': 'squared_hinge', 'max_iter': 100, 'multi_class': 'ovr', 'penalty': 'l2', 'random_state': 42, 'tol': 0.0001, 'verbose': 0}",0.035172462463378906
Wine_spoilage,8,20,10,1,LinearSVC,Tuned_Baseline,0.7996551724137931,0.8042549894241239,"{'C': np.float64(428.1332398719387), 'class_weight': None, 'dual': False, 'fit_intercept': True, 'intercept_scaling': 1, 'loss': 'squared_hinge', 'max_iter': 100, 'multi_class': 'ovr', 'penalty': 'l2', 'random_state': 42, 'tol': 0.001, 'verbose': 0}",0.00041866302490234375
Wine_spoilage,8,20,10,1,LogisticRegression,Baseline,0.8013793103448276,0.806022362052675,"{'C': 1.0, 'class_weight': None, 'dual': False, 'fit_intercept': True, 'intercept_scaling': 1, 'l1_ratio': None, 'max_iter': 100, 'multi_class': 'deprecated', 'n_jobs': None, 'penalty': 'l2', 'random_state': 42, 'solver': 'lbfgs', 'tol': 0.0001, 'verbose': 0, 'warm_start': False}",0.553215742111206
Wine_spoilage,8,20,10,1,LogisticRegression,Tuned_Baseline,0.7993103448275862,0.8039435442235067,"{'C': np.float64(6.1584821106602545), 'class_weight': None, 'dual': False, 'fit_intercept': True, 'intercept_scaling': 1, 'l1_ratio': None, 'max_iter': 100, 'multi_class': 'deprecated', 'n_jobs': None, 'penalty': 'l2', 'random_state': 42, 'solver': 'lbfgs', 'tol': 0.0001, 'verbose': 0, 'warm_start': False}",0.0005395412445068359
Wine_spoilage,8,20,10,1,RNN,Baseline,0.9310344827586207,0.9246197608266573,"{'hidden_size': 64, 'epochs': 10, 'batch_size': 32, 'lr': 0.001}",10.080044031143188
Wine_spoilage,8,20,10,1,RNN,Tuned_Baseline,0.9310344827586207,0.9246197608266573,"{'hidden_size': 64, 'epochs': 10, 'batch_size': 32, 'lr': 0.001}",0.030246496200561523
Wine_spoilage,8,20,10,2,KNN,Jittering,0.9393103448275862,0.940085796751382,"{'algorithm': 'auto', 'leaf_size': 30, 'metric': 'minkowski', 'metric_params': None, 'n_jobs': None, 'n_neighbors': np.int64(5), 'p': 3, 'weights': 'distance'}",0.2078545093536377
Wine_spoilage,8,20,10,2,RandomForest,Jittering,0.9258620689655173,0.926404906015278,"{'bootstrap': True, 'ccp_alpha': 0.0, 'class_weight': 'balanced', 'criterion': 'gini', 'max_depth': 30, 'max_features': 'sqrt', 'max_leaf_nodes': None, 'max_samples': None, 'min_impurity_decrease': 0.0, 'min_samples_leaf': 4, 'min_samples_split': 5, 'min_weight_fraction_leaf': 0.0, 'monotonic_cst': None, 'n_estimators': 100, 'n_jobs': None, 'oob_score': False, 'random_state': 42, 'verbose': 0, 'warm_start': False}",2.538567304611206
Wine_spoilage,8,20,10,2,LinearSVC,Jittering,0.7955172413793103,0.8004188331983831,"{'C': np.float64(14.38449888287663), 'class_weight': 'balanced', 'dual': False, 'fit_intercept': True, 'intercept_scaling': 1, 'loss': 'squared_hinge', 'max_iter': 100, 'multi_class': 'ovr', 'penalty': 'l2', 'random_state': 42, 'tol': 0.0001, 'verbose': 0}",0.07498288154602051
Wine_spoilage,8,20,10,2,LogisticRegression,Jittering,0.8003448275862068,0.8046940026916717,"{'C': np.float64(33.59818286283781), 'class_weight': 'balanced', 'dual': False, 'fit_intercept': True, 'intercept_scaling': 1, 'l1_ratio': None, 'max_iter': 100, 'multi_class': 'deprecated', 'n_jobs': None, 'penalty': 'l2', 'random_state': 42, 'solver': 'lbfgs', 'tol': 0.0001, 'verbose': 0, 'warm_start': False}",0.7386159896850586
Wine_spoilage,8,20,10,2,RNN,Jittering,0.9310344827586207,0.9297573435504469,"{'hidden_size': 64, 'epochs': 10, 'batch_size': 32, 'lr': 0.001}",4.6722705364227295
Wine_spoilage,8,20,10,3,KNN,Jittering,0.920344827586207,0.9216297172390452,"{'algorithm': 'auto', 'leaf_size': 30, 'metric': 'chebyshev', 'metric_params': None, 'n_jobs': None, 'n_neighbors': np.int64(1), 'p': 2, 'weights': 'distance'}",0.10236191749572754
Wine_spoilage,8,20,10,3,RandomForest,Jittering,0.9296551724137931,0.9301675876514984,"{'bootstrap': True, 'ccp_alpha': 0.0, 'class_weight': None, 'criterion': 'gini', 'max_depth': 30, 'max_features': 'sqrt', 'max_leaf_nodes': None, 'max_samples': None, 'min_impurity_decrease': 0.0, 'min_samples_leaf': 1, 'min_samples_split': 5, 'min_weight_fraction_leaf': 0.0, 'monotonic_cst': None, 'n_estimators': 100, 'n_jobs': None, 'oob_score': False, 'random_state': 42, 'verbose': 0, 'warm_start': False}",4.256990671157837
Wine_spoilage,8,20,10,3,LinearSVC,Jittering,0.7944827586206896,0.7995994566745178,"{'C': np.float64(428.1332398719387), 'class_weight': None, 'dual': False, 'fit_intercept': True, 'intercept_scaling': 1, 'loss': 'squared_hinge', 'max_iter': 100, 'multi_class': 'ovr', 'penalty': 'l2', 'random_state': 42, 'tol': 0.001, 'verbose': 0}",0.0967106819152832
Wine_spoilage,8,20,10,3,LogisticRegression,Jittering,0.8006896551724138,0.8051725462183396,"{'C': np.float64(428.1332398719387), 'class_weight': None, 'dual': False, 'fit_intercept': True, 'intercept_scaling': 1, 'l1_ratio': None, 'max_iter': 100, 'multi_class': 'deprecated', 'n_jobs': None, 'penalty': 'l2', 'random_state': 42, 'solver': 'sag', 'tol': 0.0001, 'verbose': 0, 'warm_start': False}",0.6778488159179688
Wine_spoilage,8,20,10,3,RNN,Jittering,0.8620689655172413,0.8731110635158611,"{'hidden_size': 64, 'epochs': 10, 'batch_size': 32, 'lr': 0.001}",4.42920184135437
Wine_spoilage,8,20,10,5,KNN,Jittering,0.9406896551724138,0.9414923168905742,"{'algorithm': 'auto', 'leaf_size': 30, 'metric': 'euclidean', 'metric_params': None, 'n_jobs': None, 'n_neighbors': np.int64(5), 'p': 2, 'weights': 'distance'}",0.11047816276550293
Wine_spoilage,8,20,10,5,RandomForest,Jittering,0.8724137931034482,0.8761057263429566,"{'bootstrap': True, 'ccp_alpha': 0.0, 'class_weight': None, 'criterion': 'gini', 'max_depth': 10, 'max_features': 'sqrt', 'max_leaf_nodes': None, 'max_samples': None, 'min_impurity_decrease': 0.0, 'min_samples_leaf': 2, 'min_samples_split': 10, 'min_weight_fraction_leaf': 0.0, 'monotonic_cst': None, 'n_estimators': 100, 'n_jobs': None, 'oob_score': False, 'random_state': 42, 'verbose': 0, 'warm_start': False}",5.216630935668945
Wine_spoilage,8,20,10,5,LinearSVC,Jittering,0.7955172413793103,0.8006590524756703,"{'C': np.float64(14.38449888287663), 'class_weight': 'balanced', 'dual': False, 'fit_intercept': True, 'intercept_scaling': 1, 'loss': 'squared_hinge', 'max_iter': 100, 'multi_class': 'ovr', 'penalty': 'l2', 'random_state': 42, 'tol': 0.0001, 'verbose': 0}",0.15593528747558594
Wine_spoilage,8,20,10,5,LogisticRegression,Jittering,0.7910344827586206,0.7954509485628676,"{'C': np.float64(428.1332398719387), 'class_weight': None, 'dual': False, 'fit_intercept': False, 'intercept_scaling': 1, 'l1_ratio': None, 'max_iter': 100, 'multi_class': 'deprecated', 'n_jobs': None, 'penalty': 'l2', 'random_state': 42, 'solver': 'lbfgs', 'tol': 0.0001, 'verbose': 0, 'warm_start': False}",1.2746403217315674
Wine_spoilage,8,20,10,5,RNN,Jittering,0.9310344827586207,0.9297573435504469,"{'hidden_size': 64, 'epochs': 10, 'batch_size': 32, 'lr': 0.001}",11.611225128173828
Wine_spoilage,8,20,10,10,KNN,Jittering,0.9365517241379311,0.9375316521244252,"{'algorithm': 'auto', 'leaf_size': 30, 'metric': 'minkowski', 'metric_params': None, 'n_jobs': None, 'n_neighbors': 5, 'p': 2, 'weights': 'uniform'}",0.24960780143737793
Wine_spoilage,8,20,10,10,RandomForest,Jittering,0.9344827586206896,0.9350608162154139,"{'bootstrap': True, 'ccp_alpha': 0.0, 'class_weight': None, 'criterion': 'gini', 'max_depth': None, 'max_features': 'sqrt', 'max_leaf_nodes': None, 'max_samples': None, 'min_impurity_decrease': 0.0, 'min_samples_leaf': 1, 'min_samples_split': 2, 'min_weight_fraction_leaf': 0.0, 'monotonic_cst': None, 'n_estimators': 100, 'n_jobs': None, 'oob_score': False, 'random_state': 42, 'verbose': 0, 'warm_start': False}",18.222175359725952
Wine_spoilage,8,20,10,10,LinearSVC,Jittering,0.7948275862068965,0.7999690111902742,"{'C': 1.0, 'class_weight': None, 'dual': False, 'fit_intercept': True, 'intercept_scaling': 1, 'loss': 'squared_hinge', 'max_iter': 100, 'multi_class': 'ovr', 'penalty': 'l2', 'random_state': 42, 'tol': 0.0001, 'verbose': 0}",0.34084582328796387
Wine_spoilage,8,20,10,10,LogisticRegression,Jittering,0.8,0.8045625652208259,"{'C': 1.0, 'class_weight': None, 'dual': False, 'fit_intercept': True, 'intercept_scaling': 1, 'l1_ratio': None, 'max_iter': 100, 'multi_class': 'deprecated', 'n_jobs': None, 'penalty': 'l2', 'random_state': 42, 'solver': 'lbfgs', 'tol': 0.0001, 'verbose': 0, 'warm_start': False}",2.4696338176727295
Wine_spoilage,8,20,10,10,RNN,Jittering,0.9655172413793104,0.965168930686172,"{'hidden_size': 64, 'epochs': 10, 'batch_size': 32, 'lr': 0.001}",12.304240942001343
