Time [s],TGS2620,TGS2602,TGS2603,TGS2610,TGS2611,TGS2600
1,0.069991228,0.0050646741,0.0081417626,0.0132641778,0.0318162433,0.0522123591
2,0.0699839978,0.0050844962,0.0081638308,0.0132743742,0.0318285389,0.0522034178
3,0.0699650114,0.0050968608,0.0081766281,0.0132766949,0.0318358558,0.052195854
4,0.069952385,0.0051213992,0.0081943939,0.0132836096,0.0318485983,0.0521791318
5,0.0699270397,0.00512825,0.0082036751,0.0132887062,0.0318504939,0.0521732955
6,0.0699139223,0.0051475117,0.0082185565,0.0132930147,0.0318600788,0.0521593888
7,0.0698905328,0.0051580525,0.0082307785,0.0132967112,0.0318628905,0.0521475585
8,0.0698678303,0.0051730032,0.0082366833,0.0132990429,0.0318681423,0.0521316007
9,0.0698376592,0.0051905306,0.0082597654,0.0133050388,0.0318678341,0.0521096866
10,0.0698192881,0.005205686,0.0082690828,0.0133036824,0.0318748932,0.0520918219
11,0.0697927417,0.0052171394,0.0082844367,0.0133079797,0.0318769995,0.0520780178
12,0.0697714213,0.0052357279,0.0082943471,0.0133097203,0.0318822857,0.0520572165
13,0.0697402164,0.0052498828,0.0083108392,0.0133137261,0.0318843864,0.0520376223
14,0.0697203634,0.0052639469,0.0083222849,0.0133180422,0.0318858253,0.0520187592
15,0.0696981865,0.005274765,0.0083359294,0.0133197845,0.031885993,0.0519930246
16,0.0696675025,0.0052889645,0.0083498384,0.0133207559,0.031889823,0.0519760228
17,0.0696388678,0.0052963919,0.0083563085,0.0133212745,0.0318868473,0.0519611191
18,0.0696060365,0.0053127067,0.0083794444,0.0133248281,0.0318926026,0.0519362765
19,0.0695845941,0.005325612,0.0083880434,0.0133244141,0.03188784,0.051912446
20,0.0695594273,0.0053374732,0.0084095243,0.0133314037,0.0318935386,0.0518852866
21,0.0695326909,0.0053521235,0.0084137632,0.0133300008,0.0318920195,0.0518738336
22,0.0695093362,0.0053631882,0.008427157,0.0133310303,0.0318938057,0.0518588526
23,0.0694797682,0.0053720763,0.008437036,0.0133340968,0.0318949781,0.0518299537
24,0.0694583918,0.00538693,0.0084568562,0.0133337805,0.0318908813,0.0518055905
25,0.0694246888,0.0053945189,0.0084699483,0.0133325243,0.0318925891,0.0517851735
26,0.0694009065,0.0054100205,0.0084820087,0.0133331004,0.0318939368,0.0517662921
27,0.0693901029,0.0054181846,0.00849229,0.0133393684,0.0319106359,0.0517455598
28,0.0694059622,0.0054418325,0.0085173959,0.0133525901,0.0319457447,0.0517161608
29,0.0694523352,0.0054518319,0.0085490292,0.0133610162,0.0319810672,0.0516964447
30,0.069540558,0.0054650536,0.0085771842,0.0133791296,0.0320259263,0.0516855087
31,0.069704443,0.005475091,0.0085972727,0.0133935853,0.0320866298,0.0516629139
32,0.0699499978,0.0054947143,0.0086284623,0.0134082208,0.0321605061,0.051643532
33,0.0703308074,0.0055115258,0.0086820398,0.013441729,0.0322576936,0.0516210348
34,0.0707036707,0.0055404535,0.0087416615,0.0134651931,0.0323341595,0.0516116821
35,0.0710863291,0.005563387,0.0087921298,0.0134890092,0.0324161953,0.0515920762
36,0.0714814814,0.0055930565,0.0088488457,0.0135125028,0.0324826159,0.0515824229
37,0.0719370469,0.0056386087,0.0089310605,0.0135386945,0.0325573205,0.0515617425
38,0.0723058043,0.0057029735,0.0090063859,0.013561262,0.032614249,0.0515567381
39,0.0726531632,0.0057818047,0.0091087168,0.0135774742,0.0326627998,0.0515442214
40,0.0729894838,0.0058935247,0.0092289511,0.0136053326,0.0327166525,0.0515443421
41,0.0733246245,0.0060237622,0.0093734302,0.0136261901,0.0327747307,0.0515430525
42,0.0737283856,0.0062225895,0.009577644,0.0136679585,0.0328442838,0.0515543632
43,0.0740472983,0.0063932411,0.0097605556,0.0136925177,0.0328928964,0.0515589245
44,0.0743502471,0.006582958,0.0099652655,0.0137154769,0.0329443451,0.0515747326
45,0.0746218055,0.0067769063,0.0101906473,0.0137483248,0.0329991107,0.0515901795
46,0.0748763139,0.0069864332,0.0104383242,0.0137847503,0.0330416102,0.0516231261
47,0.0751414043,0.0072312139,0.0107491139,0.0138134518,0.0330865868,0.0516567298
48,0.0753380935,0.0074271587,0.0110124585,0.0138444422,0.0331422936,0.0516994049
49,0.0755329957,0.0076228369,0.0112855254,0.0138676543,0.033199307,0.0517467114
50,0.075762478,0.0078083916,0.0115796226,0.0139114715,0.0332821152,0.0517979094
51,0.0760206264,0.0079982825,0.0118814955,0.0139551979,0.0333663898,0.0518509764
52,0.0763935777,0.0082365241,0.0122660897,0.0140221099,0.0334961724,0.0519363374
53,0.0767315322,0.0084116916,0.0125847985,0.0140732309,0.0335906234,0.0520238287
54,0.0771049613,0.0085699806,0.0129004634,0.014121093,0.0336628143,0.0521099412
55,0.0773382088,0.0087111547,0.0132278634,0.0141599159,0.0336818552,0.0522019721
56,0.0774550499,0.0088921865,0.0136181852,0.0141892638,0.033676986,0.0523077951
57,0.0775062416,0.0090682975,0.0139627224,0.0142129419,0.0336684217,0.0524050811
58,0.0775463909,0.0092528354,0.0143309591,0.0142348712,0.0336758378,0.0524988644
59,0.0775507351,0.0094490426,0.0146970789,0.014250605,0.0336762383,0.0525937347
60,0.0775282859,0.0096504589,0.015083446,0.0142819616,0.0336751917,0.0526915383
61,0.0774190821,0.0098972781,0.0155476852,0.0143018039,0.0336681517,0.0527978626
62,0.0772803353,0.010095386,0.0159446818,0.014319848,0.0336615342,0.0528913931
63,0.0771222793,0.0102932687,0.0163442933,0.014335976,0.0336489541,0.0529866685
64,0.0769580731,0.0104869883,0.0167292481,0.0143467108,0.0336346386,0.0530877166
65,0.0767902005,0.0106479415,0.0170849003,0.0143483138,0.0336205619,0.0531873506
66,0.0765887199,0.0107763182,0.0174574634,0.0143546105,0.0336072198,0.0533154652
67,0.0764256733,0.0108371538,0.0177353478,0.0143536487,0.0335862487,0.0534135547
68,0.0762709171,0.0108526343,0.0179547085,0.0143515856,0.0335759078,0.0535163767
69,0.0761295418,0.0108497698,0.0181433624,0.0143420412,0.0335568931,0.0536020567
70,0.0760022349,0.0108317953,0.018312552,0.0143439757,0.0335470116,0.053698931
71,0.0758654459,0.0107993141,0.0184645174,0.014336154,0.0335289297,0.0537934347
72,0.075764521,0.0107609236,0.0185852867,0.0143362876,0.0335246569,0.0538811971
73,0.0756793773,0.0107167884,0.0186719871,0.0143360263,0.033526378,0.053965462
74,0.075610582,0.0106639957,0.0187386653,0.0143287491,0.0335206093,0.0540339535
75,0.0755520851,0.0106116165,0.0188017932,0.014328103,0.0335155015,0.0541116156
76,0.075494637,0.010544422,0.018858129,0.0143294072,0.0335189488,0.054197084
77,0.0754494829,0.0104837331,0.0188875454,0.0143334799,0.0335238528,0.0542616476
78,0.0754025878,0.0104301915,0.0189093663,0.0143361768,0.0335239442,0.0543220827
79,0.0753683054,0.010379108,0.018930005,0.014330594,0.0335229602,0.0543776391
80,0.0753239461,0.0103320485,0.0189469704,0.0143414865,0.033525658,0.0544497879
81,0.0752839636,0.0102856279,0.0189588389,0.0143301293,0.0335225372,0.0544941984
82,0.0752453309,0.0102491676,0.0189659577,0.0143373254,0.0335251584,0.0545442495
83,0.0752151411,0.0102217529,0.0189771194,0.0143337588,0.0335212541,0.0545860338
84,0.0751784729,0.0102008975,0.0189908633,0.0143331311,0.0335173533,0.0546271159
85,0.0751408561,0.0101720478,0.0190055152,0.0143329046,0.0335122019,0.0546733682
86,0.0751049068,0.0101554922,0.0190186221,0.0143339006,0.0335127574,0.0547034344
87,0.0750761898,0.010143936,0.019027749,0.0143304308,0.0335055797,0.054739595
88,0.0750514697,0.0101365685,0.0190485653,0.0143310099,0.0335087059,0.0547642353
89,0.0750210159,0.0101248226,0.0190658207,0.0143333528,0.0335063074,0.0547951033
90,0.074994621,0.0101238094,0.0190953089,0.0143341442,0.0335080532,0.0548273237
91,0.0749769623,0.0101191263,0.0191129784,0.0143318291,0.0335057609,0.0548457516
92,0.0749700021,0.0101154574,0.019142853,0.0143376754,0.0335079413,0.0548622905
93,0.0749472706,0.0101125532,0.019173498,0.0143447775,0.0335117976,0.05488842
94,0.0749376619,0.0101105263,0.0191918487,0.014337631,0.033509503,0.0549036638
95,0.0749206274,0.0101061878,0.0192245738,0.014336404,0.033510912,0.0549147645
96,0.0749151533,0.010113478,0.0192504229,0.0143415711,0.0335170961,0.0549327958
97,0.0749020441,0.0101114508,0.0192804835,0.0143443255,0.0335157959,0.0549403563
98,0.0748976421,0.0101166077,0.0193021973,0.0143453608,0.0335182812,0.0549587117
99,0.0748858782,0.0101165142,0.0193312703,0.0143450976,0.0335198195,0.0549673643
100,0.0748830558,0.0101234514,0.0193689777,0.0143523143,0.0335209967,0.0549784035
101,0.0748668635,0.0101216705,0.0193955341,0.0143541707,0.0335248503,0.0549865846
102,0.0748555753,0.0101242452,0.0194206946,0.014354127,0.0335234813,0.0549876507
103,0.0748487097,0.0101268271,0.0194475696,0.0143530516,0.0335250774,0.0549890124
104,0.0748285419,0.0101030979,0.0194750074,0.0143566358,0.0335233167,0.0549699469
105,0.074801559,0.0100459625,0.0194704748,0.0143555246,0.0335236612,0.0549556561
106,0.0746948332,0.0099661713,0.0194535624,0.0143511853,0.0334857147,0.054932982
107,0.0745174046,0.0098866185,0.0194134254,0.0143234207,0.033414448,0.0548964851
108,0.0743294145,0.009813522,0.0193610861,0.014299528,0.0333706344,0.0548775516
109,0.0741248087,0.0097422803,0.0192796448,0.014278671,0.0333404787,0.0548465022
110,0.0739837775,0.0097035679,0.0192116371,0.01426824,0.0333245265,0.0548307727
111,0.0738532082,0.0096774576,0.0191406675,0.0142584246,0.033290949,0.0548184203
112,0.0737282434,0.0096645437,0.0190833161,0.0142390293,0.0332594493,0.0548148679
113,0.0736100698,0.0096471689,0.0190114112,0.0142237657,0.0332384276,0.0548148745
114,0.0734853049,0.0095929852,0.0189168672,0.0142047912,0.0332196261,0.0548008559
115,0.0733811297,0.0095338938,0.0188110987,0.0141883675,0.0331953881,0.054780834
116,0.0732769133,0.0094558745,0.0187098947,0.0141717067,0.0331716937,0.0547534436
117,0.0731604056,0.0093446085,0.0185854343,0.0141560604,0.0331420619,0.0547063665
118,0.0730505483,0.0092050988,0.0184422505,0.014141613,0.033110944,0.0546611156
119,0.0728930486,0.0090105217,0.018242571,0.0141163842,0.033070413,0.0545716232
120,0.0727526783,0.0088491918,0.0180295974,0.0140965608,0.0330417513,0.0544983652
121,0.072615671,0.008694421,0.0178188236,0.0140723439,0.0330146775,0.0544043022
122,0.0724968867,0.0085673794,0.0176042318,0.0140606472,0.0329932237,0.0543282737
123,0.0723767962,0.0084382473,0.017392765,0.0140450293,0.0329769863,0.054247952
124,0.0722255948,0.0083007817,0.0171403993,0.0140231577,0.0329292174,0.0541449365
125,0.0720580177,0.0081954782,0.0169232983,0.0139995965,0.0328788465,0.0540543754
126,0.071895953,0.0080937168,0.0167069136,0.0139776493,0.0328295238,0.0539646696
127,0.0717522769,0.0080036943,0.0165034629,0.0139553705,0.0327879628,0.0538705943
128,0.0716227431,0.0079049693,0.0162619606,0.0139313299,0.0327516425,0.0537533181
129,0.0715197516,0.0078236956,0.0160626749,0.0139145849,0.0327378921,0.0536626619
130,0.0714224445,0.0077580816,0.0158690352,0.0139076022,0.0327185458,0.0535872745
131,0.0713086152,0.007692644,0.0156717519,0.0138851175,0.0326794663,0.0534982707
132,0.071188478,0.0076309463,0.0154879362,0.0138715795,0.0326478824,0.0534188396
133,0.0710658113,0.0075475651,0.015254266,0.0138530307,0.0326222348,0.0533260864
134,0.0709838727,0.0074644057,0.0150656899,0.0138492927,0.032614235,0.0532601313
135,0.0709138249,0.0073810468,0.0148702481,0.0138395592,0.0326001687,0.0531789121
136,0.0708546338,0.007306562,0.0146890606,0.0138291362,0.0325913175,0.0531131886
137,0.0707911704,0.0072375705,0.0145130728,0.0138156328,0.0325761377,0.0530372848
138,0.0706883472,0.0071656955,0.0143022116,0.0138026645,0.0325487878,0.0529443002
139,0.0705989059,0.0070949457,0.0141400672,0.0137901787,0.0325318827,0.0528675628
140,0.0705016641,0.0070296185,0.0139761242,0.0137816392,0.0325142352,0.0527914253
141,0.0703921951,0.0069743043,0.0138166778,0.013764308,0.0324877977,0.0527140428
142,0.0702938742,0.006927506,0.0136731684,0.0137585158,0.032469497,0.0526440552
143,0.0701901112,0.006885413,0.0135033358,0.0137416096,0.0324470961,0.0525643826
144,0.0701127125,0.0068421429,0.0133689886,0.0137346258,0.032428411,0.0525030766
145,0.0700438172,0.0068143997,0.0132515264,0.0137312352,0.0324189669,0.0524504361
146,0.0699810495,0.0067879466,0.0131282172,0.013717081,0.0323970604,0.0524018518
147,0.0698992784,0.0067552902,0.0129908672,0.013709352,0.0323757447,0.0523387941
148,0.0698386209,0.006732407,0.0128849195,0.0137001889,0.0323582087,0.0522984769
149,0.069779205,0.006714097,0.0127851686,0.0137017389,0.032345469,0.0522520795
150,0.0697268268,0.0066882041,0.0126799247,0.0136919359,0.0323319128,0.0522089388
