Time [s],TGS2620,TGS2602,TGS2603,TGS2610,TGS2611,TGS2600
1,0.1090715954,-0.0008899423,0.0138911423,0.0176018098,0.0371672825,0.0829397969
2,0.1090824661,-0.0008879097,0.0139037861,0.0176057442,0.0371811209,0.0829686061
3,0.1091068195,-0.0008808548,0.0139044285,0.017607547,0.0371859764,0.0829854893
4,0.1091230985,-0.0008789117,0.0139227396,0.0176045332,0.0371928078,0.0830117748
5,0.1091302613,-0.0008789557,0.0139217415,0.0176091338,0.0371964129,0.0830210479
6,0.1091381781,-0.0008750529,0.0139322229,0.0176090234,0.0372079703,0.0830432824
7,0.1091389145,-0.0008723405,0.0139309333,0.017610561,0.0372031136,0.083054378
8,0.1091426133,-0.0008679249,0.0139374875,0.0176065802,0.0372035717,0.0830588426
9,0.1091416592,-0.0008673349,0.0139503046,0.0176048515,0.0372002821,0.0830677449
10,0.1091343176,-0.0008600236,0.0139714732,0.0176097077,0.0372087015,0.0830776949
11,0.109139005,-0.0008620646,0.0139432766,0.0176036559,0.037208483,0.0830873019
12,0.1091396408,-0.000855645,0.0139621579,0.0176104075,0.0372043537,0.0830958316
13,0.1091310589,-0.000854272,0.0139718044,0.0176066071,0.0372137784,0.0830991117
14,0.1091316451,-0.0008547785,0.0139887668,0.0176056974,0.0372115652,0.0831043423
15,0.1091384536,-0.0008497536,0.0139970219,0.0176036924,0.037217175,0.0831126558
16,0.1091343754,-0.0008444614,0.0140054473,0.0176043663,0.0372124764,0.0831163726
17,0.1091306474,-0.0008429713,0.0140168616,0.0176047274,0.0372173444,0.0831208195
18,0.1091241657,-0.0008425746,0.0140251464,0.0176046512,0.0372212258,0.0831300832
19,0.1091217228,-0.0008429878,0.0140530316,0.0176001898,0.0372231318,0.0831316495
20,0.1091319492,-0.0008325565,0.0140616167,0.0176023796,0.0372227698,0.0831460816
21,0.1091280811,-0.0008325617,0.0140741588,0.0176049701,0.0372304379,0.0831459728
22,0.1091296809,-0.0008255552,0.0140762372,0.017606867,0.0372283081,0.0831628254
23,0.1091241755,-0.0008314932,0.0140923304,0.0176022415,0.0372278238,0.0831631046
24,0.1091425105,-0.0008191257,0.014102917,0.0176180955,0.0372783088,0.0831663833
25,0.1092302692,-0.0008072086,0.0141396648,0.0176621144,0.0374144062,0.0831746154
26,0.1094298949,-0.000780867,0.0142063567,0.0177350676,0.0376331885,0.0831886899
27,0.1097401671,-0.0007547866,0.0142832571,0.0178254912,0.0378937166,0.0831923922
28,0.1101908076,-0.0007186319,0.0143859611,0.0179345848,0.0382178334,0.0832047486
29,0.1106055512,-0.0006886689,0.0144872377,0.0180374278,0.0385053362,0.0832177005
30,0.1110743696,-0.0006624647,0.0145983623,0.0181377555,0.0387955782,0.0832230345
31,0.1115541106,-0.0006342727,0.0146926009,0.0182185941,0.0390685361,0.083236276
32,0.1120387683,-0.0006054641,0.014818037,0.0183031189,0.0393335474,0.0832380045
33,0.1125829635,-0.0005682846,0.0149527774,0.01839418,0.039580831,0.0832446532
34,0.1130188365,-0.0005360221,0.0150896762,0.0184734807,0.0398054299,0.0832559002
35,0.1134427948,-0.0005055364,0.0152260258,0.018542305,0.0399968461,0.0832614698
36,0.1138326253,-0.000482382,0.0153856358,0.0186234141,0.0401646241,0.0832736676
37,0.1142771182,-0.0004481081,0.015614038,0.0187081698,0.0403437249,0.0832731422
38,0.1146290282,-0.0004208756,0.0157823724,0.0187926596,0.0404741016,0.0832793332
39,0.114972786,-0.0003962594,0.01600027,0.018877303,0.0406140515,0.0832861517
40,0.1153134679,-0.0003701648,0.0162149568,0.0189666977,0.0407561688,0.0833035999
41,0.1156391283,-0.0003350315,0.0164650502,0.0190733474,0.0409163383,0.0833229165
42,0.1160659898,-0.00029102,0.0167790938,0.0191878838,0.0411078197,0.0833420729
43,0.11644318,-0.0002409917,0.0170822255,0.0192690543,0.0412434167,0.0833583131
44,0.116824352,-0.0001932788,0.0173562041,0.019336347,0.0413563964,0.083377765
45,0.1172261716,-0.0001419461,0.0176260512,0.0193822487,0.0414571023,0.0834024316
46,0.117592383,-0.0001044366,0.0179040594,0.0194360085,0.0415498532,0.0834258991
47,0.1179954014,-6.47020000e-5,0.0181789974,0.0194876378,0.04163096,0.0834566042
48,0.1182386174,-2.35044000e-5,0.0184156483,0.0195111052,0.0416370326,0.0835012872
49,0.1184084147,8.28937000e-5,0.0186526998,0.0195276385,0.0415900716,0.0835475933
50,0.1185698681,0.0002095609,0.0189365903,0.0195762146,0.0415997993,0.0836028615
51,0.1187184078,0.0003224585,0.0192278491,0.0196164391,0.0416448879,0.0836449587
52,0.1189457804,0.0004307165,0.019544778,0.0196849645,0.0417434011,0.0837141952
53,0.1191126248,0.0005034223,0.0198040953,0.0197283126,0.0418177389,0.083765128
54,0.1193260625,0.0005684174,0.0200500385,0.0197770781,0.0419302971,0.0838192935
55,0.1195886432,0.0006030316,0.0202938395,0.0198144427,0.0420272685,0.0838640932
56,0.1198449865,0.0006203798,0.0205176711,0.0198327663,0.0420768052,0.0839291541
57,0.1199892401,0.0006271347,0.0207197511,0.0198541378,0.0420863663,0.083977955
58,0.1200964637,0.0006450061,0.0209463996,0.019862435,0.0420780003,0.0840453812
59,0.1201517364,0.0006928156,0.021149125,0.0198573041,0.04202773,0.084094528
60,0.120170858,0.0007572105,0.0213253864,0.0198484584,0.0419547794,0.0841689723
61,0.1201395813,0.0008762874,0.0215583367,0.0198162073,0.0418102562,0.0842588506
62,0.1200615943,0.0009702894,0.0217396626,0.0197837001,0.0416699643,0.084342447
63,0.1199655612,0.001080714,0.0219106846,0.0197411116,0.0415162215,0.084425973
64,0.1198470902,0.0011789131,0.0220777117,0.0197019567,0.0413660767,0.0845095383
65,0.1197143685,0.0012482981,0.022270757,0.0196778745,0.0412540382,0.0845910618
66,0.119582041,0.0012795705,0.0224538042,0.0196697762,0.0412138229,0.0846769019
67,0.1195202045,0.0012665919,0.0226104526,0.019687543,0.0412605398,0.0847633644
68,0.1194780861,0.0012601767,0.0227407723,0.0196740923,0.0412641053,0.0848337494
69,0.1194317116,0.001264046,0.0228714282,0.0196654522,0.0412480768,0.0849032492
70,0.1193901565,0.0012564433,0.023012461,0.0196788132,0.0412680062,0.0849731863
71,0.1193607008,0.0012472071,0.02317251,0.019694489,0.0412931328,0.085061826
72,0.1193503381,0.0012329831,0.0233073912,0.0197055365,0.0413189908,0.0851404533
73,0.1193498651,0.0012356357,0.0234161076,0.0196971416,0.0413117953,0.0852185043
74,0.1193358256,0.0012761923,0.0234955456,0.019682424,0.0412666738,0.0853085322
75,0.119307213,0.0013413016,0.0235998474,0.0196496392,0.0412020965,0.0854136512
76,0.1192634275,0.0014304065,0.0236802735,0.0196127594,0.0411170784,0.0855579021
77,0.1192114827,0.0015357559,0.0237227436,0.0195788037,0.0410363796,0.0856992166
78,0.1191585635,0.001634539,0.0238074804,0.0195539355,0.0409609896,0.0858249782
79,0.1190939716,0.0016971952,0.0238898643,0.0195449249,0.0408911376,0.0859378524
80,0.1190168841,0.0017493933,0.0239947696,0.0195279893,0.040827542,0.0860642471
81,0.118951505,0.0018013825,0.0240912273,0.0195146493,0.0407790379,0.0861603307
82,0.1188897303,0.0018640476,0.0241415747,0.0195010427,0.0407318489,0.086259767
83,0.1188295587,0.001897115,0.0242343958,0.0194874753,0.0406825327,0.086359037
84,0.1187662452,0.0019012726,0.0243008381,0.0194702791,0.0406531001,0.0864684714
85,0.1186940095,0.0018734163,0.0243364024,0.0194492668,0.0406080766,0.0865767426
86,0.11864439,0.0018358506,0.024388419,0.0194363161,0.0405813794,0.08667776
87,0.1186044373,0.0017902898,0.0244276414,0.0194266823,0.0405563778,0.0867636924
88,0.1185696775,0.0017506514,0.0244717169,0.0194198947,0.0405426298,0.0868456844
89,0.1185299457,0.0016942315,0.0244904619,0.019410965,0.040522729,0.0869330766
90,0.1184893426,0.0016430948,0.0245141509,0.0194036387,0.0405098163,0.0870272837
91,0.1184501639,0.0016012224,0.0245336251,0.01939696,0.0404955712,0.0870991008
92,0.118415315,0.001567057,0.0245851277,0.0193933841,0.040482124,0.0871716909
93,0.1183750166,0.0015351642,0.0246108117,0.0193920646,0.0404721772,0.0872315908
94,0.1183517749,0.0015111285,0.0246581033,0.0193849863,0.0404581202,0.0872952705
95,0.1183265612,0.0014761813,0.0246945941,0.0193776214,0.0404515437,0.0873655611
96,0.1183207089,0.0014625724,0.0247552941,0.0193827995,0.0404489136,0.0874215539
97,0.1183070638,0.0014457873,0.0247856183,0.0193857851,0.040452048,0.0874766117
98,0.1183085329,0.0014303086,0.0248048745,0.019383322,0.0404451357,0.0875384254
99,0.1183081024,0.0014206096,0.0248522492,0.0193898639,0.040446823,0.0875879712
100,0.1183059636,0.0014087349,0.0249079742,0.019394779,0.0404504657,0.0876646085
101,0.1182727249,0.0013998042,0.0249436903,0.0193942109,0.0404403515,0.0877206223
102,0.1182265383,0.0014018105,0.0249513874,0.0193869171,0.040424598,0.0877936667
103,0.1181882423,0.0014027919,0.0249925988,0.0193853343,0.040410221,0.0878643871
104,0.1181216134,0.0014029743,0.025033013,0.0193837755,0.0403850001,0.0879408319
105,0.1180398108,0.001394059,0.0250526992,0.0193786998,0.0403566689,0.087997218
106,0.1179483305,0.0013860857,0.0250777277,0.0193661082,0.0403074212,0.0880491808
107,0.1178420574,0.0013775939,0.0250713085,0.0193462056,0.0402564653,0.0880924028
108,0.1176936259,0.0013571135,0.0250740666,0.0193273589,0.0401881185,0.0881261647
109,0.1174834585,0.0013085884,0.0250196424,0.0192862757,0.0400751282,0.0881611025
110,0.1172783746,0.0012310937,0.0249243067,0.0192350616,0.0399647208,0.0881562246
111,0.1170550573,0.0011450856,0.0247864632,0.0191792048,0.0398538998,0.0881468962
112,0.1168100367,0.0010431799,0.0246521525,0.0191162426,0.0397405876,0.0881228225
113,0.1165480633,0.0009428571,0.0244647494,0.0190483523,0.0396231301,0.0880876887
114,0.1162483702,0.0008163118,0.0242128537,0.0189737399,0.0394991142,0.0880156761
115,0.1160150132,0.0007148766,0.0240087182,0.0189115344,0.0394028094,0.0879266842
116,0.1157798318,0.0006141077,0.0238219886,0.0188499059,0.0393186384,0.0878362974
117,0.1155557644,0.0005088281,0.0235715674,0.018794957,0.0392324703,0.087725977
118,0.1153327743,0.0004095401,0.0233156603,0.0187354811,0.0391355078,0.087607217
119,0.1150647048,0.0002924196,0.0230541883,0.0186611969,0.0390257973,0.0874572109
120,0.1148508446,0.0002140536,0.0228131795,0.0186092261,0.0389490662,0.0873276856
121,0.1146314282,0.0001365119,0.0225694007,0.0185609463,0.038879765,0.0872051966
122,0.1144428641,7.70173000e-5,0.0223506579,0.018523131,0.0388232856,0.0870880935
123,0.1142148702,5.64500000e-6,0.022100487,0.0184776039,0.0387566265,0.0869518227
124,0.1140338364,-4.09117000e-5,0.0218985086,0.0184429496,0.0387021016,0.0868375359
125,0.113840224,-9.29834000e-5,0.0217015321,0.018406808,0.0386433595,0.0867312553
126,0.1136490165,-0.0001303479,0.0214933694,0.0183713751,0.0385792633,0.0866291771
127,0.1134595574,-0.0001699174,0.0213072786,0.0183351907,0.0385173451,0.0865105845
128,0.1132321874,-0.0002113024,0.0211053911,0.0182910572,0.0384590173,0.0863950395
129,0.1130506704,-0.0002462867,0.020910679,0.0182622432,0.0384017113,0.0862966118
130,0.1128722587,-0.000274852,0.0207273758,0.0182295973,0.0383547442,0.0862001201
131,0.1127022018,-0.0003024105,0.020529358,0.0182024294,0.0383061841,0.0860937893
132,0.1125310564,-0.000331023,0.0203693584,0.0181715587,0.0382497287,0.0859897829
133,0.1123316196,-0.0003628101,0.0201878299,0.0181384116,0.0381937838,0.0858587923
134,0.1121823947,-0.0003883982,0.0200264283,0.018109905,0.0381564899,0.0857542101
135,0.1120309139,-0.00040973,0.0198530789,0.0180876523,0.038115726,0.0856545977
136,0.1118894191,-0.0004288217,0.019718985,0.0180638762,0.0380746754,0.0855492797
137,0.1117515181,-0.0004495189,0.0195806434,0.0180336802,0.0380322402,0.0854600019
138,0.1115887483,-0.0004647971,0.0194256866,0.0180060067,0.0379882388,0.0853520951
139,0.1114616211,-0.0004834923,0.0192845414,0.0179874165,0.0379539179,0.0852698725
140,0.1113516957,-0.0004919185,0.0191341316,0.0179668989,0.0379321096,0.0851967979
141,0.1112368334,-0.0005056125,0.0190183348,0.0179501856,0.0378994546,0.085110892
142,0.1111296864,-0.0005105318,0.0188990517,0.0179292584,0.0378753947,0.0850385621
143,0.111002061,-0.0005229111,0.0187681004,0.017910957,0.0378499568,0.0849459854
144,0.1109077157,-0.0005312203,0.0186673232,0.017903794,0.0378313196,0.0848861442
145,0.1108209288,-0.000535278,0.0185677641,0.0178911998,0.0378126226,0.0848233155
146,0.1107466832,-0.0005439802,0.0184493492,0.017880657,0.0377954288,0.0847517673
147,0.110660387,-0.0005528893,0.0183225832,0.0178756808,0.0377820495,0.0846803571
148,0.1105945407,-0.0005560769,0.0182484233,0.0178835668,0.0377868242,0.0846415319
149,0.1105422888,-0.0005611027,0.0181588421,0.0178847024,0.0377898774,0.0846071642
150,0.1104867457,-0.0005717345,0.0180797419,0.0178804409,0.0377777258,0.0845684967
