Time [s],TGS2620,TGS2602,TGS2603,TGS2610,TGS2611,TGS2600
1,0.1103659192,-0.0007598313,0.0134098053,0.0181759621,0.0380510905,0.0838545098
2,0.1104674137,-0.0007646618,0.0134174464,0.0181914405,0.0380821506,0.0839234252
3,0.1105456622,-0.0007567413,0.0134381896,0.0182095913,0.0381161244,0.0839890046
4,0.1106482649,-0.0007542595,0.013440986,0.0182273952,0.0381430213,0.0840552315
5,0.1107314134,-0.0007567262,0.0134551771,0.0182438259,0.0381703884,0.0841110892
6,0.1108056229,-0.0007499839,0.0134570533,0.0182534037,0.0381927902,0.0841655874
7,0.110905127,-0.0007488437,0.0134818756,0.0182700219,0.03822386,0.0842398858
8,0.111001979,-0.0007445756,0.013506914,0.0182946219,0.0382579946,0.0843068225
9,0.1111104003,-0.0007420371,0.013518771,0.0183100833,0.0382947022,0.0843793638
10,0.1111865841,-0.000741516,0.0135264795,0.0183238924,0.0383192166,0.084451033
11,0.1112642687,-0.0007385756,0.0135509926,0.0183374498,0.0383397499,0.0844999427
12,0.1113255196,-0.0007356418,0.0135481433,0.0183442745,0.0383579872,0.0845452808
13,0.1113769845,-0.0007273369,0.0135806591,0.0183558211,0.0383727575,0.0845853076
14,0.1114307117,-0.0007296466,0.0135928953,0.018359382,0.0383856514,0.0846271852
15,0.1114765961,-0.0007316518,0.0135839724,0.0183683145,0.0384013575,0.0846635115
16,0.1115196544,-0.0007295003,0.0136010028,0.0183751318,0.0384084437,0.0846998324
17,0.111578903,-0.0007229104,0.0136149156,0.0183817201,0.0384242233,0.0847358503
18,0.1116211359,-0.0007223045,0.0136295376,0.0183850647,0.0384380662,0.0847714412
19,0.1116577416,-0.0007195918,0.013656488,0.0183867421,0.0384438539,0.0848006833
20,0.1116768253,-0.0007149991,0.0136481624,0.0183897589,0.0384498002,0.0848230176
21,0.1117029268,-0.0007150144,0.013671565,0.0183940253,0.0384541056,0.0848456397
22,0.1117268454,-0.0007072366,0.013676532,0.0183961605,0.0384609222,0.0848686022
23,0.1117410291,-0.0007086487,0.0136852313,0.0183991562,0.038461688,0.084883272
24,0.1117736375,-0.00070672,0.0136865738,0.0183995939,0.0384723849,0.0849110113
25,0.1118128143,-0.0006992804,0.0137095715,0.0184150194,0.0384986729,0.0849463649
26,0.1118783332,-0.0006955821,0.0137269668,0.0184306092,0.0385646234,0.084972884
27,0.1120211822,-0.0006837416,0.0137686022,0.0184542068,0.0386520199,0.084989886
28,0.1122654372,-0.0006846614,0.0137887232,0.0184897778,0.0387892136,0.0850185937
29,0.1125213765,-0.0006772646,0.0138176023,0.0185175747,0.0388988849,0.0850365928
30,0.112795635,-0.0006724127,0.0138356028,0.0185361825,0.03901266,0.0850489818
31,0.1130969444,-0.0006712682,0.0138719097,0.0185711785,0.0391352973,0.0850699053
32,0.1134460506,-0.0006632888,0.0139258043,0.0186059245,0.0392644809,0.0850966586
33,0.1138855595,-0.0006540462,0.013973688,0.0186531776,0.0394241738,0.0851231286
34,0.1142883715,-0.0006396281,0.014060669,0.0187022936,0.0395682203,0.0851448508
35,0.1147437099,-0.0006104059,0.0141781591,0.0187750519,0.0397456406,0.085182553
36,0.1152374814,-0.000580706,0.0143118896,0.0188633732,0.0399384481,0.0852261862
37,0.1157421107,-0.0005372694,0.0144735449,0.0189458878,0.0401262787,0.0852644168
38,0.1163276625,-0.000482152,0.0147205961,0.0190672696,0.0403744792,0.0852966688
39,0.1168387921,-0.0004200762,0.0149280889,0.0191773564,0.0406034719,0.0853136981
40,0.1173342804,-0.000365682,0.0151850638,0.0192810326,0.0408093715,0.085333263
41,0.1178039655,-0.0003102786,0.0154326744,0.0193799201,0.040998655,0.0853683821
42,0.1182274044,-0.0002584928,0.015692614,0.0194605797,0.0411536072,0.0853746867
43,0.1186677303,-0.0001858486,0.0160310056,0.0195686311,0.041341929,0.0853949503
44,0.1190183733,-0.0001275878,0.0163105065,0.0196565779,0.0414978427,0.0854038831
45,0.1193596912,-6.81727000e-5,0.0166060385,0.0197417167,0.0416467922,0.0854159303
46,0.1196727697,-2.33864000e-5,0.0168806555,0.0198135595,0.041774466,0.0854346604
47,0.1199781005,1.14524000e-5,0.0171731408,0.0198824865,0.0418770438,0.0854525234
48,0.1202917653,7.83382000e-5,0.0175136261,0.0199718413,0.042008965,0.0854795496
49,0.1205517758,0.000147218,0.017835155,0.0200551743,0.0421428677,0.0855030258
50,0.1208050382,0.0002198048,0.0181528484,0.020150128,0.0422956073,0.0855295558
51,0.1210881099,0.0002755045,0.0184696786,0.0202315803,0.0424441862,0.0855446957
52,0.121440648,0.0003548081,0.018824165,0.0203220232,0.0425923795,0.0855727368
53,0.1217075044,0.0004260472,0.0191284616,0.0203931291,0.0427011758,0.0856075383
54,0.1219659215,0.0005007151,0.0194578226,0.0204547698,0.0428014018,0.0856470859
55,0.1221692948,0.0005873526,0.0197521708,0.0204944984,0.0428438289,0.0856972038
56,0.1222940023,0.0007048978,0.0200286522,0.020511626,0.0428049967,0.0857670194
57,0.1224637337,0.0008670143,0.0203614409,0.0205311511,0.0428112321,0.0858532102
58,0.1226226785,0.0009379282,0.0206184028,0.0205434752,0.0428352395,0.0859126222
59,0.1227870256,0.0009987447,0.0208463493,0.0205612228,0.0428715425,0.0859772204
60,0.123005364,0.001020971,0.0210362069,0.020572022,0.0429301387,0.0860385307
61,0.1231767276,0.0010357697,0.0212227669,0.020562767,0.0429244171,0.0860985751
62,0.1233073535,0.001154086,0.0214536617,0.0205529884,0.0428754291,0.0861841515
63,0.1233982072,0.001261676,0.0216712623,0.0205572181,0.0428768982,0.0862577077
64,0.1235000111,0.0013455233,0.0218626269,0.0205729235,0.0429137581,0.0863264274
65,0.123590279,0.0014280915,0.0220297782,0.020588413,0.042928976,0.0864000065
66,0.1236383953,0.001534894,0.0222411735,0.0205991068,0.0429077094,0.0864958311
67,0.123656371,0.0017062726,0.02248444,0.0206076132,0.0428651338,0.0866137785
68,0.1236907358,0.0018330416,0.0226911829,0.0206327315,0.0429107278,0.086716878
69,0.1237776254,0.0019059768,0.0228907585,0.020662417,0.043012963,0.0868076755
70,0.1239297467,0.001913475,0.0230706472,0.0206900462,0.0431241744,0.0868759824
71,0.1241677222,0.001849056,0.023207058,0.0207133646,0.043239508,0.0869633667
72,0.1243818026,0.0017571876,0.0233103785,0.020716222,0.0432944045,0.0870272423
73,0.1246135654,0.0016546123,0.0233421562,0.0207110681,0.0433413915,0.0870886494
74,0.1248512265,0.0015540559,0.0233538257,0.0206994786,0.0433750418,0.0871456044
75,0.125074147,0.0014556595,0.0234032518,0.020694184,0.043398755,0.087201703
76,0.1252520734,0.0013586839,0.0233882636,0.0206741013,0.043381412,0.0872576486
77,0.1253207353,0.0012833366,0.0234099707,0.0206513107,0.0433183448,0.0873121051
78,0.1253193477,0.0012280914,0.0234053369,0.0206200061,0.0432149728,0.087373178
79,0.125273709,0.001181602,0.0233822956,0.0205824725,0.0431005046,0.0874288286
80,0.1251801971,0.0011327788,0.0233418989,0.0205465998,0.0429792178,0.0874747591
81,0.1250450473,0.0010916661,0.0233451162,0.0205072262,0.0428391775,0.0875476855
82,0.1249023167,0.0010690233,0.0233447532,0.0204773216,0.0427280083,0.0876050565
83,0.124745303,0.0010502046,0.0233233402,0.020442665,0.042625176,0.0876598934
84,0.1245705652,0.0010256642,0.0233014567,0.0204080076,0.0425088973,0.0877040169
85,0.1243847646,0.0010079532,0.0233194089,0.0203733741,0.0424083973,0.0877609667
86,0.124174248,0.0009937754,0.0233063224,0.020334583,0.0423017964,0.0878209697
87,0.1239911511,0.0009862001,0.0233005011,0.0203073836,0.0422194588,0.0878752073
88,0.123825726,0.0009771306,0.023327194,0.0202771579,0.0421448138,0.0879320958
89,0.1236492063,0.0009770214,0.0233280158,0.0202554337,0.0420762506,0.0879782462
90,0.1234387666,0.0009779127,0.0233084344,0.0202320046,0.0420005559,0.0880332119
91,0.1232574759,0.0009717719,0.0233117083,0.0202086743,0.0419382461,0.0880747398
92,0.1230807518,0.0009682847,0.0233227836,0.0201827738,0.0418780931,0.0881078876
93,0.1229110744,0.0009761808,0.0233251062,0.020160503,0.0418251441,0.0881350245
94,0.122737995,0.0009699001,0.0233236336,0.0201429931,0.0417700011,0.0881633603
95,0.1225480517,0.0009793202,0.0233203338,0.0201291733,0.0417185176,0.0882089148
96,0.1224009486,0.0009728099,0.0233185133,0.0201057651,0.0416731511,0.0882356619
97,0.122258239,0.0009815277,0.0233265968,0.0200925648,0.0416324041,0.0882690785
98,0.1221147819,0.0009763743,0.0233326633,0.0200786861,0.0415991954,0.0883058489
99,0.1219804017,0.0009772858,0.0233166689,0.0200663508,0.0415651973,0.0883356583
100,0.1218062266,0.0009713641,0.0233178792,0.0200413425,0.0415087305,0.0883665312
101,0.1216809545,0.0009686353,0.0233234666,0.0200341698,0.0414776149,0.0883893436
102,0.1215396993,0.0009623019,0.0233341363,0.020009569,0.0414456455,0.0884082575
103,0.1214125699,0.0009597592,0.0233206334,0.0200003112,0.0414168054,0.0884431443
104,0.1212793356,0.0009528805,0.0233393888,0.0199858394,0.0413737368,0.0884621794
105,0.1210989885,0.0009454782,0.0232922461,0.0199697826,0.0413224374,0.0884953208
106,0.1208950967,0.0009361468,0.0232898849,0.0199432106,0.0412386923,0.0885162723
107,0.1206627635,0.000919975,0.0232416458,0.0198990919,0.0411420921,0.0885342027
108,0.1204089651,0.0008825302,0.0231628897,0.0198516087,0.0410229401,0.0885219368
109,0.1200783523,0.0008360183,0.0230784564,0.0197883708,0.040888996,0.0885124509
110,0.1197783284,0.000784936,0.0229778838,0.0197328265,0.0407694835,0.0884895616
111,0.1194861396,0.0007307977,0.0228676725,0.0196759571,0.0406670272,0.0884629198
112,0.1192154278,0.0006707901,0.0227312989,0.0196111672,0.0405646237,0.0884213534
113,0.1189977738,0.0006075768,0.0225944407,0.0195724871,0.0405049231,0.0883912997
114,0.1187690031,0.0005433757,0.0224484066,0.0195319945,0.0404455531,0.0883618489
115,0.1185844581,0.0004816712,0.0222971674,0.0195028475,0.0403989768,0.0883441381
116,0.1184068862,0.0004384723,0.0221484366,0.019469565,0.0403493729,0.0883235826
117,0.1182038517,0.0003927096,0.0219922124,0.019436393,0.0402820333,0.0882771383
118,0.1179784829,0.0003463061,0.0218397903,0.0193902683,0.0402065627,0.0882379502
119,0.1177491753,0.0002864198,0.0216358641,0.0193515135,0.0401412992,0.0881957781
120,0.1175496445,0.0002321023,0.0214695742,0.0193172023,0.0400793059,0.0881530259
121,0.1173323963,0.000189187,0.0212825626,0.0192771032,0.0400079858,0.0881043626
122,0.1170860831,0.0001439074,0.0211056827,0.0192289992,0.0399135572,0.0880549063
123,0.1168502767,9.21285000e-5,0.0208979308,0.0191738687,0.0398321456,0.0879992425
124,0.1165726051,3.10308000e-5,0.0206855141,0.0191108265,0.0397265645,0.0879137726
125,0.1163357485,-1.53289000e-5,0.0204801359,0.0190570947,0.0396328371,0.0878229018
126,0.1161045269,-6.83912000e-5,0.0203095689,0.0190112075,0.0395557101,0.0877422842
127,0.1159017681,-0.0001141158,0.0201239965,0.0189699261,0.039495662,0.0876713447
128,0.1157069009,-0.0001518701,0.0199620358,0.0189263874,0.0394356507,0.0875784685
129,0.1154952374,-0.0001969131,0.0197408525,0.0188909989,0.039373847,0.0874875544
130,0.1153247762,-0.0002353861,0.0195640542,0.0188601814,0.0393278809,0.0874061784
131,0.1151533649,-0.0002596695,0.0193934164,0.018837462,0.0392957207,0.0873353987
132,0.1149736896,-0.0002865847,0.0192398547,0.0188016779,0.0392396497,0.0872378566
133,0.1147500649,-0.0003147079,0.0190521253,0.0187660873,0.0391785043,0.0871341385
134,0.1145810619,-0.0003419029,0.0189282319,0.0187310537,0.0391281371,0.0870308621
135,0.1144499602,-0.0003560756,0.0187816023,0.018711792,0.039108947,0.0869501914
136,0.1143226321,-0.0003794735,0.0186355296,0.0186882703,0.0390751232,0.0868559377
137,0.1141843239,-0.0003897556,0.0185290505,0.0186701068,0.0390459101,0.0867765265
138,0.1140227918,-0.0004067731,0.0183768186,0.0186451833,0.0389919792,0.0866885718
139,0.1138748631,-0.0004197876,0.0182315318,0.0186239106,0.0389611582,0.0866239936
140,0.1137431621,-0.0004297132,0.0181372964,0.0185954496,0.0389145717,0.0865556467
141,0.1136124281,-0.0004431236,0.0180058859,0.0185791266,0.0388758302,0.0864875026
142,0.1134909257,-0.0004459838,0.0178917818,0.0185606869,0.0388499906,0.086418706
143,0.1133432008,-0.0004654251,0.0177453361,0.0185350797,0.0388155997,0.0863314085
144,0.1132206018,-0.0004758447,0.0176411436,0.0185092686,0.0387762289,0.086250011
145,0.1131003544,-0.0004844087,0.0175397274,0.0184866854,0.0387450521,0.0861650172
146,0.1129903563,-0.0004975014,0.0174522809,0.0184743762,0.0387149305,0.0860906521
147,0.1128769827,-0.0005087973,0.0173533493,0.0184522755,0.0386877475,0.086018946
148,0.1127485496,-0.0005186532,0.0172406496,0.018426253,0.0386504205,0.0859249159
149,0.1126476744,-0.0005237126,0.017133465,0.0184129534,0.0386275194,0.0858612884
150,0.112540212,-0.0005275366,0.0170743351,0.0184050725,0.0385968172,0.0857890251
