Time [s],TGS2620,TGS2602,TGS2603,TGS2610,TGS2611,TGS2600
1,0.09287176,0.00062917,0.01609518,0.01459304,0.03238396,0.07030109
2,0.09286169,0.00063219,0.01609115,0.01459656,0.03238859,0.07029566
3,0.09285012,0.00063239,0.01610182,0.01459374,0.03238759,0.07029505
4,0.09284318,0.00063521,0.01610947,0.01459133,0.03238799,0.07029102
5,0.09283593,0.00064125,0.01611893,0.01459596,0.03239603,0.07029414
6,0.09282828,0.00064608,0.0161292,0.01459132,0.03239412,0.07028539
7,0.09282225,0.00064859,0.01615113,0.01459374,0.03239845,0.07028278
8,0.09281107,0.0006497,0.01612235,0.01459656,0.03240117,0.07027996
9,0.09280514,0.00065201,0.01615365,0.01459676,0.03240208,0.07028076
10,0.09279769,0.00065453,0.01615637,0.01459777,0.0324057,0.07027935
11,0.09280272,0.00066097,0.01615817,0.01459616,0.03241012,0.07027724
12,0.09279467,0.0006666,0.01616261,0.01459616,0.03241415,0.07027412
13,0.0927824,0.00066691,0.01615676,0.0146032,0.03241717,0.07026547
14,0.09277283,0.000666,0.01617065,0.01459898,0.03241949,0.07026365
15,0.09276156,0.00067385,0.01617538,0.01459978,0.03242582,0.07026144
16,0.0927514,0.00067626,0.01617146,0.01459878,0.0324218,0.07025198
17,0.09274174,0.00067828,0.01618917,0.01459858,0.03241899,0.07024192
18,0.09272051,0.00068562,0.01619903,0.01459787,0.03242321,0.07023175
19,0.0927043,0.00068432,0.01618927,0.01459817,0.03242442,0.07022703
20,0.0926884,0.00068774,0.01620648,0.01459314,0.0324212,0.07021455
21,0.09267934,0.00069257,0.01621554,0.01459736,0.03242291,0.0702081
22,0.09266123,0.00069197,0.01621131,0.01459395,0.03241778,0.07019331
23,0.09264151,0.00069317,0.01622288,0.01459495,0.03242311,0.07018154
24,0.092641,0.00069559,0.01621745,0.01459535,0.03245048,0.07017228
25,0.0927043,0.00070897,0.01624894,0.01461306,0.03252062,0.07017027
26,0.09283422,0.00070827,0.016226,0.01462635,0.03258563,0.07016423
27,0.09305249,0.0007138,0.01625237,0.01464496,0.03267288,0.07014984
28,0.09329814,0.00072095,0.0162886,0.01466097,0.0327402,0.07014561
29,0.09362006,0.00072125,0.01628658,0.01467365,0.03280149,0.07012881
30,0.0939132,0.00072417,0.01630762,0.01468421,0.03284275,0.07011965
31,0.0942313,0.00072829,0.01631939,0.01470212,0.03290423,0.07011512
32,0.09458513,0.00072699,0.01634817,0.01472054,0.0329631,0.07009741
33,0.09495807,0.00073855,0.01639788,0.01475415,0.03303646,0.07008453
34,0.09541132,0.00075325,0.01645766,0.01479883,0.03314152,0.07007698
35,0.09579161,0.00077207,0.01655306,0.01485338,0.03325363,0.0700644
36,0.09618518,0.00079058,0.01664876,0.01491778,0.03338194,0.07003663
37,0.09659697,0.00081665,0.01677184,0.01498501,0.03351829,0.07000905
38,0.09701369,0.00084955,0.01694895,0.015049,0.03364952,0.06998087
39,0.09750176,0.00090229,0.01716028,0.01511965,0.03380248,0.06996055
40,0.09787601,0.00094335,0.01735772,0.0151768,0.03392082,0.06994817
41,0.09823345,0.00099265,0.01754922,0.01523638,0.03404138,0.06994485
42,0.09855749,0.00104589,0.01777333,0.01528731,0.03414222,0.06994978
43,0.09890186,0.0011118,0.01803658,0.01534929,0.03426176,0.0699521
44,0.09917186,0.00117077,0.01828314,0.01540082,0.03436119,0.06996055
45,0.09943752,0.00123196,0.01851559,0.01545476,0.03445457,0.06999144
46,0.0996886,0.00128126,0.01873578,0.01551212,0.03454978,0.07001801
47,0.09992278,0.00133561,0.01897337,0.01556485,0.03463511,0.07003984
48,0.10018814,0.00140897,0.01926511,0.01563106,0.03472739,0.07007084
49,0.10041959,0.00148625,0.01955533,0.01568741,0.03481303,0.07009318
50,0.10062771,0.00156787,0.01984948,0.01573612,0.03488972,0.07011633
51,0.10081287,0.00165089,0.02013437,0.01578785,0.03495653,0.07015034
52,0.10097519,0.00172928,0.02043798,0.01583011,0.03502255,0.07018234
53,0.10114234,0.00183273,0.0208082,0.01588345,0.03509561,0.0702391
54,0.10127266,0.00190499,0.02111272,0.0159229,0.03514512,0.07028418
55,0.10140358,0.00197573,0.02141874,0.01595852,0.03519644,0.07033057
56,0.10151488,0.00203964,0.02171631,0.01598771,0.03523971,0.07037838
57,0.10161471,0.0020973,0.02199386,0.01601719,0.03527131,0.07042809
58,0.10172259,0.00215717,0.02228851,0.01604939,0.03530553,0.07049551
59,0.10178216,0.00219944,0.02253737,0.01606338,0.03531237,0.07054744
60,0.10181577,0.00224945,0.02274417,0.01607526,0.03529607,0.07060551
61,0.10180702,0.00230017,0.02293789,0.01608149,0.03526779,0.07066336
62,0.10178085,0.00234394,0.02311269,0.01609055,0.03524273,0.07072737
63,0.10175157,0.00240071,0.02335481,0.01610605,0.03521999,0.07080455
64,0.10171082,0.00243854,0.02350636,0.01611179,0.03520449,0.0708753
65,0.10167791,0.00249288,0.02368599,0.01612799,0.03519281,0.07095238
66,0.10162638,0.00255296,0.02387649,0.016146,0.03518256,0.07103863
67,0.10152213,0.00263286,0.02414538,0.01616492,0.0351586,0.07113614
68,0.10141224,0.002702,0.02435802,0.01617529,0.03513043,0.07122389
69,0.1012955,0.0027653,0.02458172,0.01617559,0.03508977,0.07130198
70,0.10116317,0.00282819,0.02478299,0.01617206,0.03504781,0.07138581
71,0.10103809,0.00288827,0.02498345,0.01616723,0.03500061,0.071464
72,0.10088875,0.0029415,0.02517767,0.01614278,0.03494103,0.07155185
73,0.10077161,0.00298891,0.02533043,0.01612889,0.03489514,0.07162843
74,0.10066403,0.00302382,0.0254847,0.01610605,0.03484895,0.07170451
75,0.10058142,0.00306025,0.0256124,0.01609115,0.03481283,0.07179518
76,0.10047937,0.00309386,0.02574272,0.01607304,0.03476896,0.07185928
77,0.10037009,0.00312526,0.02585573,0.01604748,0.03472508,0.07194663
78,0.10027287,0.00315162,0.02594912,0.01602947,0.03469187,0.07201637
79,0.10019519,0.00317356,0.02601393,0.01600874,0.03466621,0.07208651
80,0.10012273,0.00319651,0.02609061,0.01599092,0.03463582,0.07215716
81,0.10004887,0.00322116,0.02616185,0.01598549,0.03461438,0.07222297
82,0.09996071,0.00324028,0.02620623,0.01596144,0.0345857,0.0722908
83,0.09989621,0.00325407,0.02625021,0.01594946,0.03456346,0.07235842
84,0.09983754,0.00326605,0.0262486,0.01593205,0.03454474,0.0724198
85,0.09979055,0.00327621,0.02632176,0.01592129,0.03453025,0.072483
86,0.09973077,0.00328989,0.02633263,0.0159068,0.03451053,0.07255445
87,0.0996882,0.00329664,0.02636594,0.01589824,0.03449242,0.07261272
88,0.09963677,0.00329915,0.02640086,0.0158915,0.03448396,0.07266958
89,0.09959179,0.00330721,0.02638979,0.01587731,0.03447199,0.07272623
90,0.09954953,0.00330831,0.02640438,0.01587107,0.03445981,0.07277604
91,0.09949478,0.00331073,0.02641726,0.01586463,0.03445377,0.07284659
92,0.0994501,0.00331062,0.02641132,0.01585447,0.03443455,0.07288533
93,0.09940885,0.00331294,0.02644825,0.01584631,0.03442519,0.07293162
94,0.09936698,0.00330881,0.02643889,0.01583716,0.03441332,0.0729759
95,0.09933096,0.00330429,0.02641877,0.01582861,0.03440909,0.07302179
96,0.0992899,0.00330318,0.02643859,0.01583183,0.03440426,0.07307814
97,0.09925377,0.00330358,0.02642692,0.01582146,0.03439913,0.07311115
98,0.09920869,0.00329825,0.02644835,0.01582126,0.03438665,0.07313893
99,0.09916451,0.00329281,0.02644644,0.01581069,0.03438092,0.07317264
100,0.09913301,0.0032903,0.02642078,0.01580536,0.03437055,0.07320213
101,0.09910302,0.00328909,0.02642471,0.01580616,0.03436984,0.07323956
102,0.09906468,0.00328064,0.02642934,0.01579429,0.03435415,0.07325053
103,0.0990193,0.00327419,0.02642511,0.01578443,0.03435123,0.07327297
104,0.09897894,0.00327158,0.02637238,0.01578141,0.03433986,0.07328555
105,0.09894916,0.00325507,0.02641183,0.01577769,0.03433633,0.07330799
106,0.0989095,0.0032267,0.02639119,0.01577658,0.0343308,0.07332218
107,0.09888133,0.00319168,0.02631793,0.01576631,0.0343147,0.07332489
108,0.09883081,0.00315505,0.02630374,0.01576601,0.0342992,0.07332811
109,0.09874346,0.00311379,0.026265,0.01575101,0.03426196,0.07333758
110,0.09859573,0.00307273,0.02618077,0.01571801,0.03419394,0.07333415
111,0.09845847,0.00302523,0.02609302,0.01569034,0.034139,0.07333868
112,0.09830219,0.00296948,0.02597236,0.01565099,0.03407006,0.07331121
113,0.0981288,0.00291635,0.02585855,0.01561375,0.03399851,0.07329098
114,0.09794092,0.0028454,0.02568938,0.01557108,0.03392364,0.07326522
115,0.09770906,0.00274124,0.0254684,0.01551423,0.03383237,0.07322013
116,0.09751132,0.00264343,0.02525073,0.01547005,0.03376243,0.07316469
117,0.09732454,0.00254461,0.02503698,0.01542255,0.03369299,0.07309123
118,0.09712952,0.00244257,0.02482686,0.01538532,0.03362849,0.073023
119,0.09694496,0.00233972,0.0245777,0.01534939,0.03357887,0.07295024
120,0.09673403,0.00222399,0.02428707,0.01530622,0.03351548,0.07284608
121,0.09657362,0.00213865,0.02408248,0.01527563,0.03346133,0.07276638
122,0.09639872,0.00206107,0.02381611,0.01523377,0.03339834,0.07267793
123,0.09621054,0.00198489,0.02361626,0.01519865,0.03333756,0.07259098
124,0.09602538,0.0019076,0.02337977,0.01516191,0.03328784,0.0724989
125,0.09581314,0.00181663,0.02307465,0.01512247,0.03322153,0.07240139
126,0.09564961,0.00174508,0.02284118,0.01508282,0.03317715,0.07231716
127,0.09549605,0.00168521,0.02262764,0.01505585,0.03312472,0.07222941
128,0.09532961,0.00163298,0.02238995,0.01502606,0.03307672,0.0721334
129,0.09513398,0.00156757,0.02213353,0.01499275,0.03302197,0.07203368
130,0.09496813,0.00151151,0.02187471,0.01496246,0.03297961,0.07195025
131,0.09481879,0.00145989,0.02170222,0.01493901,0.03294429,0.07186703
132,0.09468113,0.00141884,0.0214915,0.01491949,0.03291279,0.0717831
133,0.09454779,0.00137908,0.0213173,0.01490329,0.03288391,0.07169545
134,0.09439614,0.0013338,0.0211107,0.01487541,0.03284536,0.07158355
135,0.09428866,0.00130019,0.02092695,0.01486002,0.03283198,0.07151442
136,0.09417787,0.00126678,0.02075869,0.0148405,0.03280159,0.0714326
137,0.09406767,0.00124263,0.02057896,0.01482922,0.03278005,0.07134978
138,0.09396784,0.0012076,0.02042207,0.01481685,0.03276073,0.07127199
139,0.09385464,0.00117259,0.02023762,0.01480306,0.03273658,0.07118444
140,0.09374857,0.0011441,0.02006372,0.01478877,0.0327076,0.0711146
141,0.0936587,0.00111915,0.01993109,0.01476582,0.03268496,0.0710348
142,0.09357125,0.0010961,0.01982986,0.01475596,0.03266121,0.07096486
143,0.09347897,0.00107688,0.01970386,0.01474439,0.03264299,0.07089623
144,0.09337653,0.00105132,0.01953681,0.01472738,0.0326128,0.07079962
145,0.09328777,0.00103331,0.01941233,0.01471209,0.03258674,0.07073401
146,0.09319781,0.001016,0.0193126,0.01469378,0.03256792,0.07066367
147,0.09311247,0.00099748,0.01919788,0.01467787,0.03254035,0.07059655
148,0.09302341,0.0009834,0.01910802,0.01466167,0.03251337,0.07052721
149,0.09292388,0.00097122,0.01898937,0.01465291,0.03248782,0.0704463
150,0.09282979,0.00095391,0.01887525,0.01463611,0.03246789,0.07039005
