Time [s],TGS2620,TGS2602,TGS2603,TGS2610,TGS2611,TGS2600
1,0.0848334524,0.0033774544,0.0137825461,0.014231702,0.0343288908,0.0642259581
2,0.0848997359,0.003381531,0.0137661751,0.014274266,0.0343686355,0.0642586055
3,0.0849962288,0.0033832082,0.0137516536,0.014326817,0.034430026,0.0643251246
4,0.0850807052,0.003384755,0.0137432101,0.0143765791,0.0344885822,0.0643703503
5,0.0851634288,0.0033849364,0.0137273396,0.0144167363,0.0345406052,0.0644275672
6,0.0852488084,0.0033862431,0.0137173256,0.0144571146,0.0346054653,0.0644799243
7,0.0853573821,0.0034015945,0.013707558,0.0144988177,0.0346660087,0.0645499497
8,0.085456304,0.0034196356,0.0137067614,0.0145448985,0.034725359,0.0646203933
9,0.0855332211,0.0034250832,0.013704786,0.0145860313,0.0347742336,0.0646653061
10,0.0855907198,0.0034342513,0.0136964456,0.0146263699,0.034822847,0.0647062705
11,0.0856441473,0.0034579598,0.0136877413,0.014670981,0.0348718458,0.0647453709
12,0.0856438245,0.0034537138,0.0136741495,0.014682865,0.0348892055,0.0647457862
13,0.0856763107,0.0034687087,0.0136768543,0.0147155569,0.0349139972,0.0647568635
14,0.0857099496,0.0034812958,0.0136736512,0.014744079,0.0349503496,0.064774693
15,0.0857426351,0.0034983466,0.0136685063,0.0147771521,0.0349838188,0.0647913441
16,0.0857749905,0.0035116646,0.0136779778,0.0148003895,0.0350261579,0.0648113098
17,0.0857981692,0.0035381945,0.0136770927,0.0148222809,0.0350682076,0.0648424718
18,0.0858195919,0.0035453446,0.0136765077,0.0148341598,0.0350913653,0.0648525056
19,0.0858202341,0.0035623049,0.0136755596,0.0148455526,0.0351082847,0.0648446774
20,0.0858214054,0.0035754374,0.0136742308,0.0148615043,0.035136294,0.0648449059
21,0.0858296677,0.0035943357,0.0136832951,0.0148811971,0.0351575645,0.0648502838
22,0.0858307832,0.003613562,0.0136828473,0.0148981143,0.0351899331,0.0648497595
23,0.0858389859,0.0036312069,0.0137031326,0.0149087604,0.0352112432,0.0648597801
24,0.0858523224,0.003645243,0.0136922447,0.0149275995,0.0352325098,0.0648613469
25,0.0858625753,0.0036608984,0.0137000858,0.0149441936,0.0352707873,0.0648617261
26,0.0859013173,0.0036864894,0.0137249091,0.0149636253,0.0353150387,0.0648692665
27,0.0860557764,0.0037054579,0.0137567073,0.0150014175,0.0354238461,0.0648821527
28,0.0863810272,0.0037309375,0.013789883,0.0150471551,0.0355623427,0.0648937829
29,0.0868217293,0.00375205,0.0138316892,0.0150971966,0.0357143635,0.0648770634
30,0.0874784757,0.0037764328,0.0138985621,0.0151679328,0.0359114176,0.0648662838
31,0.0881029716,0.0038033948,0.0139700379,0.0152276682,0.0360797507,0.0648449184
32,0.0888119588,0.0038163733,0.014063747,0.0153072935,0.0362570355,0.0648190425
33,0.0896462444,0.0038428553,0.0141750551,0.0153883885,0.0364509358,0.0648077441
34,0.0907956646,0.0038732911,0.0143446279,0.0155119594,0.0366938788,0.0647794235
35,0.0918016572,0.0039009238,0.0145035819,0.0155989165,0.0368711213,0.064762079
36,0.0928312964,0.0039291023,0.0146848408,0.015695828,0.0370316651,0.0647414795
37,0.0938952387,0.0039654103,0.0148784101,0.0158106471,0.0372156711,0.0647181138
38,0.094931074,0.004010399,0.0150797825,0.0159198576,0.0373754855,0.0646982064
39,0.0961246043,0.0040828015,0.0153907962,0.0160494202,0.0375619832,0.0646699315
40,0.0970793501,0.0041700915,0.0156804272,0.016170651,0.0377224435,0.0646567969
41,0.0979759465,0.0042792582,0.016031349,0.0162853278,0.0378753641,0.0646473666
42,0.0987756776,0.004411087,0.0164112097,0.0164035036,0.0380158413,0.0646498261
43,0.0995736957,0.0045676911,0.0168211081,0.0165326407,0.0382122522,0.0646566292
44,0.1004719934,0.0047697824,0.0173494482,0.0166619499,0.0384103877,0.0646629982
45,0.1011759842,0.0049488328,0.0178125765,0.0167703471,0.0385714657,0.0646871621
46,0.101809733,0.0051344548,0.0182999286,0.0168621143,0.0386988365,0.0646907862
47,0.102427372,0.0053301242,0.0188335786,0.0169775937,0.0388402578,0.064712491
48,0.1030414311,0.0055396463,0.019361819,0.0170831451,0.039007793,0.0647438183
49,0.1036837784,0.0057936989,0.01999716,0.0171872593,0.0391448753,0.064786059
50,0.1041347011,0.0060155381,0.0205291435,0.0172726672,0.0392561929,0.0648299672
51,0.1046402635,0.0063183017,0.0210872138,0.0173969929,0.0393990567,0.0648855955
52,0.1051334464,0.0065914565,0.0216738463,0.0174866107,0.0395277455,0.0649490001
53,0.1055443053,0.0068302442,0.0222281704,0.0175644716,0.0396335972,0.0650303398
54,0.1059888971,0.0070975253,0.0228669459,0.0176431109,0.0397450884,0.0651431012
55,0.1062828557,0.0073026735,0.0233876601,0.017698787,0.0398124672,0.0652518479
56,0.1064518448,0.0076457835,0.0239203077,0.0177755899,0.0398744569,0.0653590912
57,0.1066970582,0.0081744585,0.0245114499,0.0179187139,0.0400153353,0.065475626
58,0.107138776,0.008695253,0.0252302223,0.0180643559,0.0401955834,0.0656386237
59,0.1074443506,0.0090312328,0.0258018844,0.0181607187,0.0402922347,0.0657651117
60,0.1077281251,0.0093693808,0.026352184,0.0182448697,0.040394144,0.0658987048
61,0.1080135014,0.0096477262,0.0268804867,0.0182967399,0.0404609646,0.0660488722
62,0.1082789524,0.009861598,0.0273465971,0.0183282062,0.0405086241,0.0661822404
63,0.1085022332,0.0100730562,0.0278643799,0.0183369607,0.0405525846,0.0663616105
64,0.1085924381,0.0102197524,0.0282223575,0.0183057282,0.0405257688,0.0665070311
65,0.1086177256,0.0103615339,0.0285168653,0.0182926187,0.0404782233,0.0666549683
66,0.10859082,0.0105003092,0.0287815394,0.018327546,0.0404304209,0.0668027499
67,0.1085576862,0.0106479356,0.0290107706,0.0183807171,0.0404014531,0.0669344254
68,0.1085461381,0.0108518191,0.0293148621,0.0184734369,0.040418053,0.0670911229
69,0.1084272824,0.0110419578,0.0295775901,0.0184387797,0.0403957673,0.0672242829
70,0.1081715917,0.0112460711,0.0298052399,0.0184021198,0.0403202894,0.0673547149
71,0.1078266616,0.0114519447,0.0299977168,0.0184240134,0.0401951268,0.0674653093
72,0.1074467582,0.0116460432,0.0301835746,0.0184801709,0.0400585026,0.0675624058
73,0.1070092246,0.0118906724,0.030420068,0.0184942269,0.0399197576,0.067691457
74,0.1066848166,0.0120994926,0.030620236,0.0184918116,0.0398188548,0.0678079691
75,0.106381794,0.0123048261,0.0308108591,0.0185345879,0.0397456528,0.0679240711
76,0.1060824756,0.0125092709,0.0310083706,0.0185985256,0.0396756173,0.0680406483
77,0.10572781,0.0127524664,0.0312077235,0.0186306991,0.0396044783,0.0681666344
78,0.1054263927,0.0129330088,0.0313611465,0.0186366419,0.0395427595,0.068269569
79,0.1051068294,0.0130982909,0.0315433045,0.0186405755,0.0394807715,0.068381342
80,0.104761191,0.0132415959,0.0316863824,0.0186378089,0.0394307922,0.0684809077
81,0.1044060433,0.0133739699,0.0318051515,0.0186328625,0.039389017,0.0685888777
82,0.103984384,0.0135140804,0.0319575654,0.0186115173,0.0393369551,0.0687123596
83,0.1036358306,0.0136280952,0.0320734745,0.0185798057,0.0392993674,0.0688202298
84,0.1033027953,0.0137372048,0.0321998759,0.0185555638,0.0392632177,0.0689206804
85,0.1029824028,0.0138443991,0.0322908977,0.0185230488,0.0392316744,0.0690295533
86,0.1026681469,0.013944018,0.0324179231,0.0184899979,0.039203432,0.0691390958
87,0.1023175781,0.0140646968,0.0325230867,0.0184536644,0.0391777884,0.0692658375
88,0.1020427977,0.0141681717,0.0326205229,0.018422047,0.0391575855,0.0693635162
89,0.1017918446,0.0142601236,0.0327334447,0.0183865072,0.0391389889,0.0694612944
90,0.101544291,0.0143513208,0.0328082401,0.0183683246,0.0391166119,0.0695532067
91,0.1013093165,0.0144309593,0.0329046553,0.018375039,0.0391036685,0.0696473059
92,0.1010461783,0.0145220058,0.0330186694,0.0184261169,0.0390855067,0.0697453838
93,0.1008264302,0.0145744378,0.033092673,0.0185118907,0.0390732291,0.0698246151
94,0.1006076428,0.0146319347,0.0331461512,0.0186185195,0.0390422493,0.0698855898
95,0.1003953296,0.0146768333,0.0332225469,0.0187323631,0.0390206528,0.0699469711
96,0.1001727718,0.0147047498,0.0333009645,0.0188527274,0.0389961124,0.0699996805
97,0.0999324595,0.0147407558,0.0333496549,0.0189989139,0.0389665299,0.0700714425
98,0.0997409002,0.0147578721,0.0334022354,0.0191099469,0.0389448999,0.0701248061
99,0.099569895,0.0147644866,0.0334429281,0.0192757254,0.0389263147,0.0701709637
100,0.0993797683,0.0147755197,0.0334659103,0.0195794924,0.0388923846,0.0702068368
101,0.0991921877,0.0148069687,0.0335170844,0.0197713901,0.0388696254,0.0702573946
102,0.0990588449,0.0148261189,0.0335563401,0.0198328054,0.0388584671,0.0703032818
103,0.0989365788,0.0148239236,0.0335951997,0.0198246475,0.0388539819,0.0703592921
104,0.0987504211,0.014818745,0.0336109697,0.0197810946,0.03882437,0.0704057731
105,0.0985096541,0.0147936676,0.0335935623,0.0197037587,0.0387739167,0.0704430589
106,0.0982184888,0.0146684942,0.0335580275,0.0195865146,0.0387190764,0.0704887385
107,0.0979518357,0.0144658051,0.0334357204,0.0194688222,0.038649981,0.0705064707
108,0.0976288005,0.0141113777,0.0332286566,0.0193343698,0.0385803534,0.0705202397
109,0.0972695285,0.0136344973,0.0329585376,0.0192029851,0.0385191981,0.0705043283
110,0.0968465261,0.0131176026,0.0326507147,0.0190890439,0.0384225048,0.0704574864
111,0.096321825,0.012547331,0.0322725033,0.0189572731,0.038310387,0.0703789554
112,0.0959177341,0.0121615544,0.0319687061,0.0188553074,0.0382289483,0.070275996
113,0.0955663247,0.0118155435,0.031654883,0.0187597638,0.0381558529,0.0701343281
114,0.0952551053,0.0114638656,0.0313359917,0.01865807,0.038077116,0.069970823
115,0.094964671,0.0111098362,0.0309866633,0.0185641969,0.0380002556,0.0697972444
116,0.094610784,0.0107136531,0.0305340326,0.0184635458,0.0379142002,0.0695817431
117,0.0943593654,0.0103903832,0.0301786458,0.0183974834,0.0378527499,0.0693793168
118,0.094132263,0.0100551911,0.0298228283,0.0183283244,0.037813386,0.0691936167
119,0.0939428222,0.009769183,0.0295005072,0.0182573115,0.0377709802,0.0690059274
120,0.093752742,0.0095127592,0.029155846,0.018183897,0.0377268992,0.0688358294
121,0.0935163254,0.0092159654,0.0287039456,0.0180924321,0.0376650998,0.0686436541
122,0.0932827232,0.0089922655,0.0283635122,0.0180190025,0.0376159544,0.068483481
123,0.0929797512,0.0087774023,0.0280265233,0.0179474846,0.0375568389,0.0683355697
124,0.0926690718,0.0085746008,0.0276809095,0.0178651844,0.0374888218,0.0681888467
125,0.0923350218,0.008312376,0.0272307915,0.0177805646,0.0374315547,0.0680361641
126,0.0920817935,0.0080731029,0.0268803403,0.0177009107,0.0373769043,0.0678903302
127,0.091856921,0.0078599031,0.0265027896,0.0176464933,0.037325977,0.0677619439
128,0.0916436526,0.0076851857,0.0261632453,0.0175968492,0.0372879608,0.0676307938
129,0.0914352082,0.0075536988,0.0258265438,0.0175464422,0.0372374978,0.0675087124
130,0.0911973375,0.0074249804,0.0254786544,0.0175148326,0.0371954479,0.0673697884
131,0.0910139935,0.0073378598,0.0251989462,0.0174845423,0.0371580547,0.0672748878
132,0.0908382542,0.0072499335,0.0249377838,0.0174673464,0.0371320916,0.067181278
133,0.090695921,0.0071908729,0.0247023686,0.0174474449,0.0371149631,0.0670908121
134,0.090605693,0.007127178,0.0244748877,0.017423956,0.0370972826,0.0670088459
135,0.0905024286,0.0070456077,0.0242377886,0.017414659,0.0370997597,0.0669265793
136,0.0903900577,0.0069667184,0.0240333537,0.017412031,0.0370778233,0.0668399173
137,0.0902603978,0.0068999502,0.0238257471,0.0173890102,0.0370540524,0.0667527247
138,0.0901348539,0.0068266767,0.0236346331,0.0173637641,0.0370214493,0.0666713319
139,0.0900065435,0.0067676891,0.0234210691,0.0173329565,0.0369871622,0.0665729402
140,0.0898050616,0.006696081,0.0231732973,0.0173089951,0.0369430194,0.0664667055
141,0.0896255853,0.0066399844,0.0229916862,0.0172881572,0.0369066014,0.0663775993
142,0.089451482,0.0065801667,0.0228030528,0.0172691408,0.0368847477,0.0662894455
143,0.0892967258,0.0065495679,0.0226449249,0.0172510615,0.0368487611,0.0662093068
144,0.0891212139,0.0065304118,0.0224748172,0.0172308314,0.0368255992,0.0661236558
145,0.0889668077,0.0065111529,0.022352074,0.0172107246,0.0367956422,0.0660498907
146,0.0888169568,0.0064965313,0.0222145521,0.017190728,0.0367690083,0.0659790727
147,0.0886832939,0.0064737791,0.0220872884,0.0171742501,0.0367398592,0.0659235516
148,0.0885659105,0.0064506419,0.0219432774,0.0171503437,0.0367083523,0.0658607118
149,0.0884406147,0.0064244824,0.0217842863,0.0171279697,0.0366827637,0.0657945608
150,0.0883600388,0.006384543,0.021644673,0.0171184559,0.0366823795,0.0657286704
