Time [s],TGS2620,TGS2602,TGS2603,TGS2610,TGS2611,TGS2600
1,0.0848628811,0.0034000326,0.0138029707,0.0142419982,0.034311284,0.0642314977
2,0.0849338461,0.0033990558,0.0137861041,0.0142851348,0.0343487474,0.0642731467
3,0.0850275688,0.0034037844,0.0137736596,0.0143377285,0.0344088085,0.0643331129
4,0.0851096241,0.0034006045,0.0137629394,0.0143855609,0.0344659492,0.0643777055
5,0.0851948081,0.0034076245,0.0137470885,0.0144268179,0.0345246418,0.0644387835
6,0.0852818915,0.0034090256,0.0137388857,0.01446576,0.0345823478,0.0644890229
7,0.0853877399,0.0034240766,0.0137251601,0.0145111227,0.0346439708,0.0645613303
8,0.0854892278,0.0034426869,0.0137279414,0.0145551276,0.0347054544,0.0646321503
9,0.085564823,0.0034469278,0.013723384,0.0145973974,0.0347530438,0.0646774338
10,0.0856196985,0.0034545897,0.0137165315,0.0146389008,0.0348069183,0.0647193856
11,0.0856795265,0.0034774958,0.0137073319,0.0146829926,0.0348545029,0.0647531408
12,0.0856760513,0.0034734463,0.0136948459,0.014693457,0.0348669998,0.0647572301
13,0.0857076664,0.0034909893,0.0136993389,0.0147241662,0.0348932449,0.0647689277
14,0.0857397762,0.0035012682,0.013694143,0.0147517863,0.0349305005,0.0647857452
15,0.0857767446,0.0035188665,0.0136897609,0.0147880036,0.0349637059,0.0648019682
16,0.0858055314,0.0035345342,0.0136983794,0.0148082908,0.0350024624,0.0648216831
17,0.0858313047,0.0035562197,0.0136964425,0.0148308783,0.0350469122,0.0648539682
18,0.0858523807,0.0035618395,0.0136946026,0.014847204,0.0350744362,0.064864616
19,0.0858527989,0.0035848469,0.013695094,0.0148549828,0.0350881501,0.0648554321
20,0.085852298,0.0035988735,0.0136934191,0.014871122,0.0351158223,0.0648588889
21,0.0858615407,0.0036164972,0.0137058033,0.0148914225,0.0351373835,0.0648606076
22,0.0858635491,0.0036348221,0.0137032497,0.014908956,0.0351709717,0.0648639527
23,0.0858722445,0.0036502092,0.0137213458,0.0149221905,0.0351930982,0.0648733848
24,0.0858834554,0.0036654257,0.0137127572,0.0149386746,0.0352141139,0.064875783
25,0.085893073,0.003679999,0.013721578,0.0149547477,0.03525201,0.0648742316
26,0.0859311674,0.0037073032,0.0137460901,0.0149718628,0.0352937234,0.064881194
27,0.0860907483,0.00372319,0.0137775582,0.0150106916,0.0354061806,0.0648917075
28,0.0864135137,0.0037459658,0.0138092311,0.0150579714,0.0355401722,0.0649002966
29,0.0868550972,0.0037737757,0.0138499409,0.0151081113,0.0356930517,0.0648846211
30,0.0875102188,0.0037966412,0.0139167495,0.0151764255,0.035893453,0.0648767555
31,0.0881350816,0.0038200973,0.0139898059,0.0152383622,0.0360578474,0.0648543166
32,0.0888441098,0.0038404142,0.0140847805,0.015315799,0.0362344184,0.0648295797
33,0.0896772228,0.0038644538,0.0141956755,0.0153974939,0.0364286517,0.0648175282
34,0.0908274157,0.0038943668,0.0143641394,0.0155218866,0.0366729784,0.0647891725
35,0.091834327,0.0039196935,0.0145218917,0.015608115,0.0368537567,0.0647700864
36,0.0928626722,0.0039499968,0.014703993,0.015707849,0.037012172,0.064751412
37,0.0939267067,0.003988055,0.0148977737,0.0158228214,0.0371956784,0.0647250688
38,0.0949642589,0.00403071,0.0151003733,0.0159277074,0.037356484,0.0647076085
39,0.096155259,0.0041022529,0.0154108096,0.0160636075,0.0375392232,0.0646791242
40,0.097111604,0.0041851723,0.0157011671,0.0161823439,0.0377031463,0.06466694
41,0.0980094456,0.0042977943,0.0160504906,0.0162958243,0.0378514803,0.0646598048
42,0.0988056274,0.0044308095,0.0164327758,0.0164171721,0.03799536,0.0646582727
43,0.0996060307,0.0045894478,0.0168399697,0.0165428077,0.0381903266,0.0646639171
44,0.1005025981,0.0047915162,0.017370704,0.0166724556,0.0383883934,0.0646722316
45,0.1012077159,0.0049703121,0.0178343311,0.0167805236,0.03854983,0.0646943566
46,0.1018425743,0.0051543426,0.0183174384,0.0168722183,0.0386804676,0.0647031041
47,0.1024569451,0.0053519717,0.0188535018,0.0169888885,0.0388228542,0.0647197203
48,0.1030734577,0.0055613168,0.0193810582,0.017094959,0.0389882459,0.0647543156
49,0.1037132737,0.0058132346,0.0200186755,0.0172010645,0.0391245642,0.0647941063
50,0.1041663428,0.0060367464,0.0205484014,0.0172828591,0.0392327436,0.0648352854
51,0.1046729653,0.0063415587,0.0211071031,0.0174070593,0.0393785017,0.0648917863
52,0.1051639248,0.0066131126,0.0216939177,0.0174992401,0.0395071368,0.0649609423
53,0.1055768547,0.0068506969,0.0222502568,0.0175762451,0.0396097795,0.0650360781
54,0.10602192,0.0071155499,0.0228868031,0.0176530528,0.0397271649,0.0651532771
55,0.1063170802,0.0073197759,0.023408369,0.0177094419,0.0397910971,0.0652590836
56,0.1064859201,0.0076655586,0.0239407525,0.0177874005,0.0398536393,0.0653648386
57,0.1067309698,0.0081951981,0.0245325608,0.0179288746,0.0399965015,0.065488777
58,0.1071677931,0.0087186821,0.0252528042,0.0180762826,0.0401756391,0.065648593
59,0.1074752727,0.0090547357,0.0258238253,0.0181730011,0.0402718619,0.065778428
60,0.1077601529,0.0093939495,0.0263711093,0.0182554727,0.0403731602,0.0659123508
61,0.1080463062,0.0096694849,0.0269002033,0.0183067608,0.0404408381,0.0660562851
62,0.1083116942,0.0098846817,0.0273674134,0.0183393887,0.0404890639,0.0661884194
63,0.108536032,0.0100942826,0.0278826655,0.0183484456,0.040535614,0.066374009
64,0.1086209367,0.0102379444,0.0282419298,0.0183186609,0.0405057155,0.066516952
65,0.1086519244,0.0103859453,0.0285364973,0.0183037072,0.0404584896,0.0666615129
66,0.1086234711,0.0105225733,0.0288005732,0.0183399917,0.0404143576,0.0668101984
67,0.1085882312,0.0106706252,0.0290318257,0.0183910898,0.0403842263,0.066941362
68,0.1085796338,0.010875432,0.0293340441,0.0184823403,0.0403944929,0.0670996529
69,0.108460046,0.0110647218,0.0295971619,0.0184472302,0.0403758467,0.067234318
70,0.1082054111,0.0112662477,0.0298255035,0.0184147777,0.0403040563,0.0673632366
71,0.1078590374,0.0114692468,0.0300199769,0.0184315062,0.0401733038,0.0674749986
72,0.1074777111,0.0116652373,0.0302035106,0.0184873745,0.0400360206,0.0675721483
73,0.1070414323,0.0119127068,0.0304405473,0.0185044695,0.039902576,0.0677063067
74,0.1067167057,0.0121146648,0.0306407045,0.0185017142,0.039801367,0.0678168028
75,0.1064110343,0.0123232969,0.0308293094,0.0185446986,0.0397252447,0.0679340542
76,0.1061142228,0.0125242729,0.0310293549,0.018608171,0.0396560826,0.0680494759
77,0.1057617967,0.0127741813,0.0312262502,0.0186408205,0.0395838641,0.068173748
78,0.1054584272,0.0129505533,0.0313821699,0.0186472786,0.0395226005,0.0682823298
79,0.1051358593,0.0131183379,0.0315639008,0.0186508956,0.0394565985,0.0683900757
80,0.1047898096,0.0132611102,0.0317066295,0.0186504172,0.0394128251,0.0684899435
81,0.104439937,0.013390461,0.0318251427,0.0186425065,0.0393684578,0.0685949573
82,0.1040155619,0.0135326591,0.031977196,0.018623158,0.0393163114,0.0687185268
83,0.1036663207,0.0136490007,0.0320938165,0.0185895277,0.0392775043,0.0688306023
84,0.1033373109,0.0137560651,0.0322215538,0.0185669556,0.0392437813,0.0689329887
85,0.1030105176,0.0138663173,0.0323092004,0.0185340962,0.0392119293,0.0690382051
86,0.1027009279,0.0139633193,0.0324362903,0.0185000846,0.039183658,0.0691435812
87,0.1023496023,0.0140865692,0.0325427242,0.0184650381,0.0391560842,0.069272057
88,0.1020756261,0.0141873996,0.0326409081,0.018435012,0.039135035,0.0693777877
89,0.101822638,0.0142818571,0.0327534505,0.0183972,0.0391193539,0.0694715191
90,0.101577483,0.0143746089,0.0328272539,0.0183810203,0.0390964731,0.0695611463
91,0.1013411344,0.014452864,0.0329238098,0.018386695,0.0390825279,0.0696554764
92,0.1010777441,0.0145406085,0.0330388092,0.0184358663,0.0390649932,0.0697549695
93,0.1008557762,0.0145957911,0.0331131919,0.0185251552,0.0390548803,0.0698332602
94,0.1006394348,0.0146484481,0.033164544,0.0186285976,0.0390190632,0.0698946094
95,0.1004256741,0.0146959976,0.033243903,0.0187435746,0.0390008188,0.069953107
96,0.100204537,0.0147285283,0.0333180861,0.0188628153,0.0389763347,0.070012002
97,0.0999635847,0.0147596436,0.0333700883,0.0190094163,0.0389494773,0.0700821831
98,0.0997755936,0.0147821575,0.0334213586,0.0191188762,0.0389279424,0.0701387117
99,0.0995997073,0.0147847031,0.0334609146,0.0192846213,0.0389057868,0.0701761576
100,0.0994132048,0.0147984209,0.033487065,0.0195909168,0.038871034,0.0702139041
101,0.0992242586,0.0148277779,0.033537681,0.0197846077,0.0388472141,0.0702647008
102,0.099092896,0.0148412859,0.0335753696,0.0198419717,0.038838633,0.070314374
103,0.0989684586,0.0148449239,0.0336160178,0.0198353831,0.0388325671,0.0703713852
104,0.0987825114,0.0148418767,0.0336320937,0.0197897604,0.0388042995,0.0704168472
105,0.0985409082,0.0148105787,0.0336110396,0.0197120146,0.0387516776,0.0704496569
106,0.0982496085,0.0146934776,0.0335798726,0.0195962383,0.0386963543,0.0704963594
107,0.0979838751,0.0144866409,0.0334549578,0.0194809837,0.0386299115,0.0705157472
108,0.0976608446,0.0141309721,0.0332464832,0.0193443603,0.0385602197,0.0705314147
109,0.0973019487,0.0136566272,0.0329806562,0.0192142779,0.0384960991,0.0705160723
110,0.0968766664,0.0131414948,0.0326702967,0.0191006701,0.03840239,0.0704681953
111,0.096352684,0.0125698894,0.0322944326,0.0189698107,0.0382884937,0.0703899193
112,0.0959491342,0.0121842538,0.0319879268,0.0188637881,0.0382091658,0.0702866671
113,0.0955973497,0.0118323908,0.0316757897,0.0187710093,0.0381357974,0.0701462594
114,0.09528717,0.0114824418,0.031356768,0.0186681588,0.0380566672,0.0699818394
115,0.0949957545,0.0111308626,0.0310056911,0.0185770757,0.0379783083,0.0698095799
116,0.0946407571,0.0107292206,0.0305532618,0.0184760464,0.0378906522,0.0695888422
117,0.0943908086,0.0104097064,0.0301973731,0.0184072058,0.0378320141,0.0693841159
118,0.0941654951,0.0100764007,0.0298432008,0.0183383594,0.037793418,0.0692046784
119,0.0939737809,0.0097901243,0.0295200104,0.0182676025,0.0377521618,0.0690151954
120,0.0937860096,0.0095358877,0.0291754721,0.0181979573,0.0377070614,0.0688467297
121,0.0935486757,0.0092374271,0.0287245408,0.0180998483,0.0376443018,0.0686493483
122,0.0933164889,0.0090136708,0.0283852071,0.0180300774,0.0375961548,0.0684927622
123,0.0930129662,0.0087982925,0.0280467911,0.0179569422,0.0375365745,0.0683456219
124,0.092703568,0.0085926195,0.0277017086,0.0178766536,0.0374680475,0.0682014449
125,0.0923685614,0.0083334883,0.0272481067,0.0177916142,0.0374114907,0.0680416654
126,0.092115435,0.0080901133,0.0268998532,0.0177138923,0.0373566307,0.0678974371
127,0.0918895302,0.0078797903,0.026521187,0.0176544859,0.0373066754,0.0677673624
128,0.0916738764,0.0077048909,0.0261824719,0.0176103855,0.0372669239,0.0676376693
129,0.0914674442,0.0075716924,0.02584575,0.0175594552,0.0372153591,0.0675198315
130,0.0912271865,0.0074455449,0.0254979854,0.0175234752,0.0371773608,0.0673806657
131,0.0910450533,0.0073552003,0.0252191935,0.0174954996,0.0371385708,0.0672799374
132,0.0908697507,0.0072685813,0.0249585459,0.0174795944,0.0371130939,0.0671940981
133,0.090726172,0.0072082925,0.0247239517,0.0174566491,0.0370949815,0.0670992768
134,0.0906374617,0.007147798,0.0244949288,0.0174365924,0.0370792973,0.0670224076
135,0.0905318609,0.0070653175,0.0242589172,0.0174244073,0.0370779091,0.0669341798
136,0.0904226632,0.0069866525,0.0240551987,0.0174202844,0.0370570232,0.066851505
137,0.0902917347,0.0069182678,0.0238466912,0.0174010952,0.0370326237,0.0667665345
138,0.090165803,0.0068445351,0.0236555794,0.0173719536,0.0370041208,0.0666794457
139,0.0900378769,0.0067840535,0.0234388263,0.017343888,0.0369677697,0.0665830664
140,0.089837057,0.0067167083,0.0231945757,0.0173194226,0.0369200325,0.0664732535
141,0.0896591672,0.0066614822,0.0230105275,0.0173017572,0.0368870958,0.0663896261
142,0.0894860001,0.0066027099,0.0228224419,0.0172798069,0.0368657098,0.0663019485
143,0.0893288874,0.006567841,0.0226658985,0.017258299,0.0368308478,0.0662202047
144,0.0891508618,0.0065480516,0.0224946831,0.01724196,0.0368047728,0.0661296696
145,0.089000517,0.0065356263,0.022371727,0.017223177,0.036774722,0.0660589409
146,0.0888469689,0.0065140063,0.0222355309,0.017202046,0.0367482119,0.0659890783
147,0.0887151231,0.0064905103,0.0221080267,0.0171857515,0.0367207747,0.0659344532
148,0.0885985505,0.0064714152,0.0219628688,0.017161837,0.0366879516,0.0658723131
149,0.0884714335,0.0064458275,0.021804732,0.0171372169,0.0366615198,0.0658025292
150,0.0883920619,0.0064056038,0.0216663662,0.0171299836,0.0366619397,0.0657405378
