Time [s],TGS2620,TGS2602,TGS2603,TGS2610,TGS2611,TGS2600
1,0.0955127085,0.0022964197,0.0150095377,0.0161226144,0.0359543716,0.0718422468
2,0.0955781066,0.0022885057,0.0149806833,0.0161312452,0.0360058972,0.0718896634
3,0.0956348258,0.0022892893,0.0149695442,0.0161486625,0.0360438007,0.0719283304
4,0.095676481,0.0022842454,0.0149538225,0.0161641318,0.0360917602,0.071958828
5,0.0957170347,0.0022827507,0.0149328055,0.0161715191,0.0361234662,0.071987189
6,0.0957580609,0.0022821524,0.0149193341,0.016181358,0.0361518137,0.0720105559
7,0.0958069994,0.0022890627,0.0149071004,0.0161951514,0.0361946745,0.0720420436
8,0.0958261476,0.0022890976,0.0148783109,0.0162059018,0.0362287417,0.0720514415
9,0.0958539517,0.0022928303,0.0148637964,0.0162124712,0.0362589749,0.0720729654
10,0.0958848869,0.0023047468,0.0148655559,0.0162241081,0.036284761,0.0720872032
11,0.0959086156,0.0023098168,0.0148446253,0.0162289169,0.0363179255,0.0720977164
12,0.0959140012,0.002315319,0.0148258751,0.0162359192,0.0363497785,0.072109338
13,0.0959242692,0.0023261335,0.0148260694,0.0162457402,0.036375618,0.0721104349
14,0.0959388561,0.0023310631,0.014809441,0.0162526802,0.0363916902,0.0721115458
15,0.0959429783,0.0023441234,0.0148089286,0.016263663,0.0364248303,0.0721163708
16,0.0959397371,0.0023555709,0.0148040653,0.0162666135,0.0364478332,0.072112277
17,0.0959369801,0.0023609053,0.0147931159,0.0162684167,0.0364663088,0.072110984
18,0.0959412853,0.0023745708,0.0147902169,0.0162703451,0.0364838449,0.0721061235
19,0.0959299132,0.0023909433,0.0147975785,0.0162787302,0.036501156,0.0721017104
20,0.09591646,0.0023947993,0.0147923302,0.016279025,0.0365212175,0.0720939209
21,0.0959019726,0.002411746,0.0147872462,0.0162885901,0.0365537324,0.0720810933
22,0.0958972558,0.0024270049,0.0147905962,0.0162853001,0.0365525789,0.072071186
23,0.0958788666,0.0024369279,0.014786049,0.0162916745,0.0365729435,0.0720639723
24,0.095862181,0.0024420622,0.0147907744,0.0162922534,0.0365906629,0.0720529414
25,0.095854751,0.0024622455,0.0147956985,0.0162990937,0.0366037725,0.0720489703
26,0.0958415869,0.0024806284,0.0147994917,0.016302366,0.0366289521,0.0720417156
27,0.0958695131,0.0024961374,0.0148202475,0.0163194776,0.0366776576,0.0720224858
28,0.0959982098,0.0025259772,0.0148297884,0.0163336554,0.0367655295,0.0720087454
29,0.096242834,0.0025645175,0.0148604979,0.0163557244,0.0368804139,0.0719985696
30,0.0965359952,0.0026094036,0.0148961035,0.0163878246,0.0370195173,0.0719860353
31,0.0969989135,0.0026683163,0.0149785338,0.0164446441,0.0372165022,0.071974443
32,0.0974862446,0.0027115905,0.0150598335,0.016498376,0.0374068823,0.0719620373
33,0.098050995,0.0027638887,0.0151594705,0.0165512734,0.0375903468,0.0719495776
34,0.09863329,0.0028024213,0.0152660442,0.0166067422,0.0377546654,0.0719301646
35,0.0993241805,0.0028350433,0.0153769791,0.016656386,0.037947172,0.0719050772
36,0.0999227449,0.0028438903,0.0154750973,0.0167031485,0.0380858036,0.071896913
37,0.1005368672,0.0028641637,0.0155824434,0.0167466,0.0382263119,0.0718855655
38,0.1011585246,0.0028900032,0.0156896666,0.0167964933,0.038352045,0.071858073
39,0.101758753,0.0029274858,0.0158076743,0.0168495835,0.0384737201,0.0718441826
40,0.1024303231,0.0029932363,0.0159677828,0.0169026495,0.0385870821,0.0718246976
41,0.1029563989,0.0030502231,0.0161177311,0.0169410098,0.0386861072,0.0718065461
42,0.103450167,0.0031169067,0.0162840103,0.0169870226,0.038782699,0.0717865185
43,0.103920706,0.0031998642,0.0164661872,0.017043102,0.0388925792,0.0717685315
44,0.1043595445,0.0032965453,0.016673102,0.0170878994,0.038996013,0.0717505592
45,0.1048262281,0.0034252645,0.0169301445,0.017146906,0.0391030566,0.0717383863
46,0.1051847113,0.0035481776,0.0171730667,0.0171955958,0.0391744338,0.0717213815
47,0.105509186,0.0036806163,0.0174200242,0.0172525165,0.0392668418,0.0717196667
48,0.105839494,0.0038013992,0.0176736193,0.0173078786,0.0393647711,0.0717206994
49,0.1061987091,0.0039560901,0.017973698,0.0173750546,0.0394620802,0.0717311599
50,0.106603437,0.0041521648,0.0183515152,0.0174574012,0.039589376,0.0717438042
51,0.106899413,0.0043310796,0.0186842193,0.0175163547,0.0396878308,0.0717647688
52,0.1071391988,0.0044986842,0.0190116036,0.0175664767,0.0397782673,0.0717839806
53,0.1073693865,0.0046605465,0.0193467327,0.0176127781,0.0398423878,0.0718048699
54,0.1076399748,0.0048617257,0.0197458561,0.0176672001,0.0399260111,0.0718490986
55,0.1078484412,0.0050233903,0.0200909516,0.0177142835,0.0399918241,0.0718889257
56,0.1080589741,0.0051750467,0.0204295521,0.0177654881,0.0400573087,0.0719363568
57,0.1083003321,0.0053149446,0.0207611539,0.0178115472,0.0401268509,0.0719882408
58,0.1085158921,0.0054444915,0.0210856966,0.0178465368,0.0401717797,0.072031447
59,0.108747505,0.0055918881,0.0214496899,0.0178790269,0.0402272508,0.0720954999
60,0.1089106291,0.0057101639,0.0217490443,0.0178993362,0.0402744426,0.0721698738
61,0.1090626967,0.0058483878,0.0220450313,0.0179175899,0.0403044103,0.0722385599
62,0.1091986906,0.0059795216,0.0223366927,0.0179208242,0.0403119468,0.0723137649
63,0.1093067919,0.0061379142,0.0226227882,0.0179422063,0.0403489007,0.0723913682
64,0.1094264313,0.006323257,0.0229634495,0.0179601346,0.0403646484,0.072493947
65,0.1094656812,0.0064558278,0.0232314443,0.0179754838,0.0403352941,0.0725961886
66,0.1094281246,0.0065864998,0.0234987434,0.0179774882,0.0402642841,0.0726857642
67,0.109306961,0.0067091703,0.0237523575,0.0179755513,0.0401938299,0.0727483453
68,0.1091306127,0.0068374141,0.0240043202,0.0179711499,0.0401158563,0.0728174209
69,0.1088786469,0.006987633,0.0242888735,0.0179669717,0.0400391521,0.0729055209
70,0.1086593795,0.0071217544,0.0245405133,0.0179711974,0.0399691644,0.0729683402
71,0.1084403972,0.0072580931,0.0248012732,0.0179786263,0.0399199964,0.0730468982
72,0.1082213743,0.007392583,0.0250536016,0.017983481,0.0398880229,0.0731316059
73,0.1080314703,0.0075362809,0.0253158338,0.0179898893,0.0398513744,0.0732155323
74,0.1077816861,0.0077142529,0.0256237941,0.0180005564,0.0398143734,0.0733171981
75,0.1075723895,0.007860276,0.0258925293,0.0180058306,0.0397816922,0.0734047598
76,0.1073465479,0.0079832787,0.0261298638,0.0180078204,0.0397662157,0.0734912206
77,0.1071273472,0.0080873498,0.0263129996,0.0180020775,0.039728106,0.0735719824
78,0.1068645857,0.008167945,0.0265545435,0.0179928914,0.0396879333,0.0736528592
79,0.1066483134,0.0082261785,0.0267052492,0.0179838384,0.0396516418,0.0737309448
80,0.106429402,0.0082679257,0.0268651338,0.0179857172,0.0396320011,0.0738070984
81,0.1062256738,0.0082915568,0.0270047862,0.0179737214,0.0396064372,0.0738907275
82,0.1060380995,0.008316567,0.0271194207,0.017962907,0.0395747115,0.073965719
83,0.1058230742,0.0083359756,0.0272543599,0.017957814,0.0395447614,0.0740729699
84,0.105644982,0.0083640355,0.0273704736,0.0179560992,0.0395310096,0.0741575425
85,0.1054861561,0.0083795652,0.0274647334,0.0179535292,0.0395157107,0.0742537158
86,0.1053358341,0.0084041725,0.0275699471,0.0179428115,0.0394906057,0.0743392037
87,0.1052036982,0.0084348009,0.0276567685,0.0179480649,0.0394779814,0.0744211176
88,0.1050574124,0.0084660393,0.0277720471,0.0179465716,0.0394596208,0.0745065803
89,0.1049332661,0.008496502,0.0278872709,0.0179530746,0.0394644791,0.0745819379
90,0.104831679,0.0085175252,0.0279691044,0.017947344,0.0394514087,0.0746402845
91,0.104729015,0.00854935,0.0280542648,0.017947762,0.0394378769,0.0746945692
92,0.1046287048,0.0085665728,0.0281280976,0.0179469323,0.0394359232,0.0747550368
93,0.1045213159,0.0085964827,0.0282227561,0.0179486138,0.0394238661,0.0748330581
94,0.1044280385,0.0086067091,0.0283187672,0.0179456807,0.0394189622,0.0748877424
95,0.1043389,0.0086227982,0.0283989847,0.017940018,0.0394037684,0.0749263599
96,0.1042510823,0.0086349898,0.0284717965,0.0179407984,0.0393947161,0.0749742427
97,0.1041528838,0.0086386606,0.0285385506,0.0179419702,0.0393917244,0.0750232174
98,0.1040472311,0.008638935,0.0286113464,0.0179415846,0.0393822321,0.0750626253
99,0.1039627578,0.0086418813,0.0286737068,0.0179313281,0.0393601349,0.0750974924
100,0.1038737441,0.0086422498,0.0287266551,0.0179277762,0.0393498099,0.0751246385
101,0.1037898883,0.0086354904,0.0287944188,0.017927272,0.0393470562,0.0751618363
102,0.1036874379,0.0086310334,0.0288794052,0.0179249847,0.0393343282,0.0751972187
103,0.1036083177,0.0086274905,0.0289104758,0.0179263574,0.0393298277,0.0752306422
104,0.103530896,0.008623909,0.0289732428,0.0179148015,0.0393152465,0.0752543528
105,0.1034585831,0.0086216449,0.0290047719,0.0179188914,0.0393085349,0.0752808951
106,0.1033765545,0.0086113888,0.0290568073,0.0179136761,0.0393033418,0.0752856766
107,0.1032833339,0.0086017604,0.0291067064,0.0179102369,0.0392934388,0.0752815431
108,0.1031633879,0.0085879822,0.0291262398,0.0178952644,0.0392622473,0.0752601664
109,0.1029820583,0.008565179,0.0291483384,0.0178675057,0.039196784,0.0752448615
110,0.102720856,0.0084938042,0.0291134794,0.0178271066,0.0391168796,0.0752201218
111,0.1024256111,0.0083701729,0.0290270032,0.0177771822,0.0390176139,0.0752006556
112,0.1020474603,0.0081575673,0.0288789526,0.0177041575,0.0388956724,0.0751684648
113,0.1017249715,0.0079282407,0.0286785016,0.0176354432,0.0387950088,0.0751315658
114,0.1013879936,0.0076870637,0.028463558,0.0175669571,0.0386917072,0.0750810854
115,0.1010267767,0.0074414624,0.028212136,0.0175105509,0.0385951324,0.0750165361
116,0.1006961388,0.0071947824,0.0279431629,0.0174481189,0.0385109499,0.0749423751
117,0.1003447992,0.0069199069,0.0276524054,0.0173886496,0.0384440408,0.0748321743
118,0.1000840322,0.0067022624,0.0273988671,0.0173431605,0.0383851044,0.0747324179
119,0.0998477265,0.0065043268,0.0271237361,0.0173148679,0.038347238,0.0746238673
120,0.0996044357,0.0063257358,0.0268601379,0.0172824763,0.0383039664,0.0745134512
121,0.0993192386,0.0061228873,0.0265502741,0.017241034,0.0382578885,0.0743866881
122,0.0990572109,0.0059517707,0.0262651893,0.0171959526,0.0381948027,0.0742656274
123,0.0988051662,0.0057902991,0.0259839333,0.0171594095,0.0381367435,0.0741505553
124,0.0985679361,0.0056456999,0.0257406856,0.017122985,0.0380798835,0.0740300153
125,0.0983455452,0.0055139729,0.0254710098,0.0170957219,0.0380381319,0.0739181535
126,0.0981078172,0.0053708857,0.0251646841,0.0170600668,0.0379870028,0.0737786487
127,0.0979244886,0.0052610721,0.0249270358,0.0170352795,0.0379600411,0.0736674726
128,0.0977551275,0.0051759442,0.0247033848,0.0170085062,0.0379143258,0.0735626687
129,0.0975976625,0.0050913003,0.0244904481,0.0169839084,0.037881892,0.0734473274
130,0.0974279053,0.0050023094,0.0242685852,0.0169615609,0.0378513359,0.0733351017
131,0.0972435366,0.0049082102,0.0239936455,0.0169369823,0.0377970443,0.0731900831
132,0.097085981,0.0048250987,0.0237860441,0.0169087537,0.0377675756,0.0730644184
133,0.0969521006,0.0047588579,0.0235905219,0.0168900598,0.0377385973,0.0729475629
134,0.096827071,0.0047052164,0.0233974688,0.0168696066,0.0377080059,0.0728394577
135,0.0967150572,0.0046525275,0.023212385,0.0168528427,0.0376955868,0.072733388
136,0.0965928914,0.0046040735,0.0229977082,0.016834236,0.0376639492,0.0726066975
137,0.096482101,0.0045595908,0.0228471139,0.0168201916,0.0376429966,0.0725103944
138,0.0963719396,0.0045204885,0.0226626893,0.0167990186,0.0376202552,0.0724202188
139,0.0962737498,0.0044730938,0.0225018384,0.016778497,0.0375831975,0.0723360611
140,0.0961725193,0.0044197337,0.0223468711,0.0167643733,0.037563816,0.0722459278
141,0.0960694062,0.0043558108,0.022127818,0.0167417517,0.0375440329,0.0721580114
142,0.0959593578,0.0043009954,0.0219716234,0.0167270978,0.03752384,0.072070053
143,0.0958616972,0.0042602469,0.0218272213,0.0167072788,0.0375077849,0.0719957261
144,0.0957634244,0.0042231747,0.0216702379,0.0166951134,0.037481537,0.071909981
145,0.0956500935,0.0041845705,0.0215040423,0.0166795828,0.0374634883,0.0718101357
146,0.0955528022,0.0041568256,0.0213536799,0.0166676202,0.0374484388,0.0717329854
147,0.0954509932,0.0041190734,0.0212263465,0.0166561573,0.0374278392,0.0716461246
148,0.0953554336,0.0040878962,0.0210999817,0.0166394719,0.0374114747,0.0715640661
149,0.095269415,0.0040672185,0.0209655811,0.0166250004,0.0373834939,0.0714814594
150,0.0951595008,0.0040299921,0.0208135584,0.016612922,0.0373585815,0.0713995758
