Time [s],TGS2620,TGS2602,TGS2603,TGS2610,TGS2611,TGS2600
1,0.1003008579,-0.0022636554,0.0106773367,0.0155032587,0.0335438156,0.0752715762
2,0.1003175901,-0.0022681343,0.0106894055,0.0155266144,0.0335910672,0.0752960926
3,0.1003281365,-0.0022596888,0.0106915621,0.0155608352,0.0336486038,0.0753443037
4,0.1003430181,-0.0022535153,0.0107070944,0.0155770038,0.0336751916,0.0753334797
5,0.1003564815,-0.0022642654,0.0106864465,0.0155750739,0.0336709384,0.0752882609
6,0.1003665405,-0.0022622936,0.0106973486,0.0155753424,0.0336785409,0.0752629072
7,0.1003814467,-0.0022568281,0.0106915481,0.0155961185,0.0336987623,0.0752645533
8,0.1003929124,-0.0022620827,0.0106926479,0.0156084153,0.0337290536,0.0752844977
9,0.1004055749,-0.0022575227,0.0107029653,0.0156363467,0.0337725978,0.075324762
10,0.1004131501,-0.0022562628,0.0106984826,0.0156548476,0.0338028599,0.0753590468
11,0.1004239008,-0.0022512859,0.0107139854,0.0156770009,0.033846994,0.0754088024
12,0.1004432852,-0.0022514125,0.0107521788,0.0157205341,0.0339255292,0.0755281463
13,0.1004574227,-0.0022466951,0.0107576401,0.0157602296,0.0339972156,0.0756384554
14,0.1004716056,-0.002243528,0.0107742541,0.0157969004,0.0340674269,0.0757511578
15,0.1004799364,-0.0022426454,0.0107660664,0.0158256797,0.0341023711,0.0758265312
16,0.1004730981,-0.002239163,0.0107777278,0.0158378043,0.0341365473,0.075878672
17,0.1004753862,-0.0022414297,0.0108055722,0.0158555554,0.0341617643,0.0759348215
18,0.1004786114,-0.0022415071,0.0107983701,0.0158744198,0.0341933282,0.0759994151
19,0.1004708593,-0.002240098,0.0108264653,0.0158893132,0.034211183,0.0760358983
20,0.1004692947,-0.0022379218,0.0108460576,0.0158926682,0.0342306445,0.0760783016
21,0.1004668521,-0.0022326699,0.0108446635,0.0159052483,0.0342398864,0.0761044206
22,0.1004688958,-0.0022386844,0.0108366269,0.0159108272,0.0342581633,0.0761371282
23,0.1004721231,-0.002237649,0.010867495,0.0159213875,0.0342704384,0.0761749522
24,0.1004745113,-0.0022392149,0.0108581299,0.0159276012,0.0342849042,0.0762055936
25,0.1004779386,-0.0022357287,0.0108711932,0.0159470459,0.0343168885,0.0762332405
26,0.1005041887,-0.0022270468,0.0109000992,0.0159660664,0.0343906065,0.0762643933
27,0.1005960768,-0.0022300587,0.0108987891,0.0159881813,0.0344916584,0.0762829077
28,0.1007454776,-0.0022315348,0.0109275294,0.0160258769,0.0346480718,0.0763149404
29,0.1009301721,-0.0022231819,0.0109499353,0.0160612964,0.0347907109,0.0763332345
30,0.1011682356,-0.0022143717,0.0109890715,0.0161168766,0.0349982818,0.0763485427
31,0.1015328206,-0.0022061218,0.0110381394,0.0161947714,0.0352483983,0.0763749086
32,0.1019017685,-0.0021993758,0.0110841014,0.0162766508,0.0354982763,0.0763858328
33,0.1022751601,-0.0021789994,0.0111650864,0.0163783179,0.0358112685,0.0764116352
34,0.102668966,-0.0021534809,0.0112565836,0.0164867262,0.0360940605,0.0764281861
35,0.1030543813,-0.002125106,0.0113845555,0.0166029927,0.0363740594,0.0764555476
36,0.1035375713,-0.0020845668,0.0115223483,0.016725135,0.0366506976,0.0764765822
37,0.1039326919,-0.0020216254,0.0117252458,0.0168730732,0.0369395573,0.0765083934
38,0.1043305608,-0.0019378683,0.0119658625,0.0170394225,0.0372771208,0.0765385716
39,0.1047149541,-0.0018466434,0.0122323768,0.0171788002,0.0375296923,0.0765616433
40,0.105089833,-0.0017218928,0.0125455656,0.017334445,0.0377764628,0.0765941491
41,0.1055085886,-0.0015733574,0.0129079849,0.0174830111,0.0380333009,0.0765967604
42,0.1058594209,-0.001383794,0.0133307069,0.0176408394,0.0383267224,0.0766266893
43,0.1061863111,-0.0012260875,0.0136903861,0.0177685887,0.0385427109,0.0766541689
44,0.1064877343,-0.0010672414,0.0140692165,0.0178915615,0.0387768049,0.0766969672
45,0.1067801814,-0.0009122586,0.0144057312,0.0180038505,0.0390104902,0.076742275
46,0.1071067613,-0.0007810635,0.0147691381,0.0181132098,0.0392208426,0.0768016608
47,0.1073868416,-0.0006380005,0.0151459214,0.0181909519,0.0393652688,0.0768689613
48,0.1076614304,-0.0004675591,0.0154768222,0.0182317194,0.039377598,0.0769483578
49,0.1078885822,-0.0002542647,0.0158185164,0.0182731147,0.0393783465,0.0770259186
50,0.1081179185,-4.58406000e-5,0.0161404211,0.0183058407,0.0393832159,0.0771126929
51,0.1083724022,0.0001821689,0.0164729769,0.0183419221,0.0393876418,0.0772221282
52,0.1085766584,0.0004260526,0.0168461208,0.018362117,0.0393723608,0.0773588162
53,0.1089737605,0.0006213273,0.0171257828,0.0183734852,0.0393912603,0.0774902983
54,0.1094311943,0.0007579275,0.0173978925,0.0184021352,0.0394648866,0.077619555
55,0.1099480208,0.0008588749,0.0176331976,0.018439277,0.0395826781,0.0777363808
56,0.1103286877,0.0009531612,0.0178436397,0.018470033,0.0396721342,0.0778257048
57,0.1106644012,0.0011189517,0.0181415862,0.0185120886,0.0397356442,0.0779537272
58,0.1109783323,0.0012683486,0.018390765,0.0185326755,0.0397603321,0.0780675791
59,0.1112397504,0.0014405474,0.0186155391,0.0185314958,0.0397197464,0.0782108237
60,0.1112554487,0.001627465,0.0188345829,0.0185301708,0.0396830725,0.0783768351
61,0.1112158557,0.0017829007,0.0190269508,0.0185432919,0.0396946936,0.0785351237
62,0.1112421144,0.0019487986,0.0192574778,0.0185302063,0.0396479906,0.0787285448
63,0.1113100849,0.0021507934,0.0194752282,0.0185327648,0.0396004543,0.0789139449
64,0.1113974737,0.0023744812,0.0197219468,0.0185463147,0.0395692828,0.0790792424
65,0.1115348742,0.0025526048,0.0199512107,0.0185497316,0.0395205388,0.0792569286
66,0.1116422464,0.0027537766,0.0202127623,0.018536784,0.0394379637,0.0794990835
67,0.1117703189,0.0029193433,0.020397911,0.0185502243,0.0394728201,0.0796948906
68,0.1118911049,0.0029715028,0.0205928934,0.0185657366,0.0395274069,0.0798664354
69,0.1119561596,0.0030008547,0.0207249896,0.0185674022,0.0395485644,0.0800493117
70,0.1120030561,0.003110172,0.0208982472,0.0185815063,0.0395279577,0.0802188958
71,0.1120179807,0.003318829,0.0211740777,0.018620139,0.0395243822,0.0804015443
72,0.1120116814,0.0034443848,0.0214326502,0.0186816811,0.0396585498,0.0805400414
73,0.1119907955,0.0034510714,0.0216253468,0.0187359511,0.0398358713,0.0806459886
74,0.1119510995,0.0034268982,0.0217813018,0.0187653534,0.0399201444,0.0807519862
75,0.1118938927,0.0034618956,0.0219513749,0.0187910692,0.03999234,0.0808674073
76,0.1118329239,0.003440735,0.0221454126,0.0188375396,0.040131077,0.0809926598
77,0.1117411232,0.0033825791,0.0223165778,0.0188797939,0.0402777791,0.0810709673
78,0.1116353167,0.0033205289,0.0224664278,0.0189246013,0.0404408247,0.0811539354
79,0.1115036708,0.0031932325,0.0225654024,0.0189693508,0.0406077614,0.0812331876
80,0.1113908757,0.0030217187,0.0226193241,0.0189905903,0.0407383451,0.0812986271
81,0.1112740881,0.0028075322,0.0226850527,0.0190033959,0.0408023389,0.0813734755
82,0.1111655763,0.0026294166,0.0227604733,0.0189918799,0.0407732098,0.0814280379
83,0.1110471787,0.0024590096,0.0227800139,0.018977361,0.0407157649,0.0814923453
84,0.1109174413,0.0022835405,0.0228294182,0.0189426081,0.0406179641,0.081538305
85,0.110807324,0.0021221217,0.0228552357,0.01891681,0.0405175298,0.0815870608
86,0.1107135585,0.0019437608,0.0228573294,0.0188904153,0.0403978815,0.0816579912
87,0.1106148892,0.0018153951,0.0229099137,0.0188729603,0.0403023629,0.0817230066
88,0.1105168581,0.0017042795,0.0229565279,0.0188548367,0.040217759,0.0817912401
89,0.1104066434,0.00160809,0.0230016581,0.0188392818,0.0401428892,0.0818748008
90,0.1103189638,0.0015061882,0.0230689578,0.0188245318,0.0400617142,0.081974544
91,0.1102409512,0.0014381583,0.0231137105,0.018814174,0.0400013695,0.0820635358
92,0.1101598143,0.0013732721,0.0231396536,0.0187984114,0.039944742,0.0821497772
93,0.1100812309,0.0013103945,0.0231978959,0.018786006,0.039889569,0.0822254819
94,0.1100006307,0.0012504838,0.0232374004,0.0187701468,0.0398388553,0.0822978486
95,0.1099322259,0.0011815265,0.0232519759,0.0187471509,0.0397767138,0.0823815443
96,0.1098689402,0.0011324801,0.0233073728,0.0187334684,0.0397266618,0.0824349959
97,0.1098057951,0.001083523,0.0233348374,0.0187153487,0.0396831937,0.0824880331
98,0.1097377141,0.0010372046,0.023367635,0.018707361,0.039640926,0.0825470494
99,0.1096765048,0.0009954825,0.0233479425,0.0186915998,0.0396029898,0.0826042595
100,0.1096178434,0.0009439487,0.0233836306,0.0186780703,0.0395651982,0.0826780139
101,0.1095619171,0.0009030252,0.0233649719,0.0186688932,0.0395284938,0.0827354474
102,0.1095015688,0.0008645709,0.0233838291,0.0186537578,0.0395034959,0.0827934216
103,0.1094268608,0.0008336997,0.0233618065,0.0186492074,0.0394845947,0.0828477025
104,0.1093741129,0.0008016105,0.0234104999,0.0186435186,0.039463211,0.0829187513
105,0.1093129822,0.0007927836,0.0234724143,0.0187398184,0.0396401372,0.0833208032
106,0.1092732079,0.0007710021,0.0235163603,0.0188007052,0.0397297641,0.0836086766
107,0.109193532,0.0007394867,0.0235242681,0.0188404569,0.0397863659,0.0838575832
108,0.1090434599,0.0006987164,0.0235255252,0.0188611312,0.0397846723,0.0840601706
109,0.1088933956,0.0006337826,0.0235003409,0.0188536222,0.0397272935,0.0842433497
110,0.1087559268,0.0005681907,0.0234834578,0.0188267138,0.0396498171,0.0843689025
111,0.1086386315,0.0004871479,0.0233994469,0.0187911869,0.0395591118,0.0844531107
112,0.1085398978,0.0004006065,0.023323859,0.0187589226,0.0394761044,0.0845306421
113,0.1083756633,0.0003130353,0.0232781175,0.0187225652,0.0394010737,0.0846111403
114,0.1081881376,0.0001922213,0.0231239701,0.0186642874,0.0392976337,0.0846634325
115,0.1079789914,9.51781000e-5,0.0230349352,0.0186151916,0.0391977551,0.0846838811
116,0.1077654158,-9.38370000e-6,0.0228866253,0.0185647369,0.0391021836,0.0846866568
117,0.1075504689,-0.0001165408,0.0227754442,0.0185039525,0.0389949854,0.0846785936
118,0.1073229448,-0.0002229436,0.0226416413,0.018445852,0.0388827146,0.0846606527
119,0.1071394057,-0.0003504447,0.0224421144,0.0183811582,0.0387545106,0.0846323353
120,0.1069427861,-0.0004496256,0.0222942361,0.0183174183,0.038636792,0.0846018253
121,0.1067374655,-0.0005450876,0.0221246297,0.0182595036,0.0385220309,0.0845618024
122,0.1064830423,-0.0006387256,0.0219272442,0.0181929756,0.0384047287,0.084498461
123,0.1062802569,-0.000727444,0.0217531939,0.018127741,0.0382926709,0.0844290017
124,0.1060942515,-0.0008332925,0.0215610063,0.0180484497,0.0381528232,0.0843428293
125,0.1059224268,-0.0009190072,0.0213765712,0.0179838475,0.0380465741,0.0842602259
126,0.1057622742,-0.0010012015,0.0211976248,0.0179245735,0.0379332929,0.0841748212
127,0.1055674052,-0.0010799375,0.0210493936,0.0178627189,0.0378329587,0.0840782591
128,0.1054078412,-0.0011515344,0.0208456339,0.0178123,0.0377452955,0.0839972786
129,0.1052544625,-0.0012304777,0.0206228214,0.0177457813,0.0376363411,0.0838882358
130,0.1050850324,-0.0013041519,0.0204072265,0.017692404,0.0375537701,0.0838083812
131,0.1049140076,-0.0013634916,0.0202507412,0.0176500731,0.0374684279,0.0837093534
132,0.1047034712,-0.0014262361,0.0200717381,0.017597827,0.0373859775,0.0836040215
133,0.1045269876,-0.0014919559,0.0198553256,0.0175355292,0.0372807379,0.0834692245
134,0.1043700922,-0.0015507207,0.0196807211,0.0174863929,0.0371952418,0.0833419983
135,0.1042097392,-0.0015988774,0.0195032018,0.0174284935,0.03709932,0.0832142239
136,0.1040585341,-0.0016474629,0.0193183119,0.0173815715,0.0370233181,0.0830901942
137,0.1038707063,-0.0016954009,0.0191521193,0.0173425157,0.0369519538,0.0829724926
138,0.1037249715,-0.0017421912,0.018949747,0.0172974579,0.0368895399,0.0828672885
139,0.1035802248,-0.0017789296,0.0187605769,0.017261997,0.0368341715,0.0827741329
140,0.1034383023,-0.0018170739,0.0186276371,0.0172300118,0.0367817535,0.0826866131
141,0.1033115264,-0.0018546628,0.0184731495,0.0172027072,0.0367356363,0.0825932332
142,0.1031708768,-0.0018856751,0.0183187605,0.0171723941,0.0366947513,0.0824985359
143,0.103061485,-0.0019103736,0.0181465498,0.0171469049,0.0366486519,0.0823994686
144,0.1029487607,-0.0019416933,0.01801213,0.0171263491,0.0366158064,0.0823213659
145,0.1028482599,-0.0019601139,0.0178768925,0.0171037837,0.0365843391,0.0822368277
146,0.1027441386,-0.0019839071,0.0177324879,0.0170807915,0.0365452525,0.0821492899
147,0.1026407182,-0.0020031111,0.0176086713,0.017066579,0.0365180631,0.0820720144
148,0.1025522161,-0.0020247041,0.0174641375,0.0170352741,0.0364783402,0.0819738849
149,0.1024586305,-0.0020436018,0.0173474838,0.0170183181,0.0364526694,0.0818940557
150,0.102372035,-0.002059205,0.0172302449,0.017004035,0.0364273202,0.0818209817
