Time [s],TGS2620,TGS2602,TGS2603,TGS2610,TGS2611,TGS2600
1,0.0948356432,-0.0007200746,0.0118482632,0.0141751246,0.030963055,0.0725726074
2,0.0950236905,-0.0007108794,0.0118699642,0.0142260394,0.0310550808,0.0727208912
3,0.0950620475,-0.0007095729,0.0118666058,0.0142221813,0.0310637738,0.0727439794
4,0.0949496801,-0.00071066,0.0118682533,0.0141941833,0.031015378,0.0726497645
5,0.0948419522,-0.0007133201,0.0118618892,0.0141709927,0.0309715876,0.0725624113
6,0.0947245336,-0.000717047,0.0118449177,0.0141357377,0.0309238095,0.0724596486
7,0.0946286052,-0.0007193057,0.0118516144,0.0141167494,0.0308897904,0.0723799071
8,0.0945439524,-0.0007223442,0.0118293129,0.0140976882,0.0308516586,0.0723018411
9,0.0945062295,-0.0007201869,0.0118393471,0.0140916678,0.0308452384,0.0722632334
10,0.094500616,-0.0007154226,0.0118504082,0.0140994684,0.0308551695,0.0722490696
11,0.0944606015,-0.0007123757,0.0118511935,0.0140919801,0.0308415109,0.0722095334
12,0.0944202117,-0.0007116923,0.0118390521,0.014082498,0.0308329919,0.0721716944
13,0.0943682348,-0.0007134615,0.0118579705,0.0140699578,0.0308136662,0.0721252209
14,0.0943120327,-0.0007102111,0.0118520203,0.0140606483,0.0307934063,0.0720657167
15,0.0942626754,-0.000712556,0.0118483554,0.0140562281,0.030780101,0.0720209936
16,0.0942256574,-0.0006999948,0.0118693196,0.0140525556,0.0307704369,0.0719818871
17,0.0941905972,-0.0007078,0.011856015,0.0140437913,0.0307595593,0.0719389114
18,0.0941652332,-0.0007074362,0.0118588541,0.0140430713,0.0307567636,0.0719200987
19,0.0941876664,-0.0007040524,0.011881953,0.0140493085,0.0307651379,0.0719250969
20,0.0942291946,-0.0006975535,0.0118827755,0.0140613647,0.030793435,0.0719482635
21,0.0942420068,-0.0006962843,0.0118985777,0.0140642801,0.0307988404,0.0719529854
22,0.0942358248,-0.0006908522,0.0119161057,0.0140732163,0.0308063252,0.0719548873
23,0.0942302966,-0.0006921153,0.011920098,0.0140633173,0.0308016409,0.0719385912
24,0.0942162057,-0.0006935635,0.0119312487,0.0140626616,0.030799523,0.0719161098
25,0.0941725917,-0.0006856648,0.0119231622,0.0140620606,0.0308025251,0.0718701614
26,0.0941642436,-0.0006847528,0.01192538,0.0140571955,0.0308327917,0.0718086052
27,0.0942588011,-0.0006765408,0.0119536072,0.0140661532,0.0309098465,0.0717508579
28,0.0944381599,-0.0006769798,0.0119791578,0.0140836007,0.0310052458,0.0717053667
29,0.0946503263,-0.0006746862,0.0119832121,0.0140906283,0.031096013,0.0716585912
30,0.0949666837,-0.000676396,0.0120239087,0.0141170417,0.0312138929,0.0716084699
31,0.0953100698,-0.000668147,0.0120583157,0.0141510003,0.031351122,0.0715721001
32,0.0957001161,-0.0006599077,0.0121103342,0.0142006411,0.0314983542,0.0715417192
33,0.0961582309,-0.000640674,0.0121727222,0.0142671571,0.0316685248,0.0715142711
34,0.0966714281,-0.0006009709,0.012299934,0.0143507467,0.031867127,0.0714880063
35,0.09732656,-0.0005571764,0.0124402409,0.0144591006,0.0320974301,0.0714583091
36,0.0979093086,-0.0005003854,0.0126247158,0.0145682606,0.032303501,0.0714482909
37,0.0985038812,-0.0004341498,0.0128281278,0.014688584,0.0325237881,0.0714559634
38,0.0990995306,-0.0003480851,0.0130452205,0.0148154472,0.0327324412,0.0714819201
39,0.099606706,-0.0002299815,0.0133172115,0.0149561612,0.0329440037,0.071521607
40,0.1001896371,-6.77472000e-5,0.0136758452,0.0151315079,0.0331936614,0.0715728403
41,0.1006047209,7.32417000e-5,0.0139837372,0.0152621298,0.0333597326,0.0715935292
42,0.1009607039,0.0002603538,0.0143483988,0.0153999395,0.0335319168,0.0716320514
43,0.101362816,0.0004576939,0.0147389881,0.0155439088,0.0337382938,0.0716753736
44,0.1018581553,0.00065315,0.0151895491,0.0156911889,0.033976324,0.0717268954
45,0.1022620266,0.0008039259,0.0155630824,0.0158131083,0.0341666956,0.0717718689
46,0.1027009714,0.0009336051,0.0159359062,0.015909478,0.0343382492,0.0718090267
47,0.1031277494,0.0010296984,0.0162697284,0.0159869544,0.0344834093,0.0718461676
48,0.1035191656,0.0011282571,0.0166486383,0.0160737721,0.0346313568,0.0718934593
49,0.1039532776,0.0012087171,0.0170214959,0.0161387439,0.0347621107,0.0719131842
50,0.1042882872,0.0012488542,0.0172834612,0.016158177,0.0348340129,0.0719401377
51,0.1046269586,0.0012597679,0.0175157555,0.0161704518,0.0348880017,0.0719606228
52,0.104952751,0.0012488305,0.0177228341,0.0161799963,0.034934126,0.0719956048
53,0.1052311565,0.0012535022,0.0179339882,0.0161974771,0.0349893337,0.072039383
54,0.1055996714,0.0012571707,0.0181574029,0.0162411468,0.0351132135,0.0721030203
55,0.1059179372,0.0012466567,0.01832229,0.0162672369,0.0351967268,0.0721588198
56,0.1062226789,0.0012284036,0.0184583379,0.0162958285,0.0352699964,0.0722080088
57,0.1065378628,0.0012089333,0.0185916354,0.0163212663,0.0353456713,0.0722629318
58,0.1068410137,0.0011955464,0.0187453946,0.0163413979,0.0353923852,0.0723136128
59,0.1071447273,0.0011859615,0.0189057446,0.016357747,0.0354339007,0.0723755253
60,0.1073719545,0.0011880211,0.0190464282,0.0163880221,0.0354764655,0.0724387366
61,0.1076032121,0.0012008416,0.0191905738,0.0164156195,0.0355256441,0.0724960168
62,0.1078328315,0.0012275341,0.0193490042,0.0164446186,0.0355740098,0.072556101
63,0.1080423661,0.0012530589,0.0194858952,0.0164649358,0.0356155975,0.0726173704
64,0.1083050555,0.0012821141,0.0196406827,0.0164829259,0.0356561904,0.0726941256
65,0.1085044428,0.0013046145,0.0197790101,0.0165052286,0.0356916872,0.0727652614
66,0.1087054257,0.0013419577,0.0199141187,0.0165342918,0.0357306797,0.0728375081
67,0.1088696001,0.0013850216,0.0200515735,0.0165529388,0.0357465952,0.0729137716
68,0.1090547869,0.0014476949,0.0202354404,0.0165816862,0.035771103,0.0730060891
69,0.1091731354,0.0015099259,0.0203976914,0.0165982197,0.035780028,0.073088081
70,0.1092668941,0.0015886265,0.020552742,0.0166162445,0.0357815721,0.0731761545
71,0.1093256246,0.0016719097,0.0207352616,0.0166341902,0.0357656583,0.0732645193
72,0.1093144784,0.0017580203,0.0209102667,0.0166449838,0.0357241602,0.0733514662
73,0.1092643625,0.0018531166,0.0211059504,0.0166522625,0.0356335542,0.0734657694
74,0.109225704,0.0019231958,0.0212971725,0.0166573034,0.035559378,0.07357589
75,0.109175467,0.0019905538,0.0214651465,0.016666179,0.0354899836,0.0736852199
76,0.1090984034,0.0020521382,0.0216173209,0.0166846698,0.0354261566,0.0737964911
77,0.1089996038,0.0021011562,0.021734831,0.0166861563,0.0353591184,0.0739081351
78,0.1088443687,0.0021705518,0.0219486566,0.016713676,0.0352934066,0.0740386263
79,0.1087349506,0.0022359109,0.0220980717,0.0167270271,0.0352399919,0.0741746744
80,0.1085458164,0.0023043611,0.0222568768,0.016723857,0.0351774893,0.07428345
81,0.1083685628,0.0023558135,0.0224016633,0.0167113174,0.0350952758,0.0744047151
82,0.1081657922,0.0024000945,0.0224947096,0.0166861297,0.0350035291,0.0745124448
83,0.1079165239,0.0024257296,0.0225972453,0.0166425185,0.0349025536,0.0746278385
84,0.1076928889,0.0024284884,0.0226780948,0.0165993438,0.0348128734,0.0747248883
85,0.1074833532,0.0024162504,0.0227162365,0.016552358,0.0347244162,0.0748158224
86,0.1072813401,0.0024053117,0.0227508738,0.0165072558,0.0346413103,0.0748964264
87,0.1070788298,0.0023826171,0.0227457061,0.0164587868,0.0345546326,0.0749764292
88,0.1068635901,0.0023533588,0.0227417606,0.0164048556,0.0344801115,0.0750812272
89,0.1066923203,0.0023232449,0.0227529174,0.0163663202,0.0344146435,0.0751692208
90,0.1065418223,0.0023004298,0.0227403751,0.016329959,0.0343609112,0.0752555502
91,0.1063962557,0.0022713597,0.0226965365,0.0162958094,0.0343054011,0.075336224
92,0.1062274188,0.0022399054,0.0226762896,0.0162559905,0.0342460332,0.0754335137
93,0.1060827034,0.002215682,0.0226322866,0.0162284025,0.0342039215,0.0755061048
94,0.1059634075,0.0021919254,0.0225971348,0.0162027929,0.0341669906,0.0755844066
95,0.1058438493,0.0021672872,0.0225710189,0.0161763738,0.0341333866,0.0756538856
96,0.1057229915,0.0021406961,0.0225352048,0.016156698,0.0340969331,0.0757219811
97,0.1055795588,0.0021123075,0.0224919923,0.0161235989,0.0340524676,0.0758009258
98,0.1054682049,0.0020883034,0.0224491256,0.0161090161,0.0340186052,0.0758712312
99,0.1053628535,0.0020647657,0.0224284256,0.0160901827,0.0339842576,0.0759246779
100,0.10523249,0.002042057,0.0223948826,0.0160633866,0.0339487481,0.0759627414
101,0.1051025632,0.0020200538,0.0223411839,0.0160440626,0.0339072789,0.0760007477
102,0.1049785341,0.0019960754,0.0222862815,0.0160221892,0.0338789324,0.0760552811
103,0.1048924842,0.0019776711,0.0222424652,0.0160029356,0.0338497616,0.0761095497
104,0.104801411,0.0019638296,0.022216245,0.0159911873,0.0338319155,0.0761499729
105,0.1047085684,0.0019428931,0.0221845237,0.0159770336,0.0338060585,0.0761861285
106,0.1046255013,0.0019259371,0.0221433379,0.0159629515,0.0337835595,0.0762373683
107,0.1045273463,0.0019023893,0.0220797533,0.0159519942,0.0337416359,0.0763213477
108,0.1044226572,0.0018873558,0.0220300881,0.015924898,0.0336964947,0.0763861779
109,0.1042671733,0.0018459963,0.0219418696,0.0158870062,0.0336310649,0.0764448531
110,0.1040958016,0.0017794711,0.0218406387,0.0158425985,0.0335753509,0.0764911988
111,0.103919368,0.0016879133,0.0217234968,0.0157855949,0.0335017345,0.0765197663
112,0.1036986326,0.0015619732,0.0215422384,0.0157267767,0.0334040117,0.0765401037
113,0.103491711,0.0014508007,0.0214011725,0.0156711935,0.0333086562,0.076527887
114,0.1032815496,0.0013382988,0.021234738,0.0156173681,0.0332356415,0.0765126325
115,0.1030784391,0.0012370704,0.0211078164,0.0155742741,0.0331691721,0.0764794017
116,0.102810231,0.0011138244,0.0208872356,0.0155162842,0.0330700526,0.0764311314
117,0.1025672073,0.0010203205,0.0207327458,0.0154664368,0.0329799556,0.0763743053
118,0.1023248737,0.0009358339,0.0205457637,0.0154272135,0.0329052981,0.0763129235
119,0.1020969676,0.0008526079,0.0203916831,0.0153811007,0.0328328258,0.0762505936
120,0.1018795559,0.0007833182,0.0202196052,0.0153469022,0.0327842009,0.0761860089
121,0.1016103986,0.0006970439,0.0200635418,0.0153023617,0.0327073497,0.0760937345
122,0.1013813683,0.0006361646,0.0198888284,0.015263049,0.0326471956,0.0760220766
123,0.1011568003,0.0005670864,0.0197339506,0.0152273935,0.0325870007,0.075940071
124,0.100949316,0.000495507,0.0195775847,0.0151856227,0.0325212813,0.0758626782
125,0.1007256433,0.0004317099,0.0194140516,0.0151551652,0.0324565443,0.0757626663
126,0.1004723785,0.0003584517,0.0192200148,0.0151124198,0.0323954406,0.0756504845
127,0.1002823578,0.0003012112,0.0190638911,0.0150775051,0.0323457049,0.0755452565
128,0.1000792492,0.0002504825,0.01887053,0.0150427444,0.0322847592,0.0754416113
129,0.0998679776,0.000189449,0.0187370829,0.015003008,0.0322175214,0.0753268905
130,0.0996735354,0.0001357865,0.0185748019,0.0149693738,0.0321669293,0.0752360847
131,0.0994354153,7.08211000e-5,0.0184047925,0.0149342967,0.0321038359,0.0751114834
132,0.0992205871,8.36870000e-6,0.0182308083,0.0148960288,0.0320339308,0.0749927684
133,0.0990059493,-4.12969000e-5,0.0180643095,0.0148487948,0.0319647529,0.0748686642
134,0.0987892635,-8.82015000e-5,0.0179217687,0.0148072573,0.031886173,0.0747540356
135,0.0985338988,-0.0001336481,0.0177433755,0.0147595242,0.0318046102,0.074626852
136,0.0983361608,-0.0001627312,0.0176127544,0.0147272815,0.0317517164,0.0745243619
137,0.0981542096,-0.0001948889,0.0174849814,0.014688698,0.0316956277,0.0744212407
138,0.0979862064,-0.0002222799,0.0173461986,0.0146536339,0.0316446047,0.0743204384
139,0.0978201498,-0.000248311,0.0171923619,0.0146267212,0.0316045998,0.0742289854
140,0.0976424896,-0.0002754439,0.0170557962,0.0145929988,0.0315633055,0.0741265585
141,0.0975053652,-0.0003017361,0.0169430847,0.0145738496,0.0315229097,0.0740543021
142,0.0973842482,-0.0003171108,0.0168443262,0.0145555024,0.0314994158,0.0739894074
143,0.0972310157,-0.0003480012,0.0167000052,0.0145348353,0.031456636,0.0739106386
144,0.0970976295,-0.0003687301,0.0165992771,0.0145084475,0.0314236714,0.0738299359
145,0.096939218,-0.0003997929,0.0164358817,0.0144738104,0.0313764535,0.0737432088
146,0.0967914016,-0.0004217106,0.0163132581,0.0144482192,0.0313356172,0.0736551954
147,0.0966365427,-0.0004458398,0.0161917792,0.0144177291,0.0312789085,0.0735632401
148,0.09648835,-0.000472289,0.0160693795,0.0143878953,0.0312386564,0.0734751516
149,0.0963440836,-0.0004936077,0.0159786844,0.0143588173,0.0311893859,0.0733849803
150,0.096194694,-0.0005172394,0.015851098,0.0143350643,0.0311516914,0.0732965653
