Time [s],TGS2620,TGS2602,TGS2603,TGS2610,TGS2611,TGS2600
1,0.1015779875,0.0044125175,0.0260105205,0.0175288994,0.0392993424,0.0775687828
2,0.1015880649,0.0043998846,0.0260143957,0.0175284751,0.0393066804,0.0775593314
3,0.101646455,0.004409789,0.0260082673,0.0175437534,0.0393276255,0.0775789188
4,0.1017033821,0.0044035865,0.0260257096,0.0175686278,0.0393604778,0.077609185
5,0.1017588717,0.0044006032,0.0260184229,0.0175806566,0.0393845194,0.077641315
6,0.1018571185,0.004396613,0.026025455,0.0176011685,0.0394293837,0.0777126234
7,0.1020000916,0.0044101421,0.026055633,0.0176336349,0.0394864189,0.0778142353
8,0.10215135,0.0044136448,0.0260843075,0.0176772926,0.0395586288,0.0779249615
9,0.1023023987,0.0044157408,0.026085792,0.0177055301,0.0396312347,0.0780471424
10,0.1024258612,0.0044181148,0.026123014,0.0177348235,0.0396775867,0.0781379358
11,0.1024507844,0.0044119604,0.0261214569,0.0177242177,0.039664334,0.0781462173
12,0.1024616045,0.0044089868,0.0261335431,0.0177327895,0.0396653861,0.0781511509
13,0.1024845847,0.0044035894,0.0261480483,0.0177333067,0.0396747978,0.0781779661
14,0.102540568,0.0044064163,0.0261684728,0.0177404773,0.0396919582,0.0782184159
15,0.1026088015,0.0044139285,0.0261704507,0.017750026,0.0397179792,0.078265121
16,0.1026205721,0.0044166904,0.0261830199,0.017750011,0.0397158244,0.0782739849
17,0.1026489594,0.0044130582,0.0261947759,0.0177577685,0.0397329248,0.0783054577
18,0.1026948341,0.0044156543,0.0262111306,0.0177554268,0.0397427857,0.0783347759
19,0.1027640468,0.0044224307,0.0262334743,0.0177720871,0.0397692028,0.078386894
20,0.102825908,0.004432838,0.0262707064,0.0177913391,0.0397955941,0.0784326721
21,0.1028820651,0.0044345688,0.0263004216,0.0178070367,0.0398284233,0.078484235
22,0.1029508703,0.0044389621,0.0263148763,0.0178169626,0.0398569549,0.0785419843
23,0.1030282535,0.0044658865,0.0263514432,0.0178359485,0.0398879842,0.0786001728
24,0.1031702468,0.0045689548,0.0264501377,0.0179054824,0.0400139628,0.0786989851
25,0.1033961849,0.0046489166,0.0265334124,0.0179981351,0.0401919068,0.0787777603
26,0.103743453,0.0047126561,0.0266395907,0.0181000097,0.040440569,0.0788416185
27,0.1041799287,0.0047677124,0.0267536552,0.0182192428,0.0407352253,0.0788538552
28,0.1047269444,0.0048129271,0.0268919704,0.0183478286,0.041059939,0.0788986486
29,0.1055457088,0.0048934828,0.0270591882,0.0185111635,0.0414707027,0.0789730657
30,0.1063309364,0.004938436,0.0272251608,0.0186336355,0.0417983953,0.0790711258
31,0.1072512718,0.0049716688,0.0274019894,0.0187559486,0.0421004587,0.0792047452
32,0.1081617679,0.0049684539,0.0275242726,0.0188501554,0.042364281,0.0793249397
33,0.1094468422,0.0049795806,0.027673044,0.018972923,0.0426879835,0.079615965
34,0.1106751689,0.004989045,0.0277900764,0.0191018517,0.042971648,0.0800003165
35,0.1118295154,0.0049918608,0.0279106528,0.0192110911,0.0432020994,0.080333055
36,0.1129533442,0.0050044201,0.0279927352,0.019331661,0.0434481834,0.0806658743
37,0.1139503771,0.005002117,0.0280412065,0.0194245906,0.0436596545,0.0809307967
38,0.114986212,0.0049969534,0.0280609437,0.0194812159,0.0438076847,0.0811277459
39,0.1158079325,0.0050088735,0.0281004523,0.0195168704,0.0438982449,0.0812415245
40,0.1165793115,0.005022432,0.0281071374,0.0195438233,0.0439631904,0.0813166678
41,0.117266898,0.0050481066,0.028137381,0.0195726523,0.0440203042,0.0813550069
42,0.117876408,0.005083904,0.0281727569,0.0195814309,0.0440502345,0.0813698696
43,0.1185208189,0.0051454921,0.0282139505,0.0196021485,0.0440706531,0.0813585333
44,0.1190184384,0.0052254318,0.028296599,0.0196384792,0.0441233176,0.0813395756
45,0.1195058403,0.0053136737,0.0284060317,0.019695436,0.0442261285,0.0813264748
46,0.1199983554,0.0054019117,0.0285206128,0.0197477047,0.044319928,0.0813110425
47,0.1205471957,0.005498353,0.0286447465,0.0197894755,0.0444041356,0.0812981384
48,0.1211836477,0.005617497,0.0288158246,0.0198450949,0.0445093206,0.0812897793
49,0.1217404021,0.0057314342,0.0289840035,0.019903945,0.0445915447,0.0812767791
50,0.1222560572,0.0058412042,0.0291585289,0.0199662134,0.0446840427,0.0812839128
51,0.1227390178,0.0059490771,0.0293197311,0.0200071186,0.0447595619,0.0812920376
52,0.1232104503,0.0060577279,0.0295030356,0.020051302,0.0448293055,0.0812969711
53,0.1237206247,0.0061946106,0.0297154936,0.0201094238,0.0449210469,0.0813010443
54,0.1241242799,0.0063126382,0.0299111465,0.0201578973,0.0449883322,0.0813099503
55,0.1245120307,0.0064288563,0.0301415346,0.0202039473,0.0450554854,0.0813358626
56,0.1248826432,0.0065440826,0.0303188414,0.0202394411,0.0451080391,0.0813669857
57,0.1252773875,0.0066947535,0.0305819916,0.0202892172,0.0451752947,0.0813933005
58,0.1256042777,0.0068230958,0.0308011762,0.0203392246,0.0452491644,0.0814294699
59,0.1259444647,0.0069537532,0.0310288955,0.0203973814,0.0453467185,0.0814648107
60,0.1263061944,0.0070890167,0.0312566045,0.0204646514,0.0454598253,0.0815136396
61,0.1267184525,0.0072200961,0.0314968693,0.0205268466,0.0455705267,0.0815739624
62,0.1272109036,0.0074081921,0.0318239497,0.0206125662,0.045695151,0.0816426778
63,0.1275940974,0.007568779,0.0320774132,0.0206702972,0.0457853131,0.0817121705
64,0.1279097714,0.0077292398,0.0323731314,0.0207118897,0.0458361617,0.081760224
65,0.1281668375,0.0078819188,0.0326130749,0.0207522416,0.0458765195,0.0818136007
66,0.1283786346,0.0080194919,0.0328796952,0.0207864384,0.0459369451,0.0818713828
67,0.1286503368,0.0081936263,0.0331859421,0.0208447895,0.0460334531,0.0819431675
68,0.1288859583,0.008320762,0.033420784,0.0208765319,0.0460959025,0.0819923653
69,0.1291590883,0.0084613452,0.033663774,0.0209174797,0.046164649,0.082056785
70,0.1294126829,0.0085950876,0.0339292017,0.0209664248,0.0462257057,0.0821318827
71,0.1296558484,0.0087428281,0.0342073709,0.021009588,0.0462869591,0.0822116488
72,0.1299039259,0.0089274789,0.034526138,0.0210461618,0.0463096859,0.0822962121
73,0.1300467725,0.0090664278,0.0347694191,0.0210557108,0.046297262,0.0823795959
74,0.130154274,0.0092010949,0.0350221693,0.0210578139,0.0462780278,0.0824721132
75,0.1302530639,0.009343318,0.0352639665,0.0210858617,0.0462812528,0.0826003593
76,0.1303557494,0.0094969778,0.0355688606,0.0211128388,0.0462810868,0.0827646236
77,0.1304029707,0.0096221668,0.035806762,0.0211304064,0.0462884502,0.0828990328
78,0.1304290072,0.009741242,0.0360363132,0.0211370439,0.0462803314,0.0830150208
79,0.1304149692,0.0098549685,0.036241248,0.0211362031,0.0462521214,0.0831094949
80,0.1303049946,0.0099642723,0.0364436648,0.0211507648,0.0462192567,0.0832020155
81,0.1300589706,0.0100973932,0.0367012295,0.0211557378,0.0461641789,0.083321489
82,0.1297350313,0.0102074579,0.0368748387,0.0211648693,0.0461090146,0.0834180386
83,0.1293458272,0.0103066012,0.0370672034,0.021149187,0.0460348881,0.0835132528
84,0.1289190979,0.0103936805,0.0372423422,0.0211324492,0.0459487927,0.083601307
85,0.1284589899,0.0104789613,0.0373748893,0.021112978,0.0458737437,0.0836936626
86,0.1278870343,0.0105632775,0.0375335467,0.0210917952,0.0457749782,0.083804329
87,0.127403844,0.0106294439,0.0376356932,0.0210711219,0.0457027777,0.0839018715
88,0.1269323538,0.010691117,0.0377314938,0.021046015,0.0456307379,0.0839969534
89,0.1264980693,0.0107567413,0.0378467107,0.0210247885,0.0455624274,0.0840916385
90,0.1260569242,0.0108166975,0.0379570118,0.0210082034,0.0454985199,0.0841867136
91,0.1255719319,0.0108966237,0.0380689343,0.0209934505,0.0454341255,0.0843054137
92,0.1251836445,0.0109479197,0.0381436786,0.0209693388,0.0453807891,0.0844120249
93,0.1248275579,0.0110064751,0.0382197052,0.0209548809,0.0453316287,0.0845081152
94,0.1244788197,0.0110503389,0.0382895975,0.0209390271,0.0452879602,0.0845904718
95,0.1241533067,0.0110801579,0.0383271487,0.0209239543,0.0452411002,0.0846901636
96,0.1237961745,0.0111174545,0.0384213482,0.0209024772,0.0451932678,0.0847972747
97,0.12351349,0.0111391976,0.0384342358,0.02087883,0.045142562,0.0848842178
98,0.1232299884,0.0111510854,0.0384891673,0.0208643759,0.0451030876,0.0849610656
99,0.1229538905,0.0111546456,0.0385005077,0.0208435701,0.0450693097,0.0850487769
100,0.122645853,0.0111548677,0.0384882266,0.0208216447,0.045021362,0.0851452548
101,0.1223904129,0.0111542503,0.0384964058,0.0207935043,0.0449695269,0.0852141911
102,0.1221251398,0.0111280436,0.0384669644,0.0207820871,0.0449319251,0.0852807221
103,0.1218725075,0.0110981078,0.0384465324,0.0207665219,0.0449040651,0.0853528134
104,0.1216438157,0.0110784532,0.038431042,0.0207450175,0.0448690509,0.08542052
105,0.1213812632,0.0110672369,0.0384417482,0.0207214527,0.0448244563,0.0854956699
106,0.1211629882,0.0110565591,0.0384302138,0.0207134949,0.0447804875,0.0855528631
107,0.1208806123,0.011016801,0.038368608,0.0206792698,0.0446946077,0.0856217647
108,0.1204676057,0.0109521457,0.0383120499,0.0206188052,0.0445386802,0.0856752614
109,0.1199281194,0.0108626864,0.0381818447,0.0205500165,0.0443589714,0.0857034823
110,0.1192088215,0.0107228253,0.0380250617,0.0204379512,0.0441347139,0.0857367026
111,0.1186317248,0.0105690881,0.0378113613,0.0203461852,0.0439740145,0.0857470692
112,0.118107704,0.0103362143,0.0375578308,0.0202454916,0.0438187996,0.0857256485
113,0.1175958252,0.0100869646,0.037293289,0.0201532537,0.0436826286,0.0856885346
114,0.1170952225,0.0098042576,0.0369562587,0.0200665567,0.0435632408,0.0856398918
115,0.1164847768,0.0094393597,0.0365212945,0.0199661742,0.0434043794,0.0855548822
116,0.115954694,0.0091268278,0.036164635,0.0198611833,0.0432522834,0.0854520086
117,0.1154142391,0.008840561,0.0357705851,0.019764631,0.0430796637,0.0853301351
118,0.1148472666,0.0085595338,0.0354008756,0.019666816,0.0429283948,0.0851984096
119,0.1142061512,0.0082712365,0.0349362903,0.0195479684,0.0427562389,0.0850325721
120,0.1137317945,0.0080277815,0.0345240515,0.0194531853,0.0426285334,0.0848665536
121,0.1133328829,0.0077953722,0.0341526481,0.0193772435,0.0425385196,0.0846933258
122,0.1129576061,0.0075676738,0.0337790935,0.0193207465,0.0424718004,0.0845090436
123,0.1126374345,0.0073571302,0.0334137765,0.0192741167,0.0424165148,0.0843346802
124,0.1122817983,0.0071328094,0.0330180738,0.0192205226,0.0423499988,0.0841253344
125,0.1120372432,0.0069705956,0.0327083204,0.0191780832,0.0423068293,0.0839435337
126,0.1117993321,0.0068230984,0.0324196315,0.0191546421,0.0422712165,0.0837739088
127,0.1115847854,0.0066977104,0.0321448836,0.0191307508,0.042251863,0.083619921
128,0.1113960563,0.0065943495,0.0319015642,0.0190992645,0.0422189238,0.0834556296
129,0.1111748301,0.0065001188,0.0316341774,0.0190781301,0.042182761,0.083277227
130,0.1110060468,0.0064414486,0.0314631503,0.0190701705,0.0421608105,0.0831348195
131,0.1108196413,0.0063798281,0.0312657471,0.0190662275,0.0421299039,0.0830201863
132,0.1106407125,0.0063231756,0.0310861565,0.0190379758,0.0420861632,0.0828967315
133,0.1104507605,0.0062777283,0.0309340306,0.0190214712,0.0420462381,0.0827725518
134,0.1102119995,0.0062193071,0.0307438643,0.0189951706,0.0419975856,0.0826398074
135,0.1100071073,0.006170489,0.0305860114,0.0189763273,0.0419610724,0.0825429483
136,0.1098236214,0.0061213394,0.0304476622,0.0189513394,0.0419188758,0.0824382571
137,0.1096492572,0.0060835349,0.0303221795,0.0189305561,0.0418882545,0.0823359268
138,0.1094431242,0.0060297724,0.0301563516,0.0188980012,0.0418449065,0.0822194675
139,0.1092625202,0.0059814539,0.0300369312,0.0188853422,0.0418272908,0.0821297322
140,0.1091237717,0.0059299131,0.029916415,0.018864464,0.0418044654,0.0820367414
141,0.1089978327,0.0058981718,0.029791948,0.0188450534,0.0417799038,0.0819407094
142,0.1088522434,0.0058579169,0.0296869147,0.0188366069,0.041771528,0.0818499511
143,0.1087082544,0.005822442,0.0295748645,0.0188261429,0.0417523438,0.0817458798
144,0.1085944395,0.0057933424,0.029477747,0.0188138765,0.0417408554,0.0816688369
145,0.108496923,0.0057777933,0.0293823337,0.0188026123,0.041722369,0.0815857439
146,0.1083943308,0.0057595019,0.0293100058,0.0188034657,0.0417182301,0.08150603
147,0.1083132951,0.0057340043,0.0292336775,0.0188020564,0.0417234596,0.0814446123
148,0.1082477916,0.0057174016,0.0291439518,0.0188010807,0.0417256037,0.0813748443
149,0.1082188869,0.0057086941,0.0290783178,0.0188037125,0.0417260577,0.0813035079
150,0.1081975735,0.0057000514,0.0290237406,0.0188128859,0.0417448127,0.0812485718
