Time [s],TGS2620,TGS2602,TGS2603,TGS2610,TGS2611,TGS2600
1,0.0444250834,0.0173419919,0.0239928593,0.0078940045,0.0185280253,0.0334964418
2,0.0444160578,0.0173306845,0.0239802495,0.0078939462,0.0185289797,0.0335743058
3,0.0444090973,0.0173073015,0.0239714105,0.0078837831,0.0185215182,0.0336521524
4,0.044402083,0.0172976081,0.023969038,0.0078850117,0.0185229165,0.0336973728
5,0.0443949223,0.0172827848,0.0239643221,0.0078848149,0.0185208974,0.0337301471
6,0.0443812271,0.017274569,0.0239511226,0.007873646,0.0185219304,0.033753113
7,0.044373681,0.0172614048,0.023925963,0.0078693366,0.0185190707,0.0337762602
8,0.0443618047,0.0172493067,0.0239297373,0.0078644364,0.0185218893,0.0338191286
9,0.0443539052,0.0172490583,0.0239232042,0.007865626,0.0185193305,0.0338563188
10,0.044350799,0.0172409191,0.023924401,0.0078590004,0.0185195668,0.0339028676
11,0.0443411593,0.0172353226,0.0239187031,0.0078563585,0.0185146348,0.0339559546
12,0.044330011,0.0172258809,0.0239057921,0.0078562971,0.0185137228,0.0339978838
13,0.0443228395,0.0172225674,0.0239149533,0.0078524679,0.0185116361,0.034047499
14,0.0443134196,0.0172186426,0.0242915801,0.0080198091,0.01851095,0.0340887051
15,0.0443070687,0.0172154757,0.0242963337,0.0080202903,0.0185111516,0.0341225228
16,0.0443004854,0.0172154542,0.0242985959,0.0080163376,0.0185115184,0.0341519917
17,0.0442982461,0.0172062456,0.0248923189,0.0082778124,0.0185101211,0.0341789471
18,0.0442827239,0.0170992387,0.0248827247,0.0082599853,0.0185006751,0.0340064579
19,0.0441291769,0.0171957464,0.0249229117,0.0082586483,0.0184144962,0.0341236952
20,0.0440105865,0.0174111672,0.0249430387,0.0082852025,0.0183451263,0.0346055962
21,0.0439676808,0.0174182845,0.024970329,0.0082921014,0.018319151,0.0347992715
22,0.0439623953,0.0173398062,0.0249729058,0.0082980145,0.0183120717,0.0348459912
23,0.0439826876,0.0173107114,0.024988376,0.0083004361,0.01831617,0.0348881191
24,0.0440015459,0.0173049095,0.024997508,0.0083007156,0.0183259205,0.0349312636
25,0.0440593094,0.0173299079,0.0250070177,0.0083060702,0.0183557143,0.0350455684
26,0.0441286486,0.017334023,0.0250987674,0.0083349693,0.0184014481,0.035143272
27,0.0442225257,0.0173278099,0.0252180834,0.0083795156,0.0184525423,0.0352170155
28,0.0443637891,0.0173291988,0.0253571771,0.0084294132,0.0185150084,0.0352569104
29,0.0445245091,0.0173265069,0.0254394756,0.0084481387,0.0185762879,0.0352838661
30,0.0447413342,0.0173395422,0.0254837624,0.0084573323,0.0186591091,0.0353130586
31,0.0449739698,0.017359712,0.0255788218,0.0084900143,0.0187516672,0.0353420899
32,0.0452270699,0.0173882062,0.0256523765,0.0085246092,0.018840066,0.0353693967
33,0.0454850299,0.0174179017,0.0257209969,0.0085417997,0.0189165199,0.0353868679
34,0.045745835,0.0174408301,0.0257506171,0.008575675,0.0189875888,0.0353950234
35,0.0460831674,0.0174635909,0.0258005502,0.0086081509,0.0190945322,0.0353986577
36,0.0463727001,0.0174893253,0.025821967,0.008623179,0.0191725037,0.0354140577
37,0.0466350593,0.0175143529,0.0258845278,0.0086493299,0.0192372414,0.0354316132
38,0.0468801119,0.0175372111,0.0258967764,0.0086559612,0.019305729,0.0354279892
39,0.0471859534,0.0175427042,0.0259211189,0.0086816604,0.0193925087,0.0354113185
40,0.0474473202,0.0175457925,0.0259564512,0.0087081423,0.0194662018,0.0354104095
41,0.047692221,0.0175653113,0.0259844671,0.0087241469,0.0195178057,0.0354144365
42,0.0479096315,0.0175791511,0.0260156109,0.0087493166,0.0195502556,0.0354182026
43,0.0480771197,0.0176028302,0.0260435431,0.0087683054,0.0195730358,0.0354179732
44,0.0482273058,0.0176155475,0.0260967183,0.0087917961,0.0195909663,0.0354253465
45,0.0483514461,0.0176168632,0.0261422593,0.0088089964,0.0196122733,0.0354265922
46,0.0484746547,0.0176309193,0.0261888882,0.0088365898,0.0196473505,0.0354297856
47,0.0485893624,0.0176523205,0.026257653,0.0088576134,0.0196842435,0.0354385723
48,0.0486884974,0.0176864591,0.0263255418,0.0088899376,0.019720072,0.0354502676
49,0.0488001924,0.0177189055,0.0263854958,0.0089304085,0.0197611239,0.0354687037
50,0.0489102637,0.0177479674,0.0264249807,0.0089692975,0.0198018587,0.0354931428
51,0.0490161841,0.0177925358,0.0265438696,0.0090105129,0.0198326785,0.0355290897
52,0.0491169531,0.017825864,0.0266284882,0.0090484783,0.019865116,0.0355518014
53,0.049219199,0.017846263,0.026708399,0.009087572,0.0198949571,0.0355822263
54,0.0493372537,0.017868233,0.0267945984,0.0091197314,0.0199360235,0.0356175471
55,0.049463355,0.0178929389,0.0268365532,0.0091446485,0.0199985114,0.0356497796
56,0.0495871352,0.017914709,0.0269213565,0.0091608086,0.020072482,0.0356909353
57,0.0497071321,0.0179329117,0.0269653841,0.009152832,0.0201188482,0.0356712163
58,0.0498353434,0.0179503926,0.0269812729,0.0091406129,0.0202053992,0.035594584
59,0.0499139449,0.0179813242,0.0269985183,0.0091295244,0.0202668544,0.0355737417
60,0.0499992366,0.0180140084,0.0269970387,0.0091171551,0.0203265113,0.0355901317
61,0.0500744237,0.0180455325,0.0270018917,0.0091051914,0.0203795146,0.0356163372
62,0.0501458564,0.0180747325,0.0270187696,0.0090962028,0.0204232763,0.035653092
63,0.0502173538,0.0181170202,0.0270304627,0.0090862684,0.0204634906,0.0356967817
64,0.0502412277,0.0181511728,0.0270155476,0.0090829683,0.0204726243,0.0357443363
65,0.0502262378,0.0181983071,0.0270249872,0.0090790756,0.0204645792,0.0358008839
66,0.0501733039,0.0182382188,0.0270412492,0.0090706813,0.0204430222,0.0358528547
67,0.0500928636,0.0182883646,0.0270476431,0.0090691578,0.0204100737,0.0359061785
68,0.0499803652,0.0183340469,0.0270747942,0.0090695098,0.0203687797,0.0359573428
69,0.0498771273,0.0183811459,0.0270975044,0.0090715845,0.0203325796,0.0360148579
70,0.0497857461,0.0184380157,0.027139008,0.0090713287,0.0202983351,0.0360786345
71,0.0496951483,0.0184936891,0.0271581414,0.0090669742,0.0202749801,0.036131485
72,0.0496082159,0.0185448503,0.027202787,0.0090718033,0.0202529917,0.0361920895
73,0.0495167031,0.0185950052,0.0272278178,0.0090697026,0.0202284459,0.0362453547
74,0.0494590961,0.0186415832,0.0272518406,0.0090715046,0.0202139196,0.0362970792
75,0.0493953504,0.018698397,0.0272906421,0.0090696591,0.0201999577,0.036353312
76,0.0493435573,0.0187443991,0.0273227046,0.0090734741,0.020185467,0.0364081781
77,0.0492893594,0.018781622,0.0273496628,0.0090682774,0.0201731317,0.0364550927
78,0.0492371019,0.0188139393,0.0273507572,0.0090673343,0.0201565737,0.0365029286
79,0.0491896276,0.0188348178,0.0273718801,0.0090701626,0.0201464847,0.0365516955
80,0.0491514301,0.0188630402,0.0273987756,0.009064289,0.0201394005,0.0366033228
81,0.0491051355,0.0188842238,0.0274214403,0.0090654864,0.0201291585,0.0366370527
82,0.0490609055,0.0188937958,0.0274091986,0.009060885,0.0201194419,0.0366664734
83,0.0490265174,0.0189072774,0.0274228878,0.0090580364,0.020110681,0.0367010005
84,0.048985953,0.0189014821,0.0274447249,0.0090587506,0.0201042525,0.0367333566
85,0.0489483143,0.0189053705,0.0274447372,0.0090593049,0.0200956079,0.0367643589
86,0.0489088904,0.01890679,0.0274302374,0.0090541594,0.0200887142,0.036786251
87,0.0488606169,0.0189058962,0.0274510783,0.0090515085,0.0200813971,0.0368060287
88,0.0488257174,0.018908989,0.0274409091,0.0090490068,0.0200790364,0.0368301265
89,0.0487799623,0.0189000995,0.0274456579,0.0090433977,0.0200702832,0.036856941
90,0.048738485,0.0189042299,0.0274499201,0.0090432212,0.0200645989,0.0368840034
91,0.0487000307,0.0188962572,0.0274383799,0.0090442987,0.0200611454,0.0369168844
92,0.0486555807,0.0188971661,0.0274368486,0.0090364738,0.0200538537,0.0369453518
93,0.0486269479,0.0188964916,0.0274420678,0.0090400302,0.020051254,0.0369746661
94,0.0486016644,0.0188921413,0.0274269997,0.0090401279,0.0200430292,0.0369970537
95,0.0485749382,0.0188888,0.0274277109,0.009032512,0.0200384878,0.037017462
96,0.0485610179,0.0188828211,0.0274348211,0.0090328072,0.0200389581,0.0370393946
97,0.0485285336,0.0188882592,0.0274252957,0.0090302478,0.0200306096,0.0370524663
98,0.0485058786,0.018879457,0.0274428725,0.0090260324,0.0200232245,0.0370648849
99,0.0484684584,0.0188749545,0.0274077527,0.0090106823,0.0200176863,0.0370781155
100,0.0484143434,0.0188678453,0.0273640614,0.008992892,0.0200072144,0.0370842387
101,0.0483068808,0.018863998,0.0273180125,0.0089788137,0.0199667164,0.0370600753
102,0.048125647,0.0188583984,0.0272839435,0.0089624454,0.0198970859,0.0370462247
103,0.0479341512,0.0188591567,0.0272335164,0.0089204399,0.0198136261,0.0370545543
104,0.0477249733,0.0188572864,0.0271125734,0.0088659435,0.0197376602,0.0370725174
105,0.047473426,0.0188225583,0.0270438356,0.0088401931,0.0196454868,0.0370646227
106,0.0472207839,0.0187578343,0.026989401,0.0088223276,0.0195679124,0.037054772
107,0.0470639112,0.0186858661,0.0269305948,0.0088083642,0.0195185473,0.0370365637
108,0.0469321989,0.018591151,0.0268503546,0.0087845336,0.0194867866,0.0370154171
109,0.0468075317,0.0185036004,0.0267355189,0.0087632652,0.0194515945,0.0370020483
110,0.0466509723,0.0184342741,0.026624862,0.0087321393,0.0193875701,0.0369857954
111,0.0464611522,0.0183913481,0.0265107608,0.0087069706,0.0193246151,0.0369655529
112,0.046313115,0.018364333,0.0264051586,0.0086931609,0.0192759798,0.0369474181
113,0.0461673519,0.0183475465,0.0263290691,0.0086835388,0.0192290323,0.0369292999
114,0.0460128714,0.0183345955,0.026240477,0.0086654381,0.0191729749,0.0368973267
115,0.0458735507,0.0183213826,0.0261795517,0.0086486548,0.0191266428,0.0368702758
116,0.0457575257,0.0183059893,0.0261135624,0.0086258862,0.0190947732,0.0368322803
117,0.0456623151,0.0183015633,0.026071967,0.0086047001,0.0190699177,0.0367918867
118,0.0455718818,0.0182841934,0.0260000048,0.0085882681,0.0190306548,0.0367497438
119,0.0455017907,0.0182732671,0.0259437527,0.0085709885,0.0190081617,0.0367197946
120,0.0454557083,0.0182639315,0.0259101438,0.0085593322,0.0189866464,0.036692186
121,0.0454265958,0.018261536,0.0258358647,0.0085438095,0.0189762229,0.0366573209
122,0.0453999735,0.0182522557,0.0257679071,0.0085301652,0.0189623511,0.0366140611
123,0.0453775261,0.0182327325,0.0257038022,0.0085112768,0.0189428574,0.0365780601
124,0.0453453161,0.0182195738,0.0256582089,0.0084959485,0.0189299267,0.0365548817
125,0.0453026303,0.0182146132,0.0256261878,0.0084864537,0.0189118239,0.0365279788
126,0.0452616201,0.0182069705,0.0255865969,0.0084810724,0.0188893558,0.0365014539
127,0.0452277285,0.0182048574,0.0255272474,0.0084735194,0.0188695256,0.0364814851
128,0.045187554,0.0182090399,0.0254654113,0.0084602674,0.0188527979,0.0364581355
129,0.0451428623,0.018213316,0.0254186371,0.0084557165,0.0188301571,0.0364598735
130,0.0450801928,0.0182175543,0.0253858065,0.0084477932,0.0188074759,0.0364562536
131,0.0450407326,0.0182108415,0.0253535264,0.0084418028,0.0188009853,0.0364602938
132,0.0450172413,0.0182100649,0.0253299301,0.0084405696,0.0187951263,0.0364457165
133,0.0449817668,0.0182126487,0.0253151858,0.0084328853,0.0187733854,0.0364333535
134,0.044937474,0.0182079041,0.0252849935,0.0084237615,0.0187554471,0.0364042121
135,0.0449126179,0.0181983106,0.02526799,0.0084194729,0.018750393,0.036374507
136,0.0448929195,0.0181942826,0.0252345068,0.0084049532,0.0187506612,0.0363411545
137,0.0448736475,0.018189194,0.0252020206,0.0083960809,0.0187446056,0.0363123699
138,0.0448604502,0.0181869089,0.0251841449,0.0083879261,0.0187332972,0.0362760796
139,0.0448398378,0.0181923053,0.025161701,0.0083835579,0.0187298305,0.0362525005
140,0.0448244936,0.0181899731,0.0251587828,0.0083797269,0.0187185397,0.0362250057
141,0.0447995742,0.0181955052,0.0251552656,0.0083810552,0.0187122031,0.0361927098
142,0.0447783577,0.0182015881,0.0251289879,0.0083718742,0.0187027295,0.0361570856
143,0.0447491518,0.0182095077,0.0251077641,0.0083717248,0.018696988,0.0361240734
144,0.0446990587,0.0182163062,0.0250882615,0.0083652056,0.018682025,0.0360947301
145,0.0446697403,0.0182259421,0.0250790819,0.0083704959,0.0186711037,0.0360605609
146,0.0446328549,0.0182285975,0.0250580606,0.0083687841,0.0186581436,0.0360311565
147,0.0446050051,0.0182430026,0.0250509459,0.0083693977,0.0186449558,0.0359844223
148,0.0445978988,0.0182416581,0.0250527595,0.008367082,0.0186391081,0.0359569425
149,0.044590281,0.0182456943,0.0250527927,0.0083657421,0.0186390051,0.035919666
150,0.0445912752,0.01824593,0.0250517295,0.0083680358,0.0186364057,0.0358882359
