Time [s],TGS2620,TGS2602,TGS2603,TGS2610,TGS2611,TGS2600
1,0.0447365,0.02919354,0.02989611,0.0087026,0.0187297,0.03407724
2,0.04472905,0.02920898,0.02990862,0.00870459,0.01873119,0.03407163
3,0.0447227,0.02922185,0.02990833,0.00870375,0.01873144,0.03406343
4,0.04471882,0.02923218,0.02991041,0.00870355,0.01873149,0.03406025
5,0.04471177,0.02924331,0.02991459,0.0087032,0.01873119,0.03405067
6,0.04470551,0.02925418,0.02991304,0.00870573,0.01873119,0.03404267
7,0.0446993,0.02927132,0.02992427,0.00870543,0.01873,0.03403194
8,0.0446924,0.02927688,0.02992889,0.00870697,0.01873119,0.03402722
9,0.04468778,0.02929129,0.02992959,0.0087101,0.01873417,0.03402082
10,0.04467968,0.02929859,0.02992114,0.00870608,0.01873258,0.03401163
11,0.04467352,0.02931438,0.02991478,0.00870717,0.01873198,0.03400601
12,0.04466746,0.02932655,0.02992983,0.00870742,0.01873149,0.03399836
13,0.0446614,0.02933808,0.02993291,0.00870961,0.01873362,0.03399092
14,0.04465246,0.02934697,0.02993882,0.0087098,0.01873238,0.03398083
15,0.0446477,0.02936043,0.02993406,0.00870791,0.01873392,0.0339773
16,0.04462937,0.02936748,0.02992735,0.00870772,0.01872682,0.03396141
17,0.04453901,0.02933415,0.02990892,0.00867891,0.01867794,0.03388576
18,0.04448299,0.02933152,0.02990077,0.0086658,0.01864725,0.03383306
19,0.04445189,0.02934051,0.02991061,0.00865964,0.01863016,0.03380748
20,0.04444757,0.02935238,0.02992968,0.00865691,0.01862941,0.03379715
21,0.0444432,0.02936172,0.02994006,0.00865745,0.01862346,0.03378587
22,0.04444116,0.02937061,0.02994578,0.00865556,0.01862191,0.03377986
23,0.04444166,0.02938114,0.02995626,0.00865904,0.01862301,0.033782
24,0.04444946,0.02938934,0.02998323,0.00866103,0.01862425,0.03378319
25,0.04445433,0.02939709,0.03000151,0.00866182,0.01862763,0.03378498
26,0.04446302,0.02939589,0.02999704,0.00866316,0.01863463,0.03378553
27,0.04451512,0.02939421,0.03003335,0.00867354,0.01867541,0.03378528
28,0.04461769,0.02939033,0.0300629,0.00868715,0.01872384,0.03378617
29,0.04475066,0.02938785,0.03008153,0.00870538,0.0187747,0.03379332
30,0.04490757,0.02938298,0.03010661,0.00872232,0.01881781,0.03380187
31,0.04506855,0.02937443,0.03014048,0.00874308,0.01887305,0.0338124
32,0.04527757,0.02936594,0.0301609,0.00877204,0.01894219,0.03382139
33,0.04552299,0.02935964,0.0302063,0.00881103,0.01902852,0.0338273
34,0.04579667,0.02935059,0.03026973,0.00886284,0.01912597,0.03384161
35,0.04610741,0.02933952,0.03034553,0.00891569,0.01921399,0.03385193
36,0.04634767,0.02933033,0.03040796,0.00894643,0.01927712,0.03386048
37,0.04655703,0.02932094,0.03045063,0.00897062,0.01933111,0.03387046
38,0.04674687,0.02930942,0.03048664,0.00899104,0.01938331,0.03387737
39,0.04697153,0.02929556,0.03050681,0.00902034,0.01946582,0.03388691
40,0.04722559,0.02927589,0.03056934,0.0090574,0.01956416,0.03389237
41,0.04734778,0.02926178,0.03062954,0.00907712,0.01958572,0.03389734
42,0.04743804,0.02924669,0.03064365,0.00908561,0.01958969,0.03390101
43,0.04752501,0.02923849,0.03067335,0.00909559,0.01960946,0.0339097
44,0.04762023,0.02923139,0.03071269,0.00912654,0.01965138,0.03392237
45,0.04774808,0.02925582,0.03083513,0.00917065,0.01969932,0.03394502
46,0.04784926,0.02929437,0.03092101,0.00920368,0.01974785,0.03396603
47,0.04798749,0.02932338,0.03101782,0.00924476,0.01982116,0.03399002
48,0.04818687,0.02935223,0.03112814,0.00929989,0.01992949,0.03401883
49,0.04838222,0.02941437,0.03129876,0.00936267,0.0200258,0.03405156
50,0.04850382,0.02954376,0.03145695,0.00940762,0.02008834,0.03408723
51,0.04864409,0.02967574,0.0316153,0.00944264,0.02015976,0.03413287
52,0.04877492,0.0297646,0.03171256,0.00946057,0.02020183,0.03417763
53,0.04887605,0.02981154,0.03179576,0.00948288,0.02022493,0.03422387
54,0.04898408,0.02987194,0.03193051,0.00951169,0.0202593,0.03428328
55,0.04912281,0.02994411,0.0320381,0.00952996,0.02030346,0.03433394
56,0.04927028,0.02997942,0.03210366,0.0095541,0.02034573,0.03439469
57,0.04939828,0.0299982,0.03219983,0.00957894,0.02036704,0.03445042
58,0.04950428,0.03003942,0.03231605,0.00959478,0.0203882,0.03451047
59,0.04960323,0.03007479,0.03238539,0.00960293,0.02040429,0.03458488
60,0.04969387,0.03008651,0.03242772,0.00961301,0.02043439,0.0346407
61,0.04980111,0.0301119,0.0324899,0.00963864,0.02048774,0.03470284
62,0.04989444,0.03016301,0.03259972,0.0096751,0.02056056,0.0346865
63,0.04999582,0.03024754,0.03271898,0.00971429,0.020629,0.0346937
64,0.05006635,0.030367,0.03286104,0.00974782,0.02067947,0.03474064
65,0.05007827,0.03044866,0.03292601,0.00975527,0.02068622,0.03479389
66,0.05005846,0.03050116,0.03297648,0.0097507,0.02067212,0.03485846
67,0.05002791,0.03052406,0.03299595,0.00973465,0.02065185,0.03492894
68,0.04998842,0.03052928,0.03299669,0.00971364,0.02061718,0.03499476
69,0.04992132,0.03052083,0.03297111,0.00968742,0.02057858,0.03507035
70,0.04986251,0.03050762,0.03295214,0.00966601,0.02053959,0.03512514
71,0.04980042,0.0304954,0.03291593,0.00964917,0.0205083,0.03517754
72,0.04973108,0.03048452,0.03288632,0.00963283,0.02047855,0.03523248
73,0.04964912,0.0304886,0.03286064,0.00961574,0.02045257,0.03529034
74,0.04958013,0.03049908,0.03284326,0.00960417,0.02042992,0.03533888
75,0.04952022,0.03051606,0.03282016,0.00959642,0.02041135,0.03538775
76,0.04946296,0.03053395,0.03279994,0.00958689,0.02039634,0.03543638
77,0.04941582,0.03054944,0.03278351,0.00957914,0.02038586,0.0354851
78,0.04936883,0.03056514,0.03275966,0.0095693,0.02036635,0.03553875
79,0.04933669,0.03057905,0.03274898,0.00956265,0.02035422,0.03558171
80,0.04930704,0.03059077,0.03272241,0.0095543,0.02034111,0.03562497
81,0.04927048,0.03060065,0.03270046,0.00954695,0.02032701,0.03566675
82,0.04923845,0.03060453,0.03267418,0.00954323,0.02031786,0.03571001
83,0.04919761,0.03060845,0.03265272,0.00953533,0.02030634,0.03575596
84,0.04916831,0.03061198,0.03262848,0.00952698,0.02029268,0.03579207
85,0.04915162,0.03061366,0.03262679,0.00952524,0.02028449,0.03582649
86,0.04914064,0.03061223,0.03260211,0.00951854,0.0202745,0.03586041
87,0.04913572,0.03061103,0.03258189,0.00951978,0.02026839,0.03589439
88,0.04912818,0.03060954,0.03256192,0.00951422,0.02025687,0.03592896
89,0.04912326,0.03060706,0.03253947,0.00950821,0.02024897,0.0359528
90,0.0491092,0.03060646,0.0325352,0.0095089,0.02024455,0.03597982
91,0.04908422,0.03060403,0.03251201,0.00950627,0.02023561,0.03600044
92,0.04904746,0.03060289,0.03250162,0.00949971,0.02022503,0.03602254
93,0.04901498,0.0306005,0.0324974,0.00949966,0.02021654,0.03604797
94,0.04897956,0.03060085,0.03246328,0.00949534,0.02020998,0.03606406
95,0.04894092,0.03060269,0.03246487,0.0094942,0.02020233,0.03608334
96,0.04889522,0.03059872,0.0324597,0.00949236,0.02019597,0.03610529
97,0.04884297,0.03059872,0.03243169,0.00948889,0.02018713,0.03612739
98,0.04880815,0.03059573,0.03242846,0.00947662,0.02017005,0.03613867
99,0.04874134,0.03057025,0.03238251,0.00945596,0.0201389,0.03613162
100,0.04857013,0.03055247,0.0323548,0.00943494,0.02006474,0.03612327
101,0.04837562,0.03054487,0.03231571,0.00940092,0.01999317,0.03612029
102,0.04818747,0.03053931,0.03224706,0.00934951,0.01990942,0.03611095
103,0.04802579,0.03052341,0.03219824,0.00930799,0.01983626,0.036089
104,0.04785626,0.03050633,0.03214415,0.00927813,0.01977839,0.03605194
105,0.04770402,0.03050414,0.03210982,0.00925966,0.01973215,0.03601107
106,0.04757681,0.03051865,0.03208683,0.00924803,0.01969922,0.03596889
107,0.04744852,0.03054169,0.03205628,0.00924177,0.01967786,0.03593114
108,0.04735464,0.03055779,0.03202399,0.00923954,0.01966887,0.03590094
109,0.04725599,0.03056122,0.03200055,0.00922911,0.0196497,0.03587293
110,0.04713495,0.03056325,0.03195147,0.00920522,0.01960415,0.03583747
111,0.04696989,0.03055838,0.03189793,0.00916772,0.01952393,0.035802
112,0.0467424,0.03054865,0.03182879,0.00911278,0.01942578,0.0357424
113,0.04657024,0.03054706,0.03176049,0.00907349,0.01935292,0.03568001
114,0.04640722,0.03056057,0.03170908,0.00904284,0.01929803,0.03561291
115,0.04627063,0.0305859,0.03166855,0.00902332,0.01925665,0.03554863
116,0.04612048,0.03062007,0.03161361,0.008997,0.01920227,0.03547358
117,0.0459885,0.03064908,0.03155853,0.00896953,0.019152,0.03540424
118,0.04588548,0.03068261,0.03152927,0.00894971,0.01912458,0.03533555
119,0.04581421,0.03071971,0.03149535,0.0089369,0.01909696,0.03527232
120,0.04575545,0.03075488,0.03144543,0.00891902,0.01906875,0.03520749
121,0.04571839,0.03079685,0.03141563,0.0089066,0.01905842,0.03513478
122,0.04572018,0.03083366,0.03136963,0.00890401,0.01905737,0.03508317
123,0.04572952,0.03086748,0.03136745,0.00890322,0.01905941,0.03503479
124,0.04574497,0.03089585,0.03135528,0.00890302,0.01905618,0.03498701
125,0.04575167,0.03092296,0.03135225,0.00890173,0.0190615,0.03493759
126,0.04569763,0.03094606,0.03132364,0.0088986,0.01904322,0.03487753
127,0.04562198,0.03096618,0.03133079,0.00889562,0.01902206,0.03482831
128,0.04556526,0.03097651,0.03129125,0.00888256,0.01900537,0.0347768
129,0.04549785,0.03097572,0.0312542,0.00886517,0.0189716,0.03472395
130,0.04540378,0.03094939,0.03117771,0.0088457,0.0189328,0.03467309
131,0.04528085,0.03091343,0.0311103,0.00881381,0.01887941,0.03459918
132,0.04519427,0.03089555,0.03107151,0.00880001,0.01885368,0.03454092
133,0.04513183,0.03089629,0.03102994,0.00878958,0.0188355,0.03448265
134,0.04508013,0.03089331,0.03099954,0.00877805,0.01881538,0.03442603
135,0.04502757,0.03089475,0.03095945,0.00876494,0.01879482,0.03435907
136,0.044963,0.03089659,0.03092548,0.00875023,0.01877112,0.03430518
137,0.04489768,0.03090429,0.03090959,0.00874467,0.01875523,0.03425109
138,0.04483207,0.03090618,0.0308772,0.00873871,0.01874311,0.03419918
139,0.04476074,0.03091134,0.0308547,0.00873335,0.01872448,0.03415006
140,0.04467581,0.03091015,0.03083105,0.00872639,0.01870874,0.03409343
141,0.04460776,0.0309032,0.03079554,0.00871845,0.01869423,0.03404516
142,0.04454085,0.03089713,0.03077254,0.00871576,0.01868589,0.03400656
143,0.04449083,0.03088497,0.03074975,0.00871248,0.01868028,0.03397294
144,0.04446709,0.03086286,0.0307107,0.00871094,0.01867993,0.03393449
145,0.04444712,0.03083401,0.03070872,0.00871413,0.01868082,0.03389674
146,0.04443942,0.03082045,0.03068085,0.00871209,0.01867596,0.03386624
147,0.04444087,0.03081518,0.03067246,0.00871572,0.01867854,0.03384518
148,0.044444,0.03080375,0.03064777,0.00871457,0.01867551,0.03382412
149,0.04445189,0.03079541,0.03064196,0.00871676,0.01867188,0.03380897
150,0.04445189,0.03079541,0.03064196,0.00871676,0.01867188,0.03380897
