Time [s],TGS2620,TGS2602,TGS2603,TGS2610,TGS2611,TGS2600
1,0.1174268754,0.0064255507,0.0322853569,0.0198013743,0.0441101808,0.087523196
2,0.1174363378,0.0064388142,0.0323182316,0.0198084571,0.0441186242,0.0875310182
3,0.1174421395,0.0064433144,0.0323261286,0.0198091743,0.0441293319,0.0875284359
4,0.1174379259,0.0064617326,0.0323723193,0.0198089651,0.044134266,0.0875339502
5,0.1174316919,0.0064638091,0.0323825904,0.0198120905,0.04413732,0.0875255815
6,0.1174277572,0.006474034,0.0324171006,0.0198140333,0.0441490347,0.0875285943
7,0.1174239685,0.0064893969,0.0324461564,0.0198145964,0.044152387,0.0875275207
8,0.1174201551,0.0064971616,0.0324524616,0.0198249148,0.0441604261,0.087521448
9,0.1174245555,0.0065052221,0.0324591279,0.0198224971,0.0441686352,0.0875205967
10,0.1174181749,0.0065176975,0.0325027332,0.0198280496,0.0441752995,0.0875134756
11,0.1174013835,0.0065349874,0.0325016303,0.0198269702,0.044169776,0.0875069871
12,0.1173821676,0.0065359726,0.0325489933,0.0198280458,0.0441749946,0.0874968665
13,0.1173720639,0.0065483802,0.0325497898,0.0198211276,0.0441755048,0.0874830068
14,0.1173653485,0.0065581913,0.0325751574,0.0198284053,0.0441810305,0.0874767958
15,0.1173585854,0.0065598954,0.0325907289,0.0198252951,0.0441888366,0.0874674703
16,0.1173500679,0.0065743865,0.0326344444,0.0198315162,0.0441926741,0.0874687309
17,0.1173568344,0.0065868837,0.032644112,0.0198390667,0.0442072618,0.0874798553
18,0.1173604492,0.0065988703,0.0326707693,0.0198446048,0.0442193374,0.0874824087
19,0.1173621687,0.0066091023,0.0326720269,0.0198490126,0.0442272641,0.0874768919
20,0.1173540593,0.006608782,0.0327034879,0.0198501467,0.0442307817,0.0874755436
21,0.1173334303,0.0066191275,0.0327007246,0.0198483555,0.0442325057,0.0874606855
22,0.1173224083,0.0066372595,0.0327164765,0.0198557159,0.0442399883,0.0874549205
23,0.1173033613,0.0066395956,0.0327540469,0.0198504114,0.0442363018,0.0874454546
24,0.1172956718,0.0066577537,0.03279206,0.0198565346,0.0442456828,0.0874392339
25,0.1173251877,0.0066630324,0.0327854614,0.0198628353,0.0442829059,0.0874245045
26,0.1175130084,0.0066983011,0.0328374685,0.0198834324,0.0443654458,0.0874210577
27,0.117807421,0.006717044,0.0329059324,0.019901346,0.0444403643,0.0874147336
28,0.1181866512,0.0067496275,0.0329428698,0.0199293343,0.0445294818,0.0874118369
29,0.1186279616,0.0067691973,0.0329785303,0.0199560211,0.0446294461,0.0874077917
30,0.1191156297,0.0067897118,0.0330278967,0.019992132,0.0447361137,0.0874059601
31,0.119761427,0.0068033025,0.0331054621,0.0200487619,0.0448984491,0.0873974913
32,0.120394811,0.0068278004,0.0332203969,0.0201113167,0.0450781193,0.0873939932
33,0.1210749026,0.0068578842,0.0333400972,0.0201834038,0.0452534793,0.0873846006
34,0.1217830737,0.0068965752,0.0334438291,0.0202564891,0.0454408187,0.0873777843
35,0.1226800831,0.0069479171,0.0336617543,0.0203506974,0.0456830666,0.0873712158
36,0.1234854268,0.0070126705,0.0338355336,0.0204258725,0.0459052155,0.087368629
37,0.124310816,0.0070840282,0.033991938,0.0205037156,0.046115753,0.0873767807
38,0.1251132189,0.0071521772,0.0341659068,0.0205700778,0.0463081696,0.0873801154
39,0.1258765604,0.0072373663,0.0343716819,0.0206302216,0.0464712594,0.0873825584
40,0.1266824861,0.0073364389,0.034566315,0.0206991189,0.0466347325,0.0873937068
41,0.1272825601,0.0074254765,0.0347566793,0.0207564827,0.0467632645,0.0874083647
42,0.1278244116,0.0075326054,0.0349891548,0.0208094955,0.046871809,0.0874176523
43,0.1282837725,0.0076824256,0.0352641135,0.0208788538,0.0469836978,0.0874260987
44,0.1286324335,0.0078539568,0.0355607489,0.0209428697,0.0470643154,0.08745051
45,0.1289813133,0.0081072132,0.0359783284,0.0210298956,0.0471569916,0.0874861124
46,0.1292741568,0.0083279311,0.0363807152,0.0211019259,0.0472562536,0.0875252828
47,0.129533652,0.0085699147,0.0367743462,0.021182675,0.047340253,0.0875636914
48,0.129792585,0.008831022,0.0372032798,0.0212609529,0.0474462602,0.0876253625
49,0.130082328,0.0090957541,0.0376734709,0.0213263739,0.0475282817,0.0876937086
50,0.1304009487,0.0093834081,0.0381607909,0.021406555,0.0476149078,0.0877758917
51,0.1306531406,0.0096031538,0.0385736426,0.0214637863,0.0476917259,0.0878507419
52,0.1308717662,0.009822993,0.0389497594,0.0215308141,0.0477485871,0.0879450891
53,0.1310932201,0.0100310015,0.0393373612,0.0215860932,0.0478047089,0.0880399603
54,0.1313226587,0.0102458401,0.0397556681,0.021647592,0.0478599671,0.0881435086
55,0.1316155144,0.0105136501,0.0402025702,0.0217200887,0.0479122061,0.088283697
56,0.1319117857,0.010717663,0.0406042394,0.0217689979,0.0479706955,0.088409214
57,0.1323140627,0.0109166339,0.040935925,0.0218131579,0.0480697074,0.088550697
58,0.1327119497,0.0110622804,0.0412887592,0.0218432653,0.0481448795,0.0886899917
59,0.133059209,0.0111867619,0.0415554595,0.0218714729,0.0481973525,0.088848126
60,0.1332939266,0.0112699252,0.0418145204,0.0219147828,0.0482674189,0.0890042252
61,0.1334951276,0.0113190562,0.0420878453,0.0219799347,0.0483743382,0.0891656135
62,0.1336554634,0.0113758074,0.0424165827,0.0220776017,0.0484972873,0.0893188072
63,0.1337518736,0.0114645667,0.0427877273,0.0221799614,0.0486162477,0.0894538141
64,0.1338575536,0.0116616463,0.0433506934,0.0223100146,0.0487403235,0.0896004078
65,0.133933541,0.0118810844,0.0438553434,0.022390311,0.0488369593,0.0897170876
66,0.1339948114,0.0121027867,0.0443104236,0.0224474702,0.0488885532,0.0898303809
67,0.1340119309,0.0123094594,0.0447377219,0.0224838001,0.048910601,0.0899321437
68,0.1339639544,0.0124710408,0.0451132819,0.0224950034,0.0488979694,0.0900294142
69,0.13383048,0.0126229346,0.0454335973,0.0224840923,0.0488439344,0.0901574836
70,0.1336545951,0.0127123002,0.0456055451,0.0224619724,0.0487708219,0.0902489734
71,0.1334516909,0.0127866621,0.0457734526,0.0224375496,0.0486996324,0.0903537796
72,0.1332202577,0.0128401466,0.0458692316,0.0224111778,0.0486354681,0.090462402
73,0.1329819884,0.0128845263,0.0459799088,0.022378569,0.0485612215,0.0905721412
74,0.1326997369,0.0129363157,0.0460420006,0.0223501816,0.048488771,0.0907058325
75,0.1324631306,0.0129815056,0.0461143755,0.0223261433,0.0484339296,0.0908098352
76,0.1322361869,0.013020627,0.0461985353,0.0223081223,0.0483910304,0.0909245413
77,0.1320209951,0.01306327,0.0462515365,0.0222949126,0.0483444538,0.0910253581
78,0.1318277209,0.013107662,0.0462871798,0.0222746706,0.0483064179,0.0911247547
79,0.1316129364,0.0131539301,0.0463317865,0.0222602867,0.0482705982,0.0912395414
80,0.1314331631,0.0131918708,0.0463457017,0.0222498331,0.0482388259,0.0913242497
81,0.1312800253,0.0132218772,0.0463788524,0.0222393836,0.0482175043,0.0914217509
82,0.1311391982,0.0132502543,0.0463931157,0.0222242341,0.0481941324,0.0915121217
83,0.130979698,0.0132658524,0.0464245304,0.0222097219,0.0481625167,0.0915984021
84,0.1308575051,0.0132777298,0.0464640152,0.0222002188,0.0481375656,0.0916867603
85,0.1307340247,0.0132809276,0.0464234169,0.0221925155,0.0481157826,0.0917689364
86,0.130626612,0.0132751946,0.0464379847,0.0221745088,0.0480938885,0.0918485034
87,0.1305174879,0.0132783839,0.0464277683,0.0221661289,0.0480667097,0.0919210799
88,0.1303989972,0.0132700837,0.0464065037,0.0221477208,0.0480408641,0.0920078452
89,0.1302901662,0.0132602141,0.0463976329,0.0221404412,0.0480165551,0.0920848721
90,0.1301885788,0.0132460286,0.046364131,0.0221240335,0.0479916104,0.0921526193
91,0.1300936935,0.0132389863,0.0463618568,0.0221123225,0.04797576,0.0922189789
92,0.1300016834,0.0132358576,0.0463558947,0.0221037632,0.0479548915,0.092281138
93,0.1298898184,0.0132282759,0.0463643255,0.0220948216,0.0479305551,0.0923626452
94,0.1298086085,0.0132268829,0.0463318601,0.0220818539,0.0479221948,0.0924255925
95,0.1297560106,0.0132234835,0.0463151491,0.0220820277,0.0479065828,0.0924861682
96,0.1296866057,0.0132243575,0.0462988892,0.0220729486,0.0478957515,0.092543444
97,0.1296249201,0.013226463,0.0462944247,0.022067882,0.0478870732,0.0926065769
98,0.1295518566,0.0132238304,0.0462789574,0.0220574224,0.0478720493,0.0926700654
99,0.1294868059,0.0132194422,0.0462497598,0.0220581786,0.047863256,0.0927264407
100,0.1294307499,0.0132220449,0.0462511252,0.0220514845,0.0478538143,0.0927646984
101,0.1293709936,0.0132188116,0.0462560565,0.0220479449,0.047844607,0.0928202166
102,0.1293141764,0.0132199402,0.0462626885,0.022042817,0.0478373012,0.0928635372
103,0.1292553647,0.0132151518,0.0462612969,0.0220371882,0.0478240425,0.0928931795
104,0.1291910732,0.0132023031,0.04624602,0.0220340385,0.0478089091,0.092923711
105,0.1291173038,0.0131907841,0.0462101646,0.0220175803,0.0477911336,0.0929504067
106,0.1290225814,0.013174292,0.0461825156,0.0220014216,0.0477392797,0.0929867531
107,0.1288294349,0.013114403,0.046044064,0.0219407621,0.0476371457,0.093010951
108,0.1287077452,0.0130062788,0.045970326,0.0219066894,0.0475916321,0.0930317875
109,0.1286405548,0.0128609825,0.0458826065,0.0218651696,0.0475722515,0.0930518454
110,0.1285804192,0.0126961939,0.0457131845,0.0218470891,0.0475699774,0.0930534154
111,0.1284606732,0.0125779352,0.0456116359,0.021832393,0.0475544937,0.0930462086
112,0.1282210185,0.0124523673,0.0454502257,0.0217966744,0.0474822745,0.0930127812
113,0.1279117285,0.0122753349,0.0452795552,0.0217451039,0.0473933423,0.0929720875
114,0.1275077473,0.0120476497,0.0449841775,0.0216692766,0.0472511785,0.0929142279
115,0.1270196087,0.0117920087,0.0447179272,0.0215805584,0.047090971,0.0928372247
116,0.1264953028,0.0115347453,0.0443261438,0.0214790653,0.0469043031,0.0927505858
117,0.1258775043,0.0112325538,0.0438953757,0.0213584471,0.0466913636,0.0926428434
118,0.1254047457,0.0109737892,0.0434962266,0.0212609639,0.0465279267,0.09254319
119,0.1249517991,0.0107228563,0.0430569092,0.0211733858,0.0463755063,0.0924490144
120,0.1245614657,0.0104733396,0.0426261912,0.0210842205,0.0462427265,0.0923376838
121,0.1242382247,0.0102278472,0.0422167699,0.0210207662,0.0461434856,0.0922404468
122,0.123929319,0.0099524259,0.0417315236,0.0209511161,0.0460484582,0.0920977612
123,0.1237066142,0.0097441039,0.0413272781,0.0209054552,0.0459895457,0.0919759351
124,0.1235239767,0.0095585569,0.04097334,0.0208641855,0.0459277729,0.0918402922
125,0.1233179423,0.0093999359,0.0406319618,0.0208325903,0.0458693402,0.0917104728
126,0.1230906494,0.0092215085,0.0402341538,0.0207852492,0.0457864285,0.091557398
127,0.1229018222,0.0090505827,0.0399203371,0.0207436521,0.0457229652,0.0914148002
128,0.1226759989,0.0088838946,0.0395759826,0.0206871587,0.0456189277,0.091264213
129,0.1224125227,0.0087256842,0.0392790309,0.0206308948,0.0455223963,0.0911111015
130,0.1221667151,0.0085694254,0.0389422485,0.0205837412,0.0454571921,0.0909559658
131,0.12188888,0.0084135753,0.0385905925,0.0205464135,0.0453974076,0.0907687464
132,0.1216489298,0.0083060505,0.0383612645,0.0205136002,0.0453406252,0.0906165379
133,0.1214169512,0.0082027834,0.0381064344,0.0204716176,0.0452794489,0.0904748113
134,0.1211997767,0.0081066625,0.0378397042,0.0204456082,0.0452189736,0.0903267388
135,0.1209997293,0.0080217713,0.0376398947,0.0204201667,0.0451736931,0.0901899364
136,0.1207635016,0.0079540488,0.0373787661,0.0203826302,0.0450998112,0.0900289356
137,0.1205433899,0.0079046814,0.0371791796,0.0203477255,0.0450229315,0.0899002214
138,0.1203271112,0.0078460615,0.036952914,0.020306051,0.0449474213,0.0897576453
139,0.1201182052,0.0077747646,0.0367617301,0.0202792125,0.0448983672,0.0896371988
140,0.1199336386,0.0077159978,0.0366050635,0.0202502425,0.0448535175,0.0895147519
141,0.1197597969,0.0076802846,0.036424257,0.020223678,0.0448155699,0.0893727035
142,0.1196217645,0.0076526214,0.036274453,0.0201932381,0.0447588515,0.089247803
143,0.1194750541,0.0076266307,0.0361210017,0.0201676192,0.0447100021,0.0891390435
144,0.1193507716,0.007592223,0.0359633532,0.0201428826,0.044680074,0.0890329495
145,0.1192332176,0.0075646087,0.0358009588,0.0201250026,0.0446601275,0.0889208424
146,0.1191451274,0.007537827,0.0356733991,0.0201127675,0.0446401525,0.0888175603
147,0.1190486775,0.0075161017,0.0355639026,0.0201031207,0.0446210244,0.0887394727
148,0.1189298863,0.0074919735,0.0354886965,0.0200948484,0.0446001316,0.0886424142
149,0.1187996579,0.0074894007,0.0353913531,0.0200865786,0.0445727707,0.0885649901
150,0.1186278368,0.0074752642,0.0353020511,0.0200697691,0.0445206138,0.0884652762
