Time [s],TGS2620,TGS2602,TGS2603,TGS2610,TGS2611,TGS2600
1,0.1275673843,0.0036649836,0.0245690919,0.0222625587,0.0489094359,0.0933974701
2,0.1275060919,0.0036912364,0.0245472624,0.0222239978,0.0488521115,0.0933724987
3,0.1275538023,0.0037035268,0.0245291171,0.0221862003,0.0487920122,0.0933423968
4,0.1275731116,0.0037246434,0.0245227951,0.0221490124,0.0487209299,0.0933149034
5,0.1275421341,0.0037399019,0.0245317283,0.0221154695,0.0486573289,0.0932915032
6,0.1275093228,0.0037556806,0.0244930033,0.0220877704,0.0485974224,0.0932639859
7,0.1275153589,0.003774593,0.024496167,0.0220451288,0.0485306165,0.0932272311
8,0.1275311331,0.0037905188,0.024485719,0.0220144758,0.0484709225,0.093199797
9,0.127567148,0.0038069925,0.0244918614,0.0219932024,0.0484201949,0.0931813964
10,0.1275061519,0.0038194707,0.0244801953,0.0219631397,0.0483692699,0.0931644459
11,0.1275532335,0.0038271918,0.0244736212,0.0219371683,0.0483110738,0.0931417807
12,0.1275062998,0.0038425665,0.0244762105,0.0219027046,0.0482476411,0.0931187013
13,0.1275533677,0.0038599126,0.0244814249,0.0218785372,0.0481981518,0.0930937935
14,0.127572655,0.0038724277,0.0244935862,0.0218576616,0.0481476693,0.0930738193
15,0.12754253,0.0038651605,0.0244625475,0.0217859396,0.048002804,0.0930433505
16,0.1275089008,0.0038479871,0.024389394,0.0216549862,0.0477433849,0.0930206546
17,0.1275160888,0.0038460088,0.0243913587,0.0215572173,0.047567005,0.0929820313
18,0.12753063,0.0038570191,0.0244114217,0.0215313372,0.047505453,0.0929554118
19,0.1275728836,0.0038659537,0.02442009,0.0215141588,0.0474731201,0.0929246513
20,0.1275430853,0.0038826534,0.0244696851,0.0215128379,0.0474618497,0.0929019672
21,0.1275096254,0.0038927598,0.0244838269,0.0215060341,0.0474403453,0.0928669521
22,0.1275153356,0.0039103341,0.0245024188,0.021507367,0.0474407167,0.0928292003
23,0.1275309154,0.0039109352,0.0245385335,0.0215048329,0.0474269113,0.0928005596
24,0.1275677013,0.0039261052,0.0245713507,0.0215049602,0.0474155487,0.0927781669
25,0.1275059256,0.0039407544,0.0246123907,0.0215104446,0.0474240455,0.0927502836
26,0.1275527365,0.0039841353,0.0246686633,0.021532824,0.0475004294,0.0927214748
27,0.1277061513,0.0040027498,0.0247446312,0.0215583784,0.0476250042,0.0926919005
28,0.1279481124,0.0040297823,0.0248313504,0.0215873021,0.0477650577,0.0926587717
29,0.1282218912,0.0040436855,0.0248907575,0.0216071114,0.0478929542,0.0926324818
30,0.1285318414,0.0040597678,0.0249873031,0.0216385702,0.0480168139,0.0926069226
31,0.1290366856,0.0040713395,0.0251000476,0.0216926541,0.0482155358,0.092576573
32,0.1295959707,0.0040956691,0.0252174999,0.0217619443,0.048427874,0.0925586796
33,0.1302142958,0.0041340043,0.0253768354,0.0218437084,0.0486535735,0.0925430627
34,0.1308970545,0.004187708,0.0255429909,0.0219191348,0.048857657,0.0925367496
35,0.1315962746,0.0042418094,0.0256856159,0.0219945457,0.0490564575,0.0925289972
36,0.1324325073,0.0043137488,0.0259232747,0.0220945052,0.0492879748,0.0926019138
37,0.1331568568,0.0043897564,0.026132023,0.0221719608,0.0494904448,0.0926471867
38,0.1339119701,0.0044654089,0.0263122456,0.0222440124,0.0497182261,0.092680573
39,0.1346748019,0.0045290297,0.0265263263,0.022320165,0.0499170496,0.0927114035
40,0.1354115184,0.0045920764,0.0267235653,0.0223926681,0.0500979101,0.0927345207
41,0.1362883558,0.0046862503,0.0269681275,0.0225008978,0.0503517195,0.0927608532
42,0.1369975158,0.0047856486,0.0272278384,0.0226021806,0.0505475694,0.0927641822
43,0.1377012653,0.0048846918,0.0274957877,0.0227044605,0.0507096625,0.0927719409
44,0.1384062493,0.0049790897,0.0277346252,0.022806509,0.0509012339,0.0927717893
45,0.1391889789,0.0050912037,0.0280685716,0.022928689,0.0510949407,0.0927815541
46,0.139778809,0.0052084789,0.0283269819,0.0230269238,0.0512078786,0.0927869539
47,0.1403730155,0.0053218718,0.028621807,0.0231105502,0.0513376672,0.0927877866
48,0.1409578278,0.0054727814,0.0289214939,0.0232019418,0.0515021283,0.0927997165
49,0.1414711599,0.0056479169,0.0292429705,0.023282782,0.0516562179,0.092822283
50,0.1420076011,0.0058897754,0.0296234269,0.0233588759,0.0517846157,0.0928429013
51,0.1423584323,0.0060781436,0.0299470904,0.0234159532,0.0518403114,0.0928705697
52,0.1426690986,0.0062757225,0.0302679829,0.0234740416,0.0518652053,0.0928977069
53,0.1429694605,0.0064743735,0.0306039937,0.0235311357,0.0519002256,0.0929364929
54,0.1432682396,0.0066459544,0.030894444,0.0235746755,0.0519909155,0.0929820509
55,0.1435240478,0.0068150461,0.0312452199,0.023630618,0.0521011861,0.0930489711
56,0.1436858442,0.0069770157,0.0315832768,0.0236814207,0.0521944811,0.093112224
57,0.1437750901,0.0071757101,0.031928122,0.023729988,0.0522430693,0.0931775694
58,0.143762887,0.0073519381,0.0322541816,0.0237527716,0.0521726838,0.0932569941
59,0.1436853457,0.0074997295,0.0325389982,0.0237550721,0.0520586199,0.0933407244
60,0.1435609257,0.0076381331,0.0329118118,0.0237685229,0.0519594592,0.0934318505
61,0.1434641095,0.0077242309,0.0331737907,0.0237811286,0.0519100403,0.0935165849
62,0.1434390274,0.0078204803,0.0335140309,0.0238150334,0.0518962516,0.0936126694
63,0.1434723893,0.0079434543,0.0338808486,0.0238625173,0.0519234837,0.0936917477
64,0.1435390505,0.0081417294,0.0342953578,0.0239258731,0.0519614097,0.0937888589
65,0.1435750399,0.0083484401,0.0346842572,0.023972535,0.0519679102,0.0938945523
66,0.1435552581,0.0085478797,0.0350331679,0.0239879209,0.0519397917,0.0939936988
67,0.1434760965,0.008713883,0.0353523281,0.0239778298,0.0518586745,0.0940936921
68,0.1433517808,0.0088443145,0.0355871824,0.0239567461,0.0517535876,0.0941966181
69,0.1431331007,0.0089624618,0.0358391458,0.0239190176,0.0515929835,0.0943284952
70,0.1429035731,0.0090276535,0.0360161977,0.0238847276,0.0514507058,0.0944363962
71,0.1426567139,0.009074069,0.0361683481,0.023841143,0.0513013988,0.0945453889
72,0.1423784782,0.0091108047,0.0362866035,0.023807134,0.0512151098,0.0946532397
73,0.1420773085,0.0091311933,0.0363939818,0.0237650134,0.0511655925,0.0947667002
74,0.1417274197,0.0091489928,0.0365014746,0.023724975,0.0510535517,0.0949003224
75,0.1414345745,0.009160898,0.0365576904,0.0236953696,0.0509768031,0.0950184847
76,0.1411640508,0.0091764741,0.0366150706,0.023670374,0.0508996127,0.0951313119
77,0.1408986656,0.0091900436,0.0366717875,0.0236524755,0.0508432997,0.0952442959
78,0.1406683846,0.009207641,0.0367177542,0.0236379644,0.0507887937,0.0953645925
79,0.1403990693,0.0092219482,0.0367831521,0.0236233793,0.0507225787,0.0954946028
80,0.1401977043,0.0092395646,0.0368230439,0.0236087,0.0506744677,0.095595958
81,0.1399861618,0.0092525239,0.0368718592,0.0235944439,0.0506237907,0.0956825289
82,0.1397832231,0.0092567847,0.0369111519,0.0235761641,0.0505759346,0.0957829258
83,0.1395954384,0.0092670705,0.0369545497,0.023564675,0.050526524,0.0958638962
84,0.1393692352,0.0092660299,0.0369769291,0.0235423678,0.0504785223,0.0959692644
85,0.1391824346,0.0092644398,0.0369716701,0.0235262625,0.0504482503,0.0960649598
86,0.1390111557,0.0092602804,0.0370125019,0.0235122032,0.0504280341,0.0961387324
87,0.138853387,0.0092536691,0.037025479,0.0234958733,0.0504065894,0.096212371
88,0.1386561522,0.0092421777,0.0370210601,0.0234766028,0.0503722063,0.0963106452
89,0.1384905725,0.0092285374,0.0370222067,0.023454247,0.050341543,0.0963888575
90,0.1383257546,0.0092182235,0.0370327334,0.0234450057,0.0503103821,0.0964700172
91,0.1381656141,0.0092049451,0.0369965491,0.0234248099,0.0502738392,0.0965363173
92,0.1380150875,0.0091938202,0.0370133866,0.0234081565,0.0502360975,0.0966055662
93,0.1378311048,0.0091799259,0.0370137735,0.0233883032,0.0501909555,0.0966862739
94,0.1376877338,0.0091718281,0.0370352491,0.0233799386,0.0501584574,0.0967655909
95,0.1375514458,0.0091594044,0.0369775301,0.0233597268,0.0501244419,0.0968222167
96,0.1374233642,0.0091517625,0.0370016742,0.0233480325,0.0501009548,0.0968950826
97,0.1373096771,0.0091453485,0.0370191583,0.0233388131,0.0500789436,0.0969734832
98,0.137162098,0.0091332462,0.0369658604,0.0233224447,0.050041677,0.0970710905
99,0.1370422144,0.0091265582,0.0369648134,0.0233155926,0.0500205202,0.0971367177
100,0.1369361527,0.0091191142,0.0369669973,0.0233050595,0.0500049847,0.097196766
101,0.136828395,0.0091125883,0.0369629129,0.023283075,0.0499814782,0.0972581522
102,0.1367196351,0.0091041707,0.0369526649,0.0232812393,0.0499568972,0.0973258218
103,0.1365930149,0.0090986312,0.0369890791,0.0232646585,0.0499233952,0.0974194169
104,0.1364996702,0.0090880305,0.0369703768,0.023255932,0.0499062317,0.0974830398
105,0.1364071947,0.0090815945,0.0369724367,0.0232435741,0.0498753764,0.097517135
106,0.1363224834,0.0090819117,0.0370133678,0.0232396956,0.0498517656,0.0975785654
107,0.1362356351,0.0090784823,0.0370000002,0.023226305,0.0498281942,0.0976117941
108,0.1361384151,0.009071296,0.0369871504,0.0232185191,0.0497907289,0.0976506759
109,0.1360655739,0.0090623245,0.0369940606,0.0232041573,0.0497622233,0.0976997786
110,0.1359916044,0.009061711,0.0370134472,0.0232028732,0.0497516844,0.0977488984
111,0.1359197575,0.0090601813,0.0370321165,0.0231976147,0.0497500643,0.0977584478
112,0.1358571877,0.0090563731,0.037017841,0.023189467,0.0497453252,0.0977787958
113,0.1358068197,0.0090532609,0.0370481056,0.023187377,0.0497386844,0.0977842785
114,0.1357541102,0.0090611988,0.0370424566,0.0231867201,0.049726885,0.0977790358
115,0.1356886664,0.0090520321,0.0370575292,0.0231789593,0.0497107805,0.0977306487
116,0.1356284899,0.0090514569,0.0370679521,0.0231741716,0.049696214,0.0976803085
117,0.1355822656,0.0090521982,0.0370661702,0.0231659206,0.0496874573,0.0975915909
118,0.1355405361,0.0090477453,0.0370848801,0.0231657253,0.0496770423,0.0975052781
119,0.1354957553,0.0090549104,0.0371070409,0.0231660368,0.0496744702,0.0974269064
120,0.1354452234,0.0090520208,0.0371046299,0.0231621616,0.0496646333,0.0973525638
121,0.1353773818,0.0090521708,0.03714064,0.0231519299,0.0496278747,0.0972688474
122,0.1352404917,0.0090355249,0.0371286093,0.0231267062,0.0495691124,0.0971595573
123,0.135133187,0.0089973715,0.037079628,0.023109882,0.0495428647,0.0970443232
124,0.1349970422,0.0089144321,0.0370598812,0.0230897523,0.0495119261,0.096919259
125,0.1346927309,0.0088274827,0.0369607196,0.023050512,0.0494410589,0.0967290924
126,0.1343294136,0.0087522813,0.0368938733,0.0230092742,0.0493079943,0.0965708085
127,0.1337902381,0.0084692861,0.0366547961,0.0228690048,0.0490150272,0.0964007131
128,0.1332032423,0.0080676585,0.0362132953,0.0227066092,0.0487043304,0.0962406359
129,0.1325842353,0.0076162249,0.0357301929,0.0225290296,0.0483995637,0.0960950332
130,0.131999774,0.0072138208,0.035254353,0.0223861402,0.0481489034,0.095933658
131,0.1314324678,0.0068821365,0.0347640059,0.0222521481,0.0479221671,0.0957758952
132,0.1311226957,0.0066041251,0.0342440144,0.0221945426,0.0478214788,0.0955895986
133,0.130828715,0.0064061945,0.0337722154,0.0221363919,0.0477189382,0.0954437096
134,0.1304596094,0.0062275768,0.0333268724,0.0220678351,0.047603903,0.0953042682
135,0.1300629877,0.0060485233,0.0328509332,0.0219891479,0.0474842857,0.0951585677
136,0.1295572682,0.0058422117,0.0323063404,0.0218893418,0.047321836,0.0950059841
137,0.1291291978,0.0056896838,0.0318579746,0.0218059431,0.0471745126,0.0948572704
138,0.1287115646,0.0055594304,0.0314299588,0.0217308765,0.0470535955,0.0947288022
139,0.1283208368,0.0054146379,0.0310017537,0.0216546463,0.0469456073,0.0945834493
140,0.1279618637,0.0052745556,0.0305871323,0.0215937198,0.0468579024,0.0944794215
141,0.1275369579,0.0051126059,0.0300794675,0.021512097,0.0467443987,0.0943518019
142,0.1271728912,0.004982348,0.0296643472,0.0214450118,0.0466295995,0.0942522717
143,0.1267637061,0.0048644702,0.0292802757,0.021360454,0.0464843083,0.0941428571
144,0.1263721262,0.0047654157,0.0288909372,0.0212864344,0.0463580498,0.0940415337
145,0.1260139691,0.0046791669,0.0285287745,0.02121477,0.0462586248,0.0939480113
146,0.1256358657,0.0045687716,0.0281078109,0.0211495205,0.0461660811,0.093838652
147,0.1253421118,0.004469885,0.0277805379,0.0210943364,0.0460890322,0.0937498964
148,0.1250798983,0.0043915601,0.0274637415,0.0210564183,0.0460259656,0.0936562197
149,0.1248282357,0.0043122207,0.027152601,0.0210180873,0.0459589127,0.0935591019
150,0.1245904073,0.004245749,0.0268913329,0.0209911747,0.0459157289,0.0934803134
