Time [s],TGS2620,TGS2602,TGS2603,TGS2610,TGS2611,TGS2600
1,0.1373544997,0.0250346419,0.0658889065,0.0234737942,0.0487342617,0.1030908872
2,0.1375600864,0.0250023575,0.0659420679,0.0235033995,0.0487933615,0.1032554744
3,0.1377489693,0.024970116,0.0659696329,0.0235281068,0.0488483695,0.1033977845
4,0.1379256747,0.0249348683,0.0659906378,0.0235537909,0.048899765,0.1035446968
5,0.1381087087,0.0248997557,0.0660006359,0.0235742299,0.0489520934,0.1036761618
6,0.1382217529,0.024872674,0.0659621817,0.0235841581,0.0489826812,0.1037747347
7,0.1383260262,0.0248441929,0.065997134,0.0235926538,0.0490073407,0.1038517301
8,0.1384318153,0.024828567,0.0660088064,0.0236005966,0.0490346834,0.103930582
9,0.1385115856,0.0248077988,0.0660009238,0.0236092456,0.0490605906,0.104004022
10,0.1386248035,0.0247917729,0.0660292125,0.0236203086,0.0490901198,0.1040789096
11,0.1387409603,0.024785517,0.0660406194,0.0236377931,0.0491275144,0.1041688308
12,0.1388403842,0.0247713047,0.0660375118,0.0236457829,0.0491532254,0.1042337453
13,0.1389235532,0.024765709,0.0660459906,0.0236582852,0.0491808654,0.1042991559
14,0.1389897398,0.0247523236,0.06601005,0.0236640901,0.0492016762,0.1043637205
15,0.1390710053,0.0247445233,0.0660610568,0.023670782,0.0492235103,0.104421459
16,0.1391379368,0.0247416299,0.0661048961,0.0236787997,0.0492489088,0.1044766102
17,0.1392051442,0.0247403891,0.0660807293,0.0236840892,0.0492600028,0.1045187441
18,0.1392507417,0.0247356341,0.0661228824,0.0236860304,0.0492790266,0.1045592379
19,0.1393175852,0.0247380388,0.0661611475,0.0236991431,0.0492960255,0.1046147845
20,0.1393645594,0.024731963,0.0660943017,0.0236977241,0.0493047938,0.1046478095
21,0.1394382298,0.0247326324,0.0661609295,0.0237106817,0.0493381194,0.1047029936
22,0.1395113152,0.0247386725,0.0662376887,0.023721857,0.0493599182,0.1047643801
23,0.1395792646,0.0247390972,0.0661959477,0.0237321565,0.0493881142,0.1048172173
24,0.139643822,0.0247342572,0.0662196644,0.0237440158,0.0494109793,0.1048723423
25,0.139734944,0.0247507849,0.066305017,0.0237630757,0.049476928,0.1049089399
26,0.1399227777,0.0247696185,0.0664063177,0.0237971289,0.0496135338,0.1049410027
27,0.1401838419,0.0247788063,0.0664234717,0.0238476324,0.0497691502,0.1049752402
28,0.1404838905,0.0247860169,0.0664672137,0.0238918782,0.0499023165,0.1050116157
29,0.1409289479,0.0247942783,0.0664869148,0.0239588437,0.0500888153,0.1050674296
30,0.1413916079,0.0248040863,0.0665626008,0.0240288329,0.0502541772,0.1051087739
31,0.1419851868,0.0248187214,0.066627118,0.0241061831,0.0504586881,0.105144451
32,0.1427118565,0.0248576669,0.0667595387,0.0242030589,0.050698127,0.1051808879
33,0.1435645202,0.0249657415,0.0670169041,0.0243323409,0.0509897293,0.1052253642
34,0.144729595,0.0251661634,0.0672783146,0.0245049584,0.0513823355,0.1052832759
35,0.1457597003,0.0253949943,0.0675840591,0.0246558936,0.0517026658,0.1053394535
36,0.1467726573,0.0256603325,0.067995597,0.0247942939,0.0520004966,0.10539251
37,0.14779692,0.0259650253,0.0683769979,0.0249314601,0.0522741672,0.1054476408
38,0.148752016,0.0263081551,0.0687820806,0.0250661557,0.0525350672,0.1055096341
39,0.1497863074,0.0267953615,0.0693641008,0.0252275041,0.0528283897,0.1055969036
40,0.1505791547,0.0272520818,0.0698904748,0.0253563791,0.0530405902,0.1056772179
41,0.1512940955,0.0277217426,0.0703751781,0.0254820581,0.0532283482,0.1057656752
42,0.1519697512,0.0281900603,0.0709184992,0.0255901557,0.0533987179,0.105868157
43,0.1527192892,0.0287398368,0.0714774137,0.0257123961,0.05359532,0.1060143125
44,0.1532826798,0.0291539004,0.07189615,0.0258047147,0.0537401284,0.1061637997
45,0.1537405527,0.029556531,0.07233171,0.0258868284,0.0538444276,0.1062921021
46,0.1542062444,0.0299554068,0.0728596682,0.0259660523,0.0539700019,0.106432049
47,0.1546630654,0.0303388416,0.0732996469,0.0260441528,0.054113513,0.1065767261
48,0.1552073802,0.0307590407,0.0738009081,0.026133247,0.0542879287,0.1067418692
49,0.155698574,0.0311043033,0.0742062304,0.0262098802,0.0544460719,0.1069055071
50,0.1561089362,0.0314340546,0.074566432,0.0262936496,0.054584025,0.1070499719
51,0.1564771852,0.0317519057,0.0749680513,0.0263779696,0.0547244843,0.1072078306
52,0.156829425,0.0320270859,0.0752818851,0.026455993,0.0548299701,0.1073642362
53,0.1572654457,0.0324192853,0.0757133244,0.026551699,0.0549564845,0.1075695372
54,0.1575503909,0.0327965561,0.0761324559,0.0266280185,0.0550267249,0.1077374521
55,0.1578354687,0.0332018446,0.0765342746,0.0267112487,0.0551103139,0.1079210872
56,0.1581097234,0.0335821025,0.0770184945,0.026789495,0.0551631794,0.108145523
57,0.1583858569,0.0338603992,0.0773171018,0.0268151112,0.0551819792,0.1083489372
58,0.1586882151,0.0340226873,0.0775234222,0.0268283221,0.0551946807,0.1085593715
59,0.158954586,0.0340336558,0.0776137775,0.0268294195,0.0552204587,0.1087176697
60,0.1593054409,0.0339879283,0.0775976881,0.0268517059,0.0552840508,0.1088566846
61,0.1596496063,0.0339377446,0.0776611776,0.0268934984,0.0553778012,0.1089788451
62,0.1599319373,0.0339376308,0.0776964949,0.0269370881,0.0554360607,0.1091124559
63,0.160065555,0.0339982042,0.0778119436,0.0269758265,0.055464992,0.1092303372
64,0.1601069057,0.0340980131,0.0779264817,0.027005543,0.0554519883,0.1093365282
65,0.159998826,0.034216713,0.0780487022,0.0270211778,0.0553964556,0.1094502456
66,0.1597678671,0.0343083753,0.0781638357,0.0270043584,0.0553128074,0.1095660429
67,0.159378964,0.0343137184,0.0781449296,0.0269639277,0.055193126,0.1097200391
68,0.1590096285,0.0342526151,0.0780824358,0.0269281433,0.0550790876,0.1098444704
69,0.1586371525,0.0341518718,0.0779993793,0.0268683699,0.0549600215,0.1099618474
70,0.1582562006,0.0340389375,0.0778825436,0.0268178638,0.0548382994,0.1100640684
71,0.1578757117,0.0339247036,0.0776986221,0.0267686352,0.0547306157,0.1101723581
72,0.1574654339,0.0337953628,0.077666783,0.0267040133,0.0546036699,0.1102939483
73,0.1571301105,0.0337047861,0.0775202893,0.0266550001,0.0545137174,0.1104039805
74,0.1568341819,0.0336360283,0.0773822115,0.0266136878,0.0544334129,0.1105027698
75,0.1565793421,0.0335864024,0.0772983948,0.0265764893,0.0543619547,0.1105944247
76,0.1563467221,0.033549468,0.0772494839,0.0265478396,0.0543012426,0.1106968289
77,0.156110953,0.0335257121,0.0770999178,0.0265139641,0.0542476223,0.1108246468
78,0.1559507758,0.0335094693,0.0770944438,0.0264949142,0.0542139163,0.110928641
79,0.1558176755,0.0334914475,0.0769367099,0.0264786311,0.054192179,0.1110410356
80,0.1556917667,0.0334721026,0.0768930858,0.0264593855,0.0541549325,0.1111441356
81,0.155574334,0.0334424527,0.0768399131,0.0264430757,0.0541259714,0.1112425882
82,0.1554500439,0.0334044851,0.0767941244,0.0264208088,0.0540789826,0.1113248201
83,0.1553597842,0.0333730622,0.0767480357,0.0264080623,0.0540537565,0.1114203361
84,0.1552636711,0.0333356392,0.076702824,0.0263882634,0.0540284341,0.1115181062
85,0.1551657981,0.0332956436,0.0765667265,0.0263728821,0.0540024166,0.1116083613
86,0.1550551598,0.0332391697,0.0765216989,0.0263490864,0.0539700156,0.1116920909
87,0.1549633206,0.0331996302,0.076479942,0.0263309645,0.0539316647,0.1117615867
88,0.1548606227,0.033155359,0.0763965754,0.0263164518,0.0539070108,0.1118274135
89,0.1547695977,0.0331138597,0.0763356905,0.0262935227,0.0538785345,0.1118888741
90,0.1546842291,0.0330808412,0.076287022,0.0262770946,0.0538574122,0.1119449744
91,0.1546018289,0.0330480361,0.0762214938,0.0262758532,0.0538319838,0.1120222041
92,0.154549505,0.0330224569,0.0761904542,0.0262583265,0.0538130151,0.112073456
93,0.1544921182,0.0330019669,0.07618682,0.0262551904,0.0538009315,0.1121369041
94,0.1544347203,0.0329810735,0.076111116,0.0262424388,0.0537791721,0.1121785481
95,0.1543864338,0.0329707396,0.0761906222,0.0262361558,0.0537730766,0.1122351464
96,0.1543233648,0.0329583368,0.0760651913,0.0262249493,0.0537597923,0.1122917133
97,0.1542796421,0.0329518925,0.0760651961,0.0262192973,0.0537456344,0.1123413892
98,0.1542221205,0.0329467795,0.0760444884,0.0262154854,0.0537341445,0.1123749388
99,0.1541855907,0.0329397544,0.0760735005,0.0262093261,0.0537288033,0.1124219985
100,0.1541529749,0.0329315613,0.0760762619,0.026196106,0.053716682,0.1124693224
101,0.1541064129,0.0329242332,0.0760425774,0.0261829783,0.0537031015,0.112510844
102,0.1540545614,0.0329137894,0.0760212532,0.0261682474,0.0536919578,0.1125412271
103,0.1539832683,0.0328911968,0.0759375131,0.0261526351,0.0536780842,0.1125591212
104,0.1538813611,0.03283568,0.0759797258,0.0261437811,0.0536619228,0.1125628999
105,0.1537803646,0.0327465194,0.075950377,0.0261423475,0.0536380728,0.1125473586
106,0.1534941104,0.0326084751,0.0757904218,0.0261190492,0.0535661359,0.1125483834
107,0.1531244008,0.0323888134,0.0755864459,0.0260688524,0.0534365491,0.1125206951
108,0.1526604043,0.0319168979,0.0752334899,0.0259637646,0.0532128226,0.1124394545
109,0.1521439581,0.0312614085,0.0746864733,0.0258348347,0.0529587656,0.1123164135
110,0.1515066816,0.0303998716,0.0739241167,0.0256719331,0.052688077,0.1121340961
111,0.1509978878,0.0296837421,0.0733057616,0.0255464293,0.0524804354,0.1119555198
112,0.150542898,0.0289975293,0.072574098,0.0254260901,0.0523050914,0.1117695007
113,0.1501264619,0.028363826,0.0719241751,0.025322183,0.0521513809,0.111571972
114,0.1497315794,0.0278193061,0.0714038908,0.0252400837,0.0520212373,0.1113789923
115,0.1493375554,0.0272412647,0.070659341,0.0251658453,0.0519125018,0.1111772481
116,0.1490424208,0.0268056642,0.070201718,0.0251064425,0.0518351611,0.1110217462
117,0.148792572,0.026429662,0.0697049588,0.0250502355,0.0517570728,0.1108626334
118,0.1485706264,0.0260992945,0.0693054066,0.0250055851,0.0516975771,0.1106988062
119,0.1483955116,0.0258117358,0.0688961116,0.0249686611,0.051638561,0.1105427094
120,0.1483084913,0.0256854107,0.068753867,0.0249668138,0.0516146781,0.1103696853
121,0.1482815671,0.0256812896,0.068830801,0.0249781173,0.0516049027,0.1102449212
122,0.1482688339,0.0257400737,0.0689013946,0.0249892926,0.05161319,0.1101194549
123,0.1482361578,0.0258438556,0.0690908209,0.0250004208,0.051622798,0.1100151655
124,0.148193426,0.0259544482,0.0692681162,0.0250048756,0.0516105755,0.109913658
125,0.1481672213,0.0260631256,0.0694600056,0.0250021339,0.0515776756,0.1098081072
126,0.1481361782,0.0261535836,0.0696241158,0.0249974388,0.0515689356,0.1097268838
127,0.1480979524,0.0262748964,0.0697637148,0.0249987642,0.051562992,0.1096458038
128,0.1480600653,0.0264278103,0.0699872126,0.0249959212,0.0515755713,0.1095909451
129,0.1480470554,0.0266490841,0.0702213669,0.0250000906,0.0515923332,0.1095397404
130,0.1479947061,0.026848137,0.0703891553,0.025009511,0.0515882836,0.109524428
131,0.1478338692,0.026957708,0.070427853,0.0249838625,0.0515262222,0.1095278662
132,0.1476608284,0.0269431713,0.070258556,0.0249355431,0.0514626786,0.1095339819
133,0.1475183524,0.0268586651,0.0701283492,0.0249018853,0.0514214481,0.1095108868
134,0.1473739118,0.0267479331,0.0698457241,0.0248755995,0.0513984369,0.1094733871
135,0.1472671214,0.0266761088,0.0696949319,0.0248705257,0.051388156,0.109448648
136,0.1471424312,0.0265991556,0.0696112176,0.0248524896,0.0513438186,0.1094149939
137,0.1469810207,0.0265181262,0.0694092904,0.0248208141,0.0512765725,0.1093745512
138,0.1468146139,0.0263900722,0.0691979263,0.0247890267,0.0512142874,0.1093328085
139,0.1466564531,0.0262030235,0.0689112607,0.0247442323,0.0511666237,0.1092801992
140,0.1465484336,0.0260427632,0.068725822,0.0246934755,0.0511437468,0.1092214081
141,0.1464841715,0.0259094607,0.0685680323,0.0246925453,0.051128872,0.1091831326
142,0.1464101417,0.0257997818,0.0684479929,0.0246782976,0.0511027415,0.1091369759
143,0.146340833,0.0257214013,0.0682756963,0.0246796041,0.0510895058,0.1090969881
144,0.1462675667,0.0256457782,0.0681446706,0.0246716439,0.0510725414,0.1090408856
145,0.1462184464,0.0256217154,0.0681155498,0.0246663743,0.0510650776,0.109003486
146,0.1461333618,0.0255993932,0.0680343413,0.0246592076,0.051037776,0.1089528064
147,0.1460224795,0.0255563672,0.0679015586,0.0246388255,0.0509935957,0.108919591
148,0.1458715356,0.0254500788,0.0677381398,0.0246112954,0.0509398054,0.1088780719
149,0.145772771,0.0253360182,0.067569958,0.0245869254,0.0509129418,0.1088349039
150,0.145669743,0.0251972661,0.067405707,0.0245723859,0.0508911057,0.1087827324
